"Año","Mes","Pais","entradas","salidas","flujoNeto","flujoBruto","mes","fecha","rankFlujos"
2012,"Enero","Islas Alboran y Perejil",1,0,1,1,1,"2012-1",187
2012,"Enero","Albania",3,0,3,3,1,"2012-1",143
2012,"Enero","Alemania",3835,1812,2023,5647,1,"2012-1",14
2012,"Enero","Andorra",17,1,16,18,1,"2012-1",99
2012,"Enero","Angola",2,28,-26,30,1,"2012-1",81
2012,"Enero","Antigua y Barbuda",2,9,-7,11,1,"2012-1",104
2012,"Enero","Países Bajos",2216,1783,433,3999,1,"2012-1",19
2012,"Enero","Argelia",7,24,-17,31,1,"2012-1",79
2012,"Enero","Argentina",11778,7043,4735,18821,1,"2012-1",6
2012,"Enero","Aruba",2,6719,-6717,6721,1,"2012-1",12
2012,"Enero","Australia",1057,973,84,2030,1,"2012-1",22
2012,"Enero","Austria",479,59,420,538,1,"2012-1",37
2012,"Enero","Azerbaiyán",3,6,-3,9,1,"2012-1",108
2012,"Enero","Bahamas",7,238,-231,245,1,"2012-1",49
2012,"Enero","Bahréin",1,1,0,2,1,"2012-1",153
2012,"Enero","Bangladesh",1,1,0,2,1,"2012-1",153
2012,"Enero","Barbados",6,10,-4,16,1,"2012-1",100
2012,"Enero","República de Belarús",10,42,-32,52,1,"2012-1",73
2012,"Enero","Bélgica",552,242,310,794,1,"2012-1",30
2012,"Enero","Belice",20,7,13,27,1,"2012-1",85
2012,"Enero","Bermudas/Territorio Británico de Ultramar",2,2,0,4,1,"2012-1",137
2012,"Enero","Bolivia",916,686,230,1602,1,"2012-1",24
2012,"Enero","Bosnia y Herzegovina",1,0,1,1,1,"2012-1",187
2012,"Enero","Botsuana",1,3,-2,4,1,"2012-1",137
2012,"Enero","Brasil",9810,5022,4788,14832,1,"2012-1",9
2012,"Enero","Bulgaria",21,4,17,25,1,"2012-1",86
2012,"Enero","Burkina Faso",1,1,0,2,1,"2012-1",153
2012,"Enero","Islas Caimán/Territorio Británico de Ultramar",10,64,-54,74,1,"2012-1",66
2012,"Enero","Camerún",3,3,0,6,1,"2012-1",120
2012,"Enero","Canadá",6429,6683,-254,13112,1,"2012-1",10
2012,"Enero","Chad",2,1,1,3,1,"2012-1",143
2012,"Enero","España",7546,21122,-13576,28668,1,"2012-1",5
2012,"Enero","República Democrática del Congo",3,21,-18,24,1,"2012-1",90
2012,"Enero","República de Corea",489,33,456,522,1,"2012-1",38
2012,"Enero","Costa de Marfil",2,2,0,4,1,"2012-1",137
2012,"Enero","Costa Rica",2067,3123,-1056,5190,1,"2012-1",16
2012,"Enero","Croacia",29,1,28,30,1,"2012-1",81
2012,"Enero","Cuba",454,1905,-1451,2359,1,"2012-1",20
2012,"Enero","Curazao",2,1568,-1566,1570,1,"2012-1",26
2012,"Enero","República Checa",136,18,118,154,1,"2012-1",57
2012,"Enero","Chile",5529,6528,-999,12057,1,"2012-1",11
2012,"Enero","China",377,275,102,652,1,"2012-1",35
2012,"Enero","Chipre",3,2,1,5,1,"2012-1",127
2012,"Enero","Dinamarca",243,47,196,290,1,"2012-1",47
2012,"Enero","Dominica",6,28,-22,34,1,"2012-1",76
2012,"Enero","Ecuador",7962,35982,-28020,43944,1,"2012-1",3
2012,"Enero","Egipto",9,183,-174,192,1,"2012-1",52
2012,"Enero","El Salvador",927,1306,-379,2233,1,"2012-1",21
2012,"Enero","Eslovaquia",53,4,49,57,1,"2012-1",69
2012,"Enero","Eslovenia",78,7,71,85,1,"2012-1",62
2012,"Enero","Estados Unidos de América",21687,79984,-58297,101671,1,"2012-1",1
2012,"Enero","Estonia",24,0,24,24,1,"2012-1",90
2012,"Enero","Etiopia",2,4,-2,6,1,"2012-1",120
2012,"Enero","Filipinas",174,17,157,191,1,"2012-1",53
2012,"Enero","Finlandia",559,23,536,582,1,"2012-1",36
2012,"Enero","Francia",3436,2910,526,6346,1,"2012-1",13
2012,"Enero","Gabón",1,7,-6,8,1,"2012-1",110
2012,"Enero","Georgia",1,5,-4,6,1,"2012-1",120
2012,"Enero","Ghana",5,5,0,10,1,"2012-1",105
2012,"Enero","Granada",1,2,-1,3,1,"2012-1",143
2012,"Enero","Grecia",110,10,100,120,1,"2012-1",58
2012,"Enero","Guatemala",614,984,-370,1598,1,"2012-1",25
2012,"Enero","Guyana",5,22,-17,27,1,"2012-1",85
2012,"Enero","Guinea",1,8,-7,9,1,"2012-1",108
2012,"Enero","Guinea Ecuatorial",1,21,-20,22,1,"2012-1",94
2012,"Enero","Guayana Francesa/Departamento de Ultramar Francés",1,0,1,1,1,"2012-1",187
2012,"Enero","Haití",31,50,-19,81,1,"2012-1",64
2012,"Enero","Honduras",346,472,-126,818,1,"2012-1",29
2012,"Enero","Hungría",102,13,89,115,1,"2012-1",59
2012,"Enero","India",280,85,195,365,1,"2012-1",41
2012,"Enero","Indonesia",33,22,11,55,1,"2012-1",71
2012,"Enero","Irán",17,7,10,24,1,"2012-1",90
2012,"Enero","República de Irlanda",225,33,192,258,1,"2012-1",48
2012,"Enero","Islandia",15,8,7,23,1,"2012-1",91
2012,"Enero","Isla de Man",294,0,294,294,1,"2012-1",46
2012,"Enero","Isla Johnston",2,0,2,2,1,"2012-1",153
2012,"Enero","Israel",558,228,330,786,1,"2012-1",31
2012,"Enero","Islas Aland/Provincia de Finlandia",1,0,1,1,1,"2012-1",187
2012,"Enero","Isla Wake",1,0,1,1,1,"2012-1",187
2012,"Enero","Italia",3157,1665,1492,4822,1,"2012-1",17
2012,"Enero","Islas del Canal",1,0,1,1,1,"2012-1",187
2012,"Enero","Jamaica",46,272,-226,318,1,"2012-1",44
2012,"Enero","Islas Marianas del Norte",1,0,1,1,1,"2012-1",187
2012,"Enero","Japón",643,101,542,744,1,"2012-1",33
2012,"Enero","Jordania",2,4,-2,6,1,"2012-1",120
2012,"Enero","Kazajistán",2,7,-5,9,1,"2012-1",108
2012,"Enero","Kenia",21,11,10,32,1,"2012-1",78
2012,"Enero","Kuwait",1,4,-3,5,1,"2012-1",127
2012,"Enero","Letonia",23,5,18,28,1,"2012-1",82
2012,"Enero","Lituania",19,5,14,24,1,"2012-1",90
2012,"Enero","Líbano",53,27,26,80,1,"2012-1",65
2012,"Enero","Libia",1,0,1,1,1,"2012-1",187
2012,"Enero","Liechtenstein",5,0,5,5,1,"2012-1",127
2012,"Enero","Luxemburgo",10,9,1,19,1,"2012-1",97
2012,"Enero","Macedonia",1,0,1,1,1,"2012-1",187
2012,"Enero","Malasia",30,23,7,53,1,"2012-1",72
2012,"Enero","Malta",5,13,-8,18,1,"2012-1",99
2012,"Enero","Marruecos",8,13,-5,21,1,"2012-1",95
2012,"Enero","Mauricio",3,1,2,4,1,"2012-1",137
2012,"Enero","México",6156,12040,-5884,18196,1,"2012-1",7
2012,"Enero","República de Moldavia",3,2,1,5,1,"2012-1",127
2012,"Enero","Mónaco",2,2,0,4,1,"2012-1",137
2012,"Enero","Myanmar",1,0,1,1,1,"2012-1",187
2012,"Enero","Namibia",1,0,1,1,1,"2012-1",187
2012,"Enero","Nepal",4,0,4,4,1,"2012-1",137
2012,"Enero","Nicaragua",134,212,-78,346,1,"2012-1",43
2012,"Enero","Nigeria",17,38,-21,55,1,"2012-1",71
2012,"Enero","Noruega",271,75,196,346,1,"2012-1",43
2012,"Enero","Nueva Zelanda",133,60,73,193,1,"2012-1",51
2012,"Enero","Pakistán",20,2,18,22,1,"2012-1",94
2012,"Enero","Panamá",2400,34679,-32279,37079,1,"2012-1",4
2012,"Enero","Paraguay",238,127,111,365,1,"2012-1",41
2012,"Enero","Perú",6581,9629,-3048,16210,1,"2012-1",8
2012,"Enero","Palestina",5,2,3,7,1,"2012-1",112
2012,"Enero","Polonia",277,27,250,304,1,"2012-1",45
2012,"Enero","Portugal",391,74,317,465,1,"2012-1",39
2012,"Enero","Puerto Rico/Territorio de Estados Unidos",1,705,-704,706,1,"2012-1",34
2012,"Enero","Reino Unido de Gran Bretaña e Irlanda del Norte",2105,2650,-545,4755,1,"2012-1",18
2012,"Enero","República CentroÁfricana",1,0,1,1,1,"2012-1",187
2012,"Enero","Federación de Rusia",701,61,640,762,1,"2012-1",32
2012,"Enero","República Dominicana",667,4674,-4007,5341,1,"2012-1",15
2012,"Enero","República Democrática Popular de Corea",2,0,2,2,1,"2012-1",153
2012,"Enero","Rumania",96,12,84,108,1,"2012-1",60
2012,"Enero","Rwanda",2,0,2,2,1,"2012-1",153
2012,"Enero","San Marino",3,0,3,3,1,"2012-1",143
2012,"Enero","San  Vicente y las Granadinas",2,0,2,2,1,"2012-1",153
2012,"Enero","Santa Lucia",5,1,4,6,1,"2012-1",120
2012,"Enero","Santa Sede/Ciudad del Vaticano",2,0,2,2,1,"2012-1",153
2012,"Enero","Santo Tomé y Príncipe",1,0,1,1,1,"2012-1",187
2012,"Enero","Senegal",1,0,1,1,1,"2012-1",187
2012,"Enero","Serbia",9,3,6,12,1,"2012-1",102
2012,"Enero","Sierra Leona",1,0,1,1,1,"2012-1",187
2012,"Enero","Singapur",25,25,0,50,1,"2012-1",74
2012,"Enero","República Árabe Siria",6,0,6,6,1,"2012-1",120
2012,"Enero","Sri Lanka",2,3,-1,5,1,"2012-1",127
2012,"Enero","Sudáfrica",114,61,53,175,1,"2012-1",55
2012,"Enero","Sudán",4,3,1,7,1,"2012-1",112
2012,"Enero","Suecia",634,320,314,954,1,"2012-1",27
2012,"Enero","Suiza",1075,760,315,1835,1,"2012-1",23
2012,"Enero","Surinam",36,10,26,46,1,"2012-1",75
2012,"Enero","Taiwán",93,9,84,102,1,"2012-1",61
2012,"Enero","Tailandia",8,11,-3,19,1,"2012-1",97
2012,"Enero","Territorio Antártico Británico/Territorio Británico de Ultramar",8,0,8,8,1,"2012-1",110
2012,"Enero","Tanzania",3,1,2,4,1,"2012-1",137
2012,"Enero","República Democrática de Timor Oriental",1,2,-1,3,1,"2012-1",143
2012,"Enero","Togo",1,0,1,1,1,"2012-1",187
2012,"Enero","Trinidad y Tobago",83,144,-61,227,1,"2012-1",50
2012,"Enero","Túnez",2,2,0,4,1,"2012-1",137
2012,"Enero","Turkmenistán",1,0,1,1,1,"2012-1",187
2012,"Enero","Turquía",141,18,123,159,1,"2012-1",56
2012,"Enero","Ucrania",61,0,61,61,1,"2012-1",68
2012,"Enero","Uganda",9,2,7,11,1,"2012-1",104
2012,"Enero","Uruguay",704,174,530,878,1,"2012-1",28
2012,"Enero","Uzbekistán",1,0,1,1,1,"2012-1",187
2012,"Enero","Venezuela",21259,52983,-31724,74242,1,"2012-1",2
2012,"Enero","Vietnam",2,3,-1,5,1,"2012-1",127
2012,"Enero","Yugoslavia",4,1,3,5,1,"2012-1",127
2012,"Enero","Zimbabue",2,0,2,2,1,"2012-1",153
2012,"Enero","Desconocido",1,31,-30,32,1,"2012-1",78
2012,"Febrero","Albania",1,2,-1,3,2,"2012-2",140
2012,"Febrero","Alemania",3956,1288,2668,5244,2,"2012-2",12
2012,"Febrero","Andorra",5,3,2,8,2,"2012-2",103
2012,"Febrero","Angola",4,9,-5,13,2,"2012-2",93
2012,"Febrero","Antigua y Barbuda",3,2,1,5,2,"2012-2",118
2012,"Febrero","Países Bajos",2215,1617,598,3832,2,"2012-2",16
2012,"Febrero","Arabia Saudita",3,19,-16,22,2,"2012-2",81
2012,"Febrero","Argelia",2,16,-14,18,2,"2012-2",86
2012,"Febrero","Argentina",10092,6143,3949,16235,2,"2012-2",6
2012,"Febrero","República de Armenia",5,0,5,5,2,"2012-2",118
2012,"Febrero","Aruba",2,4023,-4021,4025,2,"2012-2",14
2012,"Febrero","Australia",844,629,215,1473,2,"2012-2",22
2012,"Febrero","Austria",446,43,403,489,2,"2012-2",37
2012,"Febrero","Azerbaiyán",2,3,-1,5,2,"2012-2",118
2012,"Febrero","Bahamas",23,136,-113,159,2,"2012-2",51
2012,"Febrero","Bahréin",1,3,-2,4,2,"2012-2",126
2012,"Febrero","Bangladesh",3,1,2,4,2,"2012-2",126
2012,"Febrero","Barbados",9,20,-11,29,2,"2012-2",75
2012,"Febrero","República de Belarús",6,9,-3,15,2,"2012-2",92
2012,"Febrero","Bélgica",514,112,402,626,2,"2012-2",33
2012,"Febrero","Belice",9,3,6,12,2,"2012-2",94
2012,"Febrero","Benín",4,2,2,6,2,"2012-2",111
2012,"Febrero","Bolivia",776,590,186,1366,2,"2012-2",24
2012,"Febrero","Bosnia y Herzegovina",3,0,3,3,2,"2012-2",140
2012,"Febrero","Brasil",7828,4611,3217,12439,2,"2012-2",9
2012,"Febrero","Bulgaria",15,3,12,18,2,"2012-2",86
2012,"Febrero","Burundi",1,1,0,2,2,"2012-2",152
2012,"Febrero","Islas Caimán/Territorio Británico de Ultramar",1,9,-8,10,2,"2012-2",99
2012,"Febrero","Camboya",2,1,1,3,2,"2012-2",140
2012,"Febrero","Camerún",3,0,3,3,2,"2012-2",140
2012,"Febrero","Canadá",5796,2668,3128,8464,2,"2012-2",11
2012,"Febrero","España",7325,15919,-8594,23244,2,"2012-2",5
2012,"Febrero","República Democrática del Congo",4,4,0,8,2,"2012-2",103
2012,"Febrero","República de Corea",562,46,516,608,2,"2012-2",34
2012,"Febrero","Costa de Marfil",1,0,1,1,2,"2012-2",178
2012,"Febrero","Costa Rica",1684,1806,-122,3490,2,"2012-2",17
2012,"Febrero","Croacia",44,3,41,47,2,"2012-2",69
2012,"Febrero","Cuba",338,920,-582,1258,2,"2012-2",26
2012,"Febrero","Curazao",4,919,-915,923,2,"2012-2",29
2012,"Febrero","República Checa",101,13,88,114,2,"2012-2",57
2012,"Febrero","Chile",7906,4402,3504,12308,2,"2012-2",10
2012,"Febrero","China",621,868,-247,1489,2,"2012-2",21
2012,"Febrero","Chipre",1,2,-1,3,2,"2012-2",140
2012,"Febrero","Dinamarca",214,27,187,241,2,"2012-2",47
2012,"Febrero","República de Yibuti",1,0,1,1,2,"2012-2",178
2012,"Febrero","Dominica",10,7,3,17,2,"2012-2",89
2012,"Febrero","Ecuador",9415,19279,-9864,28694,2,"2012-2",4
2012,"Febrero","Egipto",24,64,-40,88,2,"2012-2",61
2012,"Febrero","El Salvador",1084,1090,-6,2174,2,"2012-2",20
2012,"Febrero","Emiratos Árabes",4,109,-105,113,2,"2012-2",58
2012,"Febrero","Eslovaquia",38,2,36,40,2,"2012-2",71
2012,"Febrero","Eslovenia",48,2,46,50,2,"2012-2",67
2012,"Febrero","Estados Unidos de América",25373,54379,-29006,79752,2,"2012-2",1
2012,"Febrero","Estonia",44,1,43,45,2,"2012-2",70
2012,"Febrero","Etiopia",3,2,1,5,2,"2012-2",118
2012,"Febrero","Filipinas",237,6,231,243,2,"2012-2",46
2012,"Febrero","Finlandia",481,11,470,492,2,"2012-2",36
2012,"Febrero","Francia",3364,1684,1680,5048,2,"2012-2",13
2012,"Febrero","Gabón",1,4,-3,5,2,"2012-2",118
2012,"Febrero","Gambia",1,0,1,1,2,"2012-2",178
2012,"Febrero","Ghana",8,0,8,8,2,"2012-2",103
2012,"Febrero","Granada",3,0,3,3,2,"2012-2",140
2012,"Febrero","Grecia",113,9,104,122,2,"2012-2",55
2012,"Febrero","Guatemala",700,609,91,1309,2,"2012-2",25
2012,"Febrero","Guyana",14,1,13,15,2,"2012-2",92
2012,"Febrero","Haití",17,31,-14,48,2,"2012-2",68
2012,"Febrero","Honduras",385,336,49,721,2,"2012-2",31
2012,"Febrero","Hungría",87,5,82,92,2,"2012-2",60
2012,"Febrero","India",368,84,284,452,2,"2012-2",38
2012,"Febrero","Indonesia",31,7,24,38,2,"2012-2",72
2012,"Febrero","Irán",20,7,13,27,2,"2012-2",77
2012,"Febrero","República de Irlanda",168,15,153,183,2,"2012-2",49
2012,"Febrero","Islandia",22,2,20,24,2,"2012-2",79
2012,"Febrero","Isla de Man",283,1,282,284,2,"2012-2",44
2012,"Febrero","Isla Johnston",3,0,3,3,2,"2012-2",140
2012,"Febrero","Israel",701,242,459,943,2,"2012-2",28
2012,"Febrero","Islas Aland/Provincia de Finlandia",1,0,1,1,2,"2012-2",178
2012,"Febrero","Isla Wake",1,0,1,1,2,"2012-2",178
2012,"Febrero","Italia",2650,1267,1383,3917,2,"2012-2",15
2012,"Febrero","Jamaica",40,97,-57,137,2,"2012-2",53
2012,"Febrero","Islas Salomón",1,0,1,1,2,"2012-2",178
2012,"Febrero","Papúa Occidental",1,0,1,1,2,"2012-2",178
2012,"Febrero","Japón",686,108,578,794,2,"2012-2",30
2012,"Febrero","Jordania",6,5,1,11,2,"2012-2",97
2012,"Febrero","Kazajistán",5,2,3,7,2,"2012-2",110
2012,"Febrero","Kenia",16,2,14,18,2,"2012-2",86
2012,"Febrero","Kirguistán",1,0,1,1,2,"2012-2",178
2012,"Febrero","Kuwait",1,6,-5,7,2,"2012-2",110
2012,"Febrero","República de Kosovo",1,0,1,1,2,"2012-2",178
2012,"Febrero","Lesoto",1,0,1,1,2,"2012-2",178
2012,"Febrero","Letonia",10,1,9,11,2,"2012-2",97
2012,"Febrero","Lituania",31,0,31,31,2,"2012-2",74
2012,"Febrero","Líbano",58,23,35,81,2,"2012-2",62
2012,"Febrero","Liechtenstein",5,2,3,7,2,"2012-2",110
2012,"Febrero","Luxemburgo",17,4,13,21,2,"2012-2",82
2012,"Febrero","Macedonia",1,0,1,1,2,"2012-2",178
2012,"Febrero","Madagascar",1,2,-1,3,2,"2012-2",140
2012,"Febrero","Malasia",35,19,16,54,2,"2012-2",64
2012,"Febrero","Malta",3,8,-5,11,2,"2012-2",97
2012,"Febrero","Marruecos",10,5,5,15,2,"2012-2",92
2012,"Febrero","Mauricio",1,0,1,1,2,"2012-2",178
2012,"Febrero","México",6080,6833,-753,12913,2,"2012-2",8
2012,"Febrero","República de Moldavia",2,1,1,3,2,"2012-2",140
2012,"Febrero","Mongolia",1,1,0,2,2,"2012-2",152
2012,"Febrero","Mozambique",1,3,-2,4,2,"2012-2",126
2012,"Febrero","Myanmar",2,0,2,2,2,"2012-2",152
2012,"Febrero","Nicaragua",141,110,31,251,2,"2012-2",45
2012,"Febrero","Nigeria",9,19,-10,28,2,"2012-2",76
2012,"Febrero","Noruega",321,49,272,370,2,"2012-2",40
2012,"Febrero","Nueva Zelanda",137,41,96,178,2,"2012-2",50
2012,"Febrero","Papúa Nueva Guinea",1,4,-3,5,2,"2012-2",118
2012,"Febrero","Pakistán",9,1,8,10,2,"2012-2",99
2012,"Febrero","Panamá",2578,26341,-23763,28919,2,"2012-2",3
2012,"Febrero","Paraguay",229,137,92,366,2,"2012-2",41
2012,"Febrero","Perú",8353,7448,905,15801,2,"2012-2",7
2012,"Febrero","Palestina",3,0,3,3,2,"2012-2",140
2012,"Febrero","Polonia",346,16,330,362,2,"2012-2",42
2012,"Febrero","Portugal",357,42,315,399,2,"2012-2",39
2012,"Febrero","Puerto Rico/Territorio de Estados Unidos",3,340,-337,343,2,"2012-2",43
2012,"Febrero","Reino Unido de Gran Bretaña e Irlanda del Norte",1817,1120,697,2937,2,"2012-2",18
2012,"Febrero","República CentroÁfricana",2,0,2,2,2,"2012-2",152
2012,"Febrero","Federación de Rusia",449,52,397,501,2,"2012-2",35
2012,"Febrero","República Dominicana",767,1900,-1133,2667,2,"2012-2",19
2012,"Febrero","Rumania",99,6,93,105,2,"2012-2",59
2012,"Febrero","Rwanda",1,0,1,1,2,"2012-2",178
2012,"Febrero","San Cristóbal y Nevis",3,1,2,4,2,"2012-2",126
2012,"Febrero","Samoa Occidental",1,0,1,1,2,"2012-2",178
2012,"Febrero","San Marino",2,0,2,2,2,"2012-2",152
2012,"Febrero","San  Vicente y las Granadinas",3,0,3,3,2,"2012-2",140
2012,"Febrero","Santa Lucia",5,2,3,7,2,"2012-2",110
2012,"Febrero","Senegal",1,3,-2,4,2,"2012-2",126
2012,"Febrero","Serbia",17,0,17,17,2,"2012-2",89
2012,"Febrero","Singapur",16,36,-20,52,2,"2012-2",66
2012,"Febrero","República Árabe Siria",1,0,1,1,2,"2012-2",178
2012,"Febrero","Sri Lanka",3,0,3,3,2,"2012-2",140
2012,"Febrero","Sudáfrica",98,17,81,115,2,"2012-2",56
2012,"Febrero","Sudán",2,0,2,2,2,"2012-2",152
2012,"Febrero","Suecia",546,161,385,707,2,"2012-2",32
2012,"Febrero","Suiza",1055,380,675,1435,2,"2012-2",23
2012,"Febrero","Surinam",27,8,19,35,2,"2012-2",73
2012,"Febrero","Taiwán",122,6,116,128,2,"2012-2",54
2012,"Febrero","Tailandia",6,17,-11,23,2,"2012-2",80
2012,"Febrero","Tíbet/Región Autónoma de China",1,0,1,1,2,"2012-2",178
2012,"Febrero","Territorio Antártico Británico/Territorio Británico de Ultramar",7,0,7,7,2,"2012-2",110
2012,"Febrero","Tanzania",7,0,7,7,2,"2012-2",110
2012,"Febrero","Trinidad y Tobago",71,139,-68,210,2,"2012-2",48
2012,"Febrero","Túnez",1,1,0,2,2,"2012-2",152
2012,"Febrero","Turquía",109,42,67,151,2,"2012-2",52
2012,"Febrero","Ucrania",51,1,50,52,2,"2012-2",66
2012,"Febrero","Uganda",4,0,4,4,2,"2012-2",126
2012,"Febrero","Uruguay",843,166,677,1009,2,"2012-2",27
2012,"Febrero","Venezuela",19227,27816,-8589,47043,2,"2012-2",2
2012,"Febrero","Vietnam",5,2,3,7,2,"2012-2",110
2012,"Febrero","Yugoslavia",1,0,1,1,2,"2012-2",178
2012,"Febrero","Zambia",4,0,4,4,2,"2012-2",126
2012,"Febrero","Zimbabue",2,0,2,2,2,"2012-2",152
2012,"Febrero","Desconocido",1,24,-23,25,2,"2012-2",78
2012,"Marzo","Albania",1,0,1,1,3,"2012-3",178
2012,"Marzo","Alemania",4190,1882,2308,6072,3,"2012-3",12
2012,"Marzo","Andorra",11,0,11,11,3,"2012-3",105
2012,"Marzo","Angola",3,11,-8,14,3,"2012-3",100
2012,"Marzo","Antigua y Barbuda",3,0,3,3,3,"2012-3",144
2012,"Marzo","Países Bajos",2254,953,1301,3207,3,"2012-3",18
2012,"Marzo","Arabia Saudita",4,38,-34,42,3,"2012-3",73
2012,"Marzo","Argelia",1,18,-17,19,3,"2012-3",90
2012,"Marzo","Argentina",10335,8650,1685,18985,3,"2012-3",6
2012,"Marzo","República de Armenia",2,2,0,4,3,"2012-3",133
2012,"Marzo","Aruba",8,3140,-3132,3148,3,"2012-3",19
2012,"Marzo","Australia",824,364,460,1188,3,"2012-3",27
2012,"Marzo","Austria",343,71,272,414,3,"2012-3",38
2012,"Marzo","Azerbaiyán",3,4,-1,7,3,"2012-3",112
2012,"Marzo","Bahamas",18,244,-226,262,3,"2012-3",49
2012,"Marzo","Bahréin",1,0,1,1,3,"2012-3",178
2012,"Marzo","Bangladesh",3,0,3,3,3,"2012-3",144
2012,"Marzo","Barbados",11,25,-14,36,3,"2012-3",77
2012,"Marzo","República de Belarús",4,12,-8,16,3,"2012-3",96
2012,"Marzo","Bélgica",492,109,383,601,3,"2012-3",34
2012,"Marzo","Belice",12,7,5,19,3,"2012-3",90
2012,"Marzo","Benín",1,2,-1,3,3,"2012-3",144
2012,"Marzo","Bermudas/Territorio Británico de Ultramar",6,1,5,7,3,"2012-3",112
2012,"Marzo","Bolivia",870,620,250,1490,3,"2012-3",24
2012,"Marzo","Bosnia y Herzegovina",2,0,2,2,3,"2012-3",156
2012,"Marzo","Brasil",6287,6062,225,12349,3,"2012-3",10
2012,"Marzo","Bulgaria",13,0,13,13,3,"2012-3",102
2012,"Marzo","Islas Caimán/Territorio Británico de Ultramar",3,15,-12,18,3,"2012-3",94
2012,"Marzo","Camboya",3,3,0,6,3,"2012-3",118
2012,"Marzo","Camerún",4,0,4,4,3,"2012-3",133
2012,"Marzo","Canadá",5871,2946,2925,8817,3,"2012-3",11
2012,"Marzo","España",7652,15024,-7372,22676,3,"2012-3",5
2012,"Marzo","República Democrática del Congo",9,4,5,13,3,"2012-3",102
2012,"Marzo","República de Corea",614,34,580,648,3,"2012-3",32
2012,"Marzo","Costa de Marfil",2,1,1,3,3,"2012-3",144
2012,"Marzo","Costa Rica",1901,2006,-105,3907,3,"2012-3",15
2012,"Marzo","Croacia",70,2,68,72,3,"2012-3",66
2012,"Marzo","Cuba",321,1914,-1593,2235,3,"2012-3",21
2012,"Marzo","Curazao",9,1282,-1273,1291,3,"2012-3",26
2012,"Marzo","República Checa",120,22,98,142,3,"2012-3",57
2012,"Marzo","Chile",6146,7319,-1173,13465,3,"2012-3",9
2012,"Marzo","China",652,906,-254,1558,3,"2012-3",22
2012,"Marzo","Chipre",5,0,5,5,3,"2012-3",124
2012,"Marzo","Dinamarca",264,35,229,299,3,"2012-3",44
2012,"Marzo","Dominica",11,3,8,14,3,"2012-3",100
2012,"Marzo","Ecuador",9183,22526,-13343,31709,3,"2012-3",3
2012,"Marzo","Egipto",17,176,-159,193,3,"2012-3",52
2012,"Marzo","El Salvador",1002,1675,-673,2677,3,"2012-3",20
2012,"Marzo","Emiratos Árabes",25,104,-79,129,3,"2012-3",58
2012,"Marzo","Eslovaquia",41,3,38,44,3,"2012-3",72
2012,"Marzo","Eslovenia",53,4,49,57,3,"2012-3",69
2012,"Marzo","Estados Unidos de América",27574,76901,-49327,104475,3,"2012-3",1
2012,"Marzo","Estonia",45,1,44,46,3,"2012-3",70
2012,"Marzo","Etiopia",9,3,6,12,3,"2012-3",103
2012,"Marzo","Filipinas",205,6,199,211,3,"2012-3",51
2012,"Marzo","Finlandia",310,21,289,331,3,"2012-3",41
2012,"Marzo","Francia",2988,2414,574,5402,3,"2012-3",13
2012,"Marzo","Georgia",25,0,25,25,3,"2012-3",85
2012,"Marzo","Ghana",5,0,5,5,3,"2012-3",124
2012,"Marzo","Grecia",94,32,62,126,3,"2012-3",59
2012,"Marzo","Guatemala",861,634,227,1495,3,"2012-3",23
2012,"Marzo","Guyana",30,8,22,38,3,"2012-3",76
2012,"Marzo","Guinea Ecuatorial",1,9,-8,10,3,"2012-3",106
2012,"Marzo","Guinea Bissau",1,0,1,1,3,"2012-3",178
2012,"Marzo","Haití",39,43,-4,82,3,"2012-3",64
2012,"Marzo","Honduras",456,417,39,873,3,"2012-3",31
2012,"Marzo","Hungría",67,14,53,81,3,"2012-3",65
2012,"Marzo","India",330,67,263,397,3,"2012-3",39
2012,"Marzo","Indonesia",53,12,41,65,3,"2012-3",67
2012,"Marzo","Iraq",2,9,-7,11,3,"2012-3",105
2012,"Marzo","Irán",22,4,18,26,3,"2012-3",83
2012,"Marzo","República de Irlanda",201,20,181,221,3,"2012-3",50
2012,"Marzo","Islandia",11,4,7,15,3,"2012-3",98
2012,"Marzo","Isla de Man",394,1,393,395,3,"2012-3",40
2012,"Marzo","Isla Johnston",1,0,1,1,3,"2012-3",178
2012,"Marzo","Israel",649,234,415,883,3,"2012-3",30
2012,"Marzo","Islas Aland/Provincia de Finlandia",1,1,0,2,3,"2012-3",156
2012,"Marzo","Italia",2646,1303,1343,3949,3,"2012-3",14
2012,"Marzo","Islas del Canal",2,0,2,2,3,"2012-3",156
2012,"Marzo","Jamaica",39,229,-190,268,3,"2012-3",48
2012,"Marzo","Japón",826,147,679,973,3,"2012-3",29
2012,"Marzo","Jordania",12,6,6,18,3,"2012-3",94
2012,"Marzo","Kazajistán",5,1,4,6,3,"2012-3",118
2012,"Marzo","Kenia",13,5,8,18,3,"2012-3",94
2012,"Marzo","Kirguistán",1,0,1,1,3,"2012-3",178
2012,"Marzo","Kuwait",3,5,-2,8,3,"2012-3",108
2012,"Marzo","República de Kosovo",20,0,20,20,3,"2012-3",88
2012,"Marzo","Letonia",25,0,25,25,3,"2012-3",85
2012,"Marzo","Lituania",24,2,22,26,3,"2012-3",83
2012,"Marzo","Líbano",61,23,38,84,3,"2012-3",63
2012,"Marzo","Liberia",1,0,1,1,3,"2012-3",178
2012,"Marzo","Liechtenstein",7,0,7,7,3,"2012-3",112
2012,"Marzo","Luxemburgo",28,2,26,30,3,"2012-3",79
2012,"Marzo","Macedonia",5,0,5,5,3,"2012-3",124
2012,"Marzo","Madagascar",2,0,2,2,3,"2012-3",156
2012,"Marzo","Malasia",29,15,14,44,3,"2012-3",72
2012,"Marzo","Malawi",2,0,2,2,3,"2012-3",156
2012,"Marzo","Malta",7,8,-1,15,3,"2012-3",98
2012,"Marzo","Marruecos",16,13,3,29,3,"2012-3",81
2012,"Marzo","Mauricio",1,0,1,1,3,"2012-3",178
2012,"Marzo","México",6632,9588,-2956,16220,3,"2012-3",8
2012,"Marzo","República de Moldavia",2,2,0,4,3,"2012-3",133
2012,"Marzo","Mónaco",1,5,-4,6,3,"2012-3",118
2012,"Marzo","Mozambique",2,2,0,4,3,"2012-3",133
2012,"Marzo","Myanmar",1,0,1,1,3,"2012-3",178
2012,"Marzo","Namibia",1,0,1,1,3,"2012-3",178
2012,"Marzo","Nepal",4,2,2,6,3,"2012-3",118
2012,"Marzo","Nicaragua",157,128,29,285,3,"2012-3",45
2012,"Marzo","Nigeria",7,11,-4,18,3,"2012-3",94
2012,"Marzo","Noruega",270,47,223,317,3,"2012-3",42
2012,"Marzo","Nueva Caledonia/Territorio francés",1,1,0,2,3,"2012-3",156
2012,"Marzo","Nueva Zelanda",146,36,110,182,3,"2012-3",53
2012,"Marzo","Omán",2,1,1,3,3,"2012-3",144
2012,"Marzo","Pakistán",28,1,27,29,3,"2012-3",81
2012,"Marzo","Panamá",2385,28879,-26494,31264,3,"2012-3",4
2012,"Marzo","Paraguay",163,111,52,274,3,"2012-3",47
2012,"Marzo","Perú",7975,9331,-1356,17306,3,"2012-3",7
2012,"Marzo","Palestina",3,0,3,3,3,"2012-3",144
2012,"Marzo","Polonia",289,14,275,303,3,"2012-3",43
2012,"Marzo","Portugal",370,50,320,420,3,"2012-3",37
2012,"Marzo","Puerto Rico/Territorio de Estados Unidos",6,440,-434,446,3,"2012-3",36
2012,"Marzo","Reino Unido de Gran Bretaña e Irlanda del Norte",2095,1187,908,3282,3,"2012-3",17
2012,"Marzo","República CentroÁfricana",4,0,4,4,3,"2012-3",133
2012,"Marzo","Federación de Rusia",425,62,363,487,3,"2012-3",35
2012,"Marzo","República Dominicana",782,2785,-2003,3567,3,"2012-3",16
2012,"Marzo","Rumania",141,3,138,144,3,"2012-3",56
2012,"Marzo","San Cristóbal y Nevis",2,1,1,3,3,"2012-3",144
2012,"Marzo","San Marino",1,1,0,2,3,"2012-3",156
2012,"Marzo","San  Vicente y las Granadinas",3,0,3,3,3,"2012-3",144
2012,"Marzo","Santa Lucia",16,0,16,16,3,"2012-3",96
2012,"Marzo","Santa Sede/Ciudad del Vaticano",1,0,1,1,3,"2012-3",178
2012,"Marzo","Senegal",3,0,3,3,3,"2012-3",144
2012,"Marzo","Serbia",36,4,32,40,3,"2012-3",74
2012,"Marzo","Sierra Leona",1,1,0,2,3,"2012-3",156
2012,"Marzo","Singapur",30,59,-29,89,3,"2012-3",62
2012,"Marzo","República Árabe Siria",5,0,5,5,3,"2012-3",124
2012,"Marzo","Sri Lanka",1,2,-1,3,3,"2012-3",144
2012,"Marzo","Sudáfrica",130,26,104,156,3,"2012-3",55
2012,"Marzo","Sudán",1,0,1,1,3,"2012-3",178
2012,"Marzo","Suecia",504,105,399,609,3,"2012-3",33
2012,"Marzo","Suiza",975,398,577,1373,3,"2012-3",25
2012,"Marzo","Surinam",25,13,12,38,3,"2012-3",76
2012,"Marzo","Suazilandia",1,0,1,1,3,"2012-3",178
2012,"Marzo","Taiwán",84,14,70,98,3,"2012-3",61
2012,"Marzo","República de Tayikistán",1,1,0,2,3,"2012-3",156
2012,"Marzo","Tailandia",7,17,-10,24,3,"2012-3",86
2012,"Marzo","Territorio Antártico Británico/Territorio Británico de Ultramar",5,0,5,5,3,"2012-3",124
2012,"Marzo","Tanzania",3,1,2,4,3,"2012-3",133
2012,"Marzo","Togo",1,0,1,1,3,"2012-3",178
2012,"Marzo","Trinidad y Tobago",133,143,-10,276,3,"2012-3",46
2012,"Marzo","Túnez",7,0,7,7,3,"2012-3",112
2012,"Marzo","Turquía",117,57,60,174,3,"2012-3",54
2012,"Marzo","Ucrania",59,4,55,63,3,"2012-3",68
2012,"Marzo","Uganda",5,1,4,6,3,"2012-3",118
2012,"Marzo","Uruguay",827,228,599,1055,3,"2012-3",28
2012,"Marzo","Uzbekistán",2,0,2,2,3,"2012-3",156
2012,"Marzo","Venezuela",17692,31846,-14154,49538,3,"2012-3",2
2012,"Marzo","Vietnam",4,4,0,8,3,"2012-3",108
2012,"Marzo","Yugoslavia",1,0,1,1,3,"2012-3",178
2012,"Marzo","Zambia",1,2,-1,3,3,"2012-3",144
2012,"Marzo","Zimbabue",4,1,3,5,3,"2012-3",124
2012,"Abril","Albania",7,0,7,7,4,"2012-4",109
2012,"Abril","Alemania",2691,1727,964,4418,4,"2012-4",13
2012,"Abril","Andorra",8,5,3,13,4,"2012-4",96
2012,"Abril","Angola",2,14,-12,16,4,"2012-4",91
2012,"Abril","Antigua y Barbuda",4,0,4,4,4,"2012-4",124
2012,"Abril","Países Bajos",2291,630,1661,2921,4,"2012-4",18
2012,"Abril","Arabia Saudita",5,26,-21,31,4,"2012-4",77
2012,"Abril","Argelia",4,9,-5,13,4,"2012-4",96
2012,"Abril","Argentina",9475,5404,4071,14879,4,"2012-4",8
2012,"Abril","República de Armenia",2,0,2,2,4,"2012-4",145
2012,"Abril","Aruba",3,2098,-2095,2101,4,"2012-4",21
2012,"Abril","Australia",781,338,443,1119,4,"2012-4",26
2012,"Abril","Austria",283,71,212,354,4,"2012-4",39
2012,"Abril","Azerbaiyán",3,0,3,3,4,"2012-4",133
2012,"Abril","Bahamas",18,198,-180,216,4,"2012-4",49
2012,"Abril","Bangladesh",3,0,3,3,4,"2012-4",133
2012,"Abril","Barbados",24,19,5,43,4,"2012-4",72
2012,"Abril","República de Belarús",4,14,-10,18,4,"2012-4",88
2012,"Abril","Bélgica",393,123,270,516,4,"2012-4",34
2012,"Abril","Belice",18,5,13,23,4,"2012-4",81
2012,"Abril","Bolivia",794,581,213,1375,4,"2012-4",24
2012,"Abril","Bosnia y Herzegovina",2,0,2,2,4,"2012-4",145
2012,"Abril","Brasil",7152,4984,2168,12136,4,"2012-4",9
2012,"Abril","Bulgaria",17,3,14,20,4,"2012-4",85
2012,"Abril","Burkina Faso",1,0,1,1,4,"2012-4",169
2012,"Abril","Islas Caimán/Territorio Británico de Ultramar",2,13,-11,15,4,"2012-4",93
2012,"Abril","Camerún",2,1,1,3,4,"2012-4",133
2012,"Abril","Canadá",2910,2452,458,5362,4,"2012-4",11
2012,"Abril","España",6858,14128,-7270,20986,4,"2012-4",5
2012,"Abril","República Democrática del Congo",2,1,1,3,4,"2012-4",133
2012,"Abril","República de Corea",630,41,589,671,4,"2012-4",32
2012,"Abril","Costa de Marfil",2,0,2,2,4,"2012-4",145
2012,"Abril","Costa Rica",1964,1828,136,3792,4,"2012-4",14
2012,"Abril","Croacia",51,0,51,51,4,"2012-4",70
2012,"Abril","Cuba",381,1899,-1518,2280,4,"2012-4",20
2012,"Abril","Curazao",7,993,-986,1000,4,"2012-4",29
2012,"Abril","República Checa",62,8,54,70,4,"2012-4",65
2012,"Abril","Chile",5738,5287,451,11025,4,"2012-4",10
2012,"Abril","China",719,1247,-528,1966,4,"2012-4",22
2012,"Abril","Chipre",6,1,5,7,4,"2012-4",109
2012,"Abril","Dinamarca",212,47,165,259,4,"2012-4",45
2012,"Abril","Dominica",16,15,1,31,4,"2012-4",77
2012,"Abril","Ecuador",8128,25858,-17730,33986,4,"2012-4",3
2012,"Abril","Egipto",21,145,-124,166,4,"2012-4",53
2012,"Abril","El Salvador",1031,1821,-790,2852,4,"2012-4",19
2012,"Abril","Emiratos Árabes",7,110,-103,117,4,"2012-4",59
2012,"Abril","Eslovaquia",51,4,47,55,4,"2012-4",68
2012,"Abril","Eslovenia",48,7,41,55,4,"2012-4",68
2012,"Abril","Estados Unidos de América",23124,70221,-47097,93345,4,"2012-4",1
2012,"Abril","Estonia",10,0,10,10,4,"2012-4",102
2012,"Abril","Etiopia",3,2,1,5,4,"2012-4",118
2012,"Abril","Filipinas",143,1,142,144,4,"2012-4",55
2012,"Abril","Finlandia",119,9,110,128,4,"2012-4",58
2012,"Abril","Francia",2944,2125,819,5069,4,"2012-4",12
2012,"Abril","Georgia",1,0,1,1,4,"2012-4",169
2012,"Abril","Granada",11,1,10,12,4,"2012-4",98
2012,"Abril","Grecia",59,25,34,84,4,"2012-4",62
2012,"Abril","Guatemala",752,650,102,1402,4,"2012-4",23
2012,"Abril","Guyana",21,8,13,29,4,"2012-4",78
2012,"Abril","Guinea",2,5,-3,7,4,"2012-4",109
2012,"Abril","Guayana Francesa/Departamento de Ultramar Francés",1,0,1,1,4,"2012-4",169
2012,"Abril","Haití",35,45,-10,80,4,"2012-4",64
2012,"Abril","Honduras",425,374,51,799,4,"2012-4",30
2012,"Abril","Hungría",37,6,31,43,4,"2012-4",72
2012,"Abril","India",278,49,229,327,4,"2012-4",41
2012,"Abril","Indonesia",94,13,81,107,4,"2012-4",60
2012,"Abril","Irán",16,4,12,20,4,"2012-4",85
2012,"Abril","República de Irlanda",169,15,154,184,4,"2012-4",51
2012,"Abril","Islandia",7,1,6,8,4,"2012-4",105
2012,"Abril","Isla de Man",331,5,326,336,4,"2012-4",40
2012,"Abril","Isla Johnston",2,0,2,2,4,"2012-4",145
2012,"Abril","Israel",767,247,520,1014,4,"2012-4",27
2012,"Abril","Islas Aland/Provincia de Finlandia",1,0,1,1,4,"2012-4",169
2012,"Abril","Italia",2010,1102,908,3112,4,"2012-4",17
2012,"Abril","Jamaica",58,394,-336,452,4,"2012-4",36
2012,"Abril","Japón",591,114,477,705,4,"2012-4",31
2012,"Abril","Jordania",3,9,-6,12,4,"2012-4",98
2012,"Abril","Kazajistán",5,1,4,6,4,"2012-4",114
2012,"Abril","Kenia",8,9,-1,17,4,"2012-4",89
2012,"Abril","Kirguistán",1,0,1,1,4,"2012-4",169
2012,"Abril","Kuwait",1,4,-3,5,4,"2012-4",118
2012,"Abril","República de Kosovo",1,0,1,1,4,"2012-4",169
2012,"Abril","Letonia",10,0,10,10,4,"2012-4",102
2012,"Abril","Lituania",27,0,27,27,4,"2012-4",79
2012,"Abril","Líbano",53,29,24,82,4,"2012-4",63
2012,"Abril","Liechtenstein",5,1,4,6,4,"2012-4",114
2012,"Abril","Luxemburgo",13,9,4,22,4,"2012-4",82
2012,"Abril","Macedonia",2,0,2,2,4,"2012-4",145
2012,"Abril","Madagascar",1,0,1,1,4,"2012-4",169
2012,"Abril","Malasia",29,8,21,37,4,"2012-4",73
2012,"Abril","Malawi",1,0,1,1,4,"2012-4",169
2012,"Abril","Malta",5,4,1,9,4,"2012-4",104
2012,"Abril","Marruecos",10,9,1,19,4,"2012-4",87
2012,"Abril","Mauricio",1,0,1,1,4,"2012-4",169
2012,"Abril","México",6759,8940,-2181,15699,4,"2012-4",6
2012,"Abril","Mónaco",2,1,1,3,4,"2012-4",133
2012,"Abril","Montenegro",1,0,1,1,4,"2012-4",169
2012,"Abril","Mozambique",2,2,0,4,4,"2012-4",124
2012,"Abril","Namibia",2,0,2,2,4,"2012-4",145
2012,"Abril","Nepal",4,0,4,4,4,"2012-4",124
2012,"Abril","Nicaragua",152,107,45,259,4,"2012-4",45
2012,"Abril","Nigeria",7,25,-18,32,4,"2012-4",74
2012,"Abril","Níger",1,0,1,1,4,"2012-4",169
2012,"Abril","Noruega",189,54,135,243,4,"2012-4",47
2012,"Abril","Nueva Zelanda",141,36,105,177,4,"2012-4",52
2012,"Abril","Pakistán",23,0,23,23,4,"2012-4",81
2012,"Abril","Panamá",2251,26076,-23825,28327,4,"2012-4",4
2012,"Abril","Paraguay",198,123,75,321,4,"2012-4",42
2012,"Abril","Perú",6829,8186,-1357,15015,4,"2012-4",7
2012,"Abril","Palestina",3,0,3,3,4,"2012-4",133
2012,"Abril","Polonia",235,14,221,249,4,"2012-4",46
2012,"Abril","Portugal",353,76,277,429,4,"2012-4",37
2012,"Abril","Puerto Rico/Territorio de Estados Unidos",5,409,-404,414,4,"2012-4",38
2012,"Abril","Reino Unido de Gran Bretaña e Irlanda del Norte",1784,1428,356,3212,4,"2012-4",16
2012,"Abril","Federación de Rusia",417,41,376,458,4,"2012-4",35
2012,"Abril","República Dominicana",736,2681,-1945,3417,4,"2012-4",15
2012,"Abril","Rumania",125,13,112,138,4,"2012-4",56
2012,"Abril","San Cristóbal y Nevis",5,2,3,7,4,"2012-4",109
2012,"Abril","San Marino",4,0,4,4,4,"2012-4",124
2012,"Abril","San  Vicente y las Granadinas",6,0,6,6,4,"2012-4",114
2012,"Abril","Santa Lucia",11,2,9,13,4,"2012-4",96
2012,"Abril","Santa Sede/Ciudad del Vaticano",1,0,1,1,4,"2012-4",169
2012,"Abril","Senegal",1,2,-1,3,4,"2012-4",133
2012,"Abril","Serbia",6,0,6,6,4,"2012-4",114
2012,"Abril","Singapur",24,44,-20,68,4,"2012-4",66
2012,"Abril","República Árabe Siria",3,0,3,3,4,"2012-4",133
2012,"Abril","Sri Lanka",2,2,0,4,4,"2012-4",124
2012,"Abril","Sudáfrica",94,37,57,131,4,"2012-4",57
2012,"Abril","Sudán",8,1,7,9,4,"2012-4",104
2012,"Abril","Suecia",429,119,310,548,4,"2012-4",33
2012,"Abril","Suiza",874,427,447,1301,4,"2012-4",25
2012,"Abril","Surinam",73,15,58,88,4,"2012-4",61
2012,"Abril","Taiwán",150,13,137,163,4,"2012-4",54
2012,"Abril","Tailandia",9,12,-3,21,4,"2012-4",83
2012,"Abril","Territorio Antártico Británico/Territorio Británico de Ultramar",4,0,4,4,4,"2012-4",124
2012,"Abril","Tanzania",1,1,0,2,4,"2012-4",145
2012,"Abril","Trinidad y Tobago",148,163,-15,311,4,"2012-4",43
2012,"Abril","Túnez",5,1,4,6,4,"2012-4",114
2012,"Abril","Turquía",59,127,-68,186,4,"2012-4",50
2012,"Abril","Ucrania",51,1,50,52,4,"2012-4",69
2012,"Abril","Uganda",3,0,3,3,4,"2012-4",133
2012,"Abril","Uruguay",873,139,734,1012,4,"2012-4",28
2012,"Abril","Venezuela",19939,34255,-14316,54194,4,"2012-4",2
2012,"Abril","Vietnam",17,2,15,19,4,"2012-4",87
2012,"Abril","República Árabe de Yemen",1,0,1,1,4,"2012-4",169
2012,"Abril","Yugoslavia",1,0,1,1,4,"2012-4",169
2012,"Mayo","Afganistán",1,30,-29,31,5,"2012-5",77
2012,"Mayo","Albania",2,3,-1,5,5,"2012-5",118
2012,"Mayo","Alemania",2698,2256,442,4954,5,"2012-5",12
2012,"Mayo","Andorra",10,3,7,13,5,"2012-5",96
2012,"Mayo","Angola",3,16,-13,19,5,"2012-5",85
2012,"Mayo","Países Bajos",1985,414,1571,2399,5,"2012-5",19
2012,"Mayo","Arabia Saudita",3,37,-34,40,5,"2012-5",72
2012,"Mayo","Argelia",5,9,-4,14,5,"2012-5",94
2012,"Mayo","Argentina",8449,4488,3961,12937,5,"2012-5",8
2012,"Mayo","Aruba",5,1702,-1697,1707,5,"2012-5",21
2012,"Mayo","Australia",822,296,526,1118,5,"2012-5",27
2012,"Mayo","Austria",261,55,206,316,5,"2012-5",39
2012,"Mayo","Bahamas",19,159,-140,178,5,"2012-5",50
2012,"Mayo","Bangladesh",1,2,-1,3,5,"2012-5",137
2012,"Mayo","Barbados",8,11,-3,19,5,"2012-5",85
2012,"Mayo","República de Belarús",3,14,-11,17,5,"2012-5",88
2012,"Mayo","Bélgica",343,113,230,456,5,"2012-5",35
2012,"Mayo","Belice",7,6,1,13,5,"2012-5",96
2012,"Mayo","Benín",2,0,2,2,5,"2012-5",153
2012,"Mayo","Bermudas/Territorio Británico de Ultramar",1,3,-2,4,5,"2012-5",122
2012,"Mayo","Bolivia",757,456,301,1213,5,"2012-5",24
2012,"Mayo","Bosnia y Herzegovina",2,0,2,2,5,"2012-5",153
2012,"Mayo","Botsuana",1,1,0,2,5,"2012-5",153
2012,"Mayo","Brasil",6926,5060,1866,11986,5,"2012-5",9
2012,"Mayo","Bulgaria",18,4,14,22,5,"2012-5",81
2012,"Mayo","Burkina Faso",1,0,1,1,5,"2012-5",173
2012,"Mayo","Cabo Verde",1,0,1,1,5,"2012-5",173
2012,"Mayo","Islas Caimán/Territorio Británico de Ultramar",4,4,0,8,5,"2012-5",109
2012,"Mayo","Camboya",1,2,-1,3,5,"2012-5",137
2012,"Mayo","Camerún",2,1,1,3,5,"2012-5",137
2012,"Mayo","Canadá",2274,2609,-335,4883,5,"2012-5",13
2012,"Mayo","España",6893,15306,-8413,22199,5,"2012-5",5
2012,"Mayo","República Democrática del Congo",2,1,1,3,5,"2012-5",137
2012,"Mayo","República de Corea",575,76,499,651,5,"2012-5",32
2012,"Mayo","Costa de Marfil",3,0,3,3,5,"2012-5",137
2012,"Mayo","Costa Rica",1565,1710,-145,3275,5,"2012-5",15
2012,"Mayo","Croacia",40,3,37,43,5,"2012-5",69
2012,"Mayo","Cuba",331,1926,-1595,2257,5,"2012-5",20
2012,"Mayo","Curazao",7,869,-862,876,5,"2012-5",29
2012,"Mayo","República Checa",78,17,61,95,5,"2012-5",62
2012,"Mayo","Chile",6227,4288,1939,10515,5,"2012-5",10
2012,"Mayo","China",772,778,-6,1550,5,"2012-5",22
2012,"Mayo","Chipre",6,2,4,8,5,"2012-5",109
2012,"Mayo","Dinamarca",161,60,101,221,5,"2012-5",45
2012,"Mayo","Dominica",8,3,5,11,5,"2012-5",100
2012,"Mayo","Ecuador",8129,20409,-12280,28538,5,"2012-5",3
2012,"Mayo","Egipto",25,142,-117,167,5,"2012-5",52
2012,"Mayo","El Salvador",953,2066,-1113,3019,5,"2012-5",17
2012,"Mayo","Emiratos Árabes",11,167,-156,178,5,"2012-5",50
2012,"Mayo","Eslovaquia",26,0,26,26,5,"2012-5",80
2012,"Mayo","Eslovenia",31,4,27,35,5,"2012-5",75
2012,"Mayo","Estados Unidos de América",26140,73452,-47312,99592,5,"2012-5",1
2012,"Mayo","Estonia",12,4,8,16,5,"2012-5",91
2012,"Mayo","Etiopia",2,2,0,4,5,"2012-5",122
2012,"Mayo","Islas Fiji",1,0,1,1,5,"2012-5",173
2012,"Mayo","Filipinas",163,9,154,172,5,"2012-5",51
2012,"Mayo","Finlandia",120,24,96,144,5,"2012-5",57
2012,"Mayo","Francia",2478,2666,-188,5144,5,"2012-5",11
2012,"Mayo","Gabón",1,5,-4,6,5,"2012-5",115
2012,"Mayo","Georgia",4,1,3,5,5,"2012-5",118
2012,"Mayo","Ghana",13,3,10,16,5,"2012-5",91
2012,"Mayo","Granada",1,1,0,2,5,"2012-5",153
2012,"Mayo","Grecia",62,35,27,97,5,"2012-5",61
2012,"Mayo","Guatemala",757,681,76,1438,5,"2012-5",23
2012,"Mayo","Guyana",40,6,34,46,5,"2012-5",67
2012,"Mayo","Guinea",1,2,-1,3,5,"2012-5",137
2012,"Mayo","Guinea Ecuatorial",1,13,-12,14,5,"2012-5",94
2012,"Mayo","Guayana Francesa/Departamento de Ultramar Francés",3,0,3,3,5,"2012-5",137
2012,"Mayo","Haití",16,24,-8,40,5,"2012-5",72
2012,"Mayo","Honduras",386,414,-28,800,5,"2012-5",30
2012,"Mayo","Hong Kong",1,76,-75,77,5,"2012-5",63
2012,"Mayo","Hungría",46,7,39,53,5,"2012-5",65
2012,"Mayo","India",358,46,312,404,5,"2012-5",37
2012,"Mayo","Indonesia",26,23,3,49,5,"2012-5",66
2012,"Mayo","Iraq",1,5,-4,6,5,"2012-5",115
2012,"Mayo","Irán",24,7,17,31,5,"2012-5",77
2012,"Mayo","República de Irlanda",185,39,146,224,5,"2012-5",44
2012,"Mayo","Islandia",14,0,14,14,5,"2012-5",94
2012,"Mayo","Isla de Man",282,1,281,283,5,"2012-5",43
2012,"Mayo","Isla Johnston",2,0,2,2,5,"2012-5",153
2012,"Mayo","Israel",910,240,670,1150,5,"2012-5",26
2012,"Mayo","Italia",1954,1114,840,3068,5,"2012-5",16
2012,"Mayo","Jamaica",44,91,-47,135,5,"2012-5",59
2012,"Mayo","Japón",662,72,590,734,5,"2012-5",31
2012,"Mayo","Jordania",10,7,3,17,5,"2012-5",88
2012,"Mayo","Kazajistán",8,0,8,8,5,"2012-5",109
2012,"Mayo","Kenia",12,4,8,16,5,"2012-5",91
2012,"Mayo","Kirguistán",1,0,1,1,5,"2012-5",173
2012,"Mayo","Kuwait",4,5,-1,9,5,"2012-5",104
2012,"Mayo","Lesoto",1,0,1,1,5,"2012-5",173
2012,"Mayo","Letonia",12,0,12,12,5,"2012-5",99
2012,"Mayo","Lituania",19,16,3,35,5,"2012-5",75
2012,"Mayo","Líbano",47,68,-21,115,5,"2012-5",60
2012,"Mayo","Liechtenstein",2,0,2,2,5,"2012-5",153
2012,"Mayo","Luxemburgo",8,4,4,12,5,"2012-5",99
2012,"Mayo","Macedonia",2,0,2,2,5,"2012-5",153
2012,"Mayo","Malasia",40,13,27,53,5,"2012-5",65
2012,"Mayo","Malawi",1,0,1,1,5,"2012-5",173
2012,"Mayo","Malta",7,5,2,12,5,"2012-5",99
2012,"Mayo","Marruecos",7,20,-13,27,5,"2012-5",78
2012,"Mayo","Mauricio",1,0,1,1,5,"2012-5",173
2012,"Mayo","Mauritania",1,0,1,1,5,"2012-5",173
2012,"Mayo","México",6592,9851,-3259,16443,5,"2012-5",6
2012,"Mayo","República de Moldavia",3,0,3,3,5,"2012-5",137
2012,"Mayo","Mónaco",1,0,1,1,5,"2012-5",173
2012,"Mayo","Mongolia",2,0,2,2,5,"2012-5",153
2012,"Mayo","Mozambique",3,1,2,4,5,"2012-5",122
2012,"Mayo","Myanmar",1,0,1,1,5,"2012-5",173
2012,"Mayo","Nepal",8,0,8,8,5,"2012-5",109
2012,"Mayo","Nicaragua",146,148,-2,294,5,"2012-5",41
2012,"Mayo","Nigeria",5,21,-16,26,5,"2012-5",80
2012,"Mayo","Níger",2,0,2,2,5,"2012-5",153
2012,"Mayo","Noruega",141,41,100,182,5,"2012-5",48
2012,"Mayo","Nueva Zelanda",168,26,142,194,5,"2012-5",47
2012,"Mayo","Omán",2,0,2,2,5,"2012-5",153
2012,"Mayo","Pakistán",18,2,16,20,5,"2012-5",83
2012,"Mayo","Panamá",2141,24161,-22020,26302,5,"2012-5",4
2012,"Mayo","Paraguay",165,147,18,312,5,"2012-5",40
2012,"Mayo","Perú",7292,7844,-552,15136,5,"2012-5",7
2012,"Mayo","Polonia",132,33,99,165,5,"2012-5",53
2012,"Mayo","Portugal",410,53,357,463,5,"2012-5",34
2012,"Mayo","Puerto Rico/Territorio de Estados Unidos",3,330,-327,333,5,"2012-5",38
2012,"Mayo","Qatar",2,8,-6,10,5,"2012-5",102
2012,"Mayo","Reino Unido de Gran Bretaña e Irlanda del Norte",1804,1147,657,2951,5,"2012-5",18
2012,"Mayo","Federación de Rusia",298,122,176,420,5,"2012-5",36
2012,"Mayo","República Dominicana",756,2564,-1808,3320,5,"2012-5",14
2012,"Mayo","Rumania",129,10,119,139,5,"2012-5",58
2012,"Mayo","San Cristóbal y Nevis",3,0,3,3,5,"2012-5",137
2012,"Mayo","San  Vicente y las Granadinas",3,0,3,3,5,"2012-5",137
2012,"Mayo","Santa Lucia",7,1,6,8,5,"2012-5",109
2012,"Mayo","Santa Sede/Ciudad del Vaticano",1,0,1,1,5,"2012-5",173
2012,"Mayo","Senegal",3,0,3,3,5,"2012-5",137
2012,"Mayo","Serbia",3,3,0,6,5,"2012-5",115
2012,"Mayo","Sierra Leona",1,0,1,1,5,"2012-5",173
2012,"Mayo","Singapur",29,127,-98,156,5,"2012-5",55
2012,"Mayo","República Árabe Siria",4,0,4,4,5,"2012-5",122
2012,"Mayo","Sri Lanka",3,3,0,6,5,"2012-5",115
2012,"Mayo","Sudáfrica",146,18,128,164,5,"2012-5",54
2012,"Mayo","Sudán",3,2,1,5,5,"2012-5",118
2012,"Mayo","Suecia",376,133,243,509,5,"2012-5",33
2012,"Mayo","Suiza",747,428,319,1175,5,"2012-5",25
2012,"Mayo","Surinam",34,6,28,40,5,"2012-5",72
2012,"Mayo","Taiwán",141,5,136,146,5,"2012-5",56
2012,"Mayo","Tailandia",28,16,12,44,5,"2012-5",68
2012,"Mayo","Tíbet/Región Autónoma de China",1,0,1,1,5,"2012-5",173
2012,"Mayo","Territorio Antártico Británico/Territorio Británico de Ultramar",7,0,7,7,5,"2012-5",110
2012,"Mayo","Tanzania",2,1,1,3,5,"2012-5",137
2012,"Mayo","Togo",1,1,0,2,5,"2012-5",153
2012,"Mayo","Trinidad y Tobago",150,135,15,285,5,"2012-5",42
2012,"Mayo","Túnez",7,2,5,9,5,"2012-5",104
2012,"Mayo","Turkmenistán",1,0,1,1,5,"2012-5",173
2012,"Mayo","Turquía",106,109,-3,215,5,"2012-5",46
2012,"Mayo","Ucrania",32,3,29,35,5,"2012-5",75
2012,"Mayo","Uganda",4,2,2,6,5,"2012-5",115
2012,"Mayo","Uruguay",711,174,537,885,5,"2012-5",28
2012,"Mayo","Venezuela",15350,30375,-15025,45725,5,"2012-5",2
2012,"Mayo","Vietnam",14,6,8,20,5,"2012-5",83
2012,"Mayo","Islas Vírgenes Británicas/Territorio Británico de Ultramar",1,0,1,1,5,"2012-5",173
2012,"Mayo","República Árabe de Yemen",1,0,1,1,5,"2012-5",173
2012,"Mayo","Yugoslavia",2,0,2,2,5,"2012-5",153
2012,"Mayo","Zambia",3,0,3,3,5,"2012-5",137
2012,"Mayo","Zimbabue",2,0,2,2,5,"2012-5",153
2012,"Mayo","Desconocido",1,17,-16,18,5,"2012-5",86
2012,"Junio","Albania",3,0,3,3,6,"2012-6",145
2012,"Junio","Alemania",2799,2705,94,5504,6,"2012-6",13
2012,"Junio","Andorra",12,0,12,12,6,"2012-6",100
2012,"Junio","Angola",4,19,-15,23,6,"2012-6",86
2012,"Junio","Antigua y Barbuda",3,0,3,3,6,"2012-6",145
2012,"Junio","Países Bajos",2294,461,1833,2755,6,"2012-6",21
2012,"Junio","Arabia Saudita",15,29,-14,44,6,"2012-6",73
2012,"Junio","Argelia",7,5,2,12,6,"2012-6",100
2012,"Junio","Argentina",7561,5572,1989,13133,6,"2012-6",8
2012,"Junio","República de Armenia",1,0,1,1,6,"2012-6",182
2012,"Junio","Aruba",7,2877,-2870,2884,6,"2012-6",20
2012,"Junio","Australia",855,395,460,1250,6,"2012-6",27
2012,"Junio","Austria",282,75,207,357,6,"2012-6",42
2012,"Junio","Azerbaiyán",3,3,0,6,6,"2012-6",120
2012,"Junio","Bahamas",22,272,-250,294,6,"2012-6",45
2012,"Junio","Bangladesh",3,0,3,3,6,"2012-6",145
2012,"Junio","Barbados",8,18,-10,26,6,"2012-6",84
2012,"Junio","República de Belarús",7,26,-19,33,6,"2012-6",80
2012,"Junio","Bélgica",583,137,446,720,6,"2012-6",33
2012,"Junio","Belice",27,2,25,29,6,"2012-6",81
2012,"Junio","Benín",1,0,1,1,6,"2012-6",182
2012,"Junio","Bermudas/Territorio Británico de Ultramar",2,2,0,4,6,"2012-6",128
2012,"Junio","Bolivia",757,502,255,1259,6,"2012-6",25
2012,"Junio","Bosnia y Herzegovina",3,0,3,3,6,"2012-6",145
2012,"Junio","Botsuana",1,1,0,2,6,"2012-6",160
2012,"Junio","Brasil",6109,5611,498,11720,6,"2012-6",9
2012,"Junio","Brunei Darussalam",1,1,0,2,6,"2012-6",160
2012,"Junio","Bulgaria",16,1,15,17,6,"2012-6",90
2012,"Junio","Burkina Faso",3,0,3,3,6,"2012-6",145
2012,"Junio","Burundi",1,0,1,1,6,"2012-6",182
2012,"Junio","Bután",3,0,3,3,6,"2012-6",145
2012,"Junio","Islas Caimán/Territorio Británico de Ultramar",19,33,-14,52,6,"2012-6",68
2012,"Junio","Camboya",2,2,0,4,6,"2012-6",128
2012,"Junio","Camerún",7,1,6,8,6,"2012-6",110
2012,"Junio","Canadá",2347,3218,-871,5565,6,"2012-6",12
2012,"Junio","Chad",1,0,1,1,6,"2012-6",182
2012,"Junio","España",8234,18974,-10740,27208,6,"2012-6",5
2012,"Junio","República Democrática del Congo",7,1,6,8,6,"2012-6",110
2012,"Junio","República de Corea",959,57,902,1016,6,"2012-6",29
2012,"Junio","Costa de Marfil",2,0,2,2,6,"2012-6",160
2012,"Junio","Costa Rica",1605,2255,-650,3860,6,"2012-6",15
2012,"Junio","Croacia",59,10,49,69,6,"2012-6",64
2012,"Junio","Cuba",301,2804,-2503,3105,6,"2012-6",18
2012,"Junio","Curazao",7,1247,-1240,1254,6,"2012-6",26
2012,"Junio","República Checa",138,19,119,157,6,"2012-6",55
2012,"Junio","Chile",5715,4866,849,10581,6,"2012-6",10
2012,"Junio","China",592,709,-117,1301,6,"2012-6",24
2012,"Junio","Chipre",7,3,4,10,6,"2012-6",102
2012,"Junio","Dinamarca",232,119,113,351,6,"2012-6",43
2012,"Junio","Dominica",4,2,2,6,6,"2012-6",120
2012,"Junio","Ecuador",7638,33460,-25822,41098,6,"2012-6",3
2012,"Junio","Egipto",14,572,-558,586,6,"2012-6",36
2012,"Junio","El Salvador",984,2072,-1088,3056,6,"2012-6",19
2012,"Junio","Emiratos Árabes",9,108,-99,117,6,"2012-6",59
2012,"Junio","Eritrea",1,1,0,2,6,"2012-6",160
2012,"Junio","Eslovaquia",31,4,27,35,6,"2012-6",78
2012,"Junio","Eslovenia",26,9,17,35,6,"2012-6",78
2012,"Junio","Estados Unidos de América",36838,102795,-65957,139633,6,"2012-6",1
2012,"Junio","Estonia",10,6,4,16,6,"2012-6",93
2012,"Junio","Etiopia",5,2,3,7,6,"2012-6",115
2012,"Junio","Filipinas",175,9,166,184,6,"2012-6",53
2012,"Junio","Finlandia",116,37,79,153,6,"2012-6",57
2012,"Junio","Francia",2951,3924,-973,6875,6,"2012-6",11
2012,"Junio","Gabón",3,0,3,3,6,"2012-6",145
2012,"Junio","Georgia",3,1,2,4,6,"2012-6",128
2012,"Junio","Ghana",5,0,5,5,6,"2012-6",125
2012,"Junio","Granada",3,0,3,3,6,"2012-6",145
2012,"Junio","Grecia",72,83,-11,155,6,"2012-6",56
2012,"Junio","Guatemala",1023,643,380,1666,6,"2012-6",22
2012,"Junio","Guyana",24,2,22,26,6,"2012-6",84
2012,"Junio","Guinea",1,7,-6,8,6,"2012-6",110
2012,"Junio","Guinea Ecuatorial",1,7,-6,8,6,"2012-6",110
2012,"Junio","Haití",25,20,5,45,6,"2012-6",72
2012,"Junio","Honduras",465,422,43,887,6,"2012-6",31
2012,"Junio","Hungría",44,18,26,62,6,"2012-6",66
2012,"Junio","India",294,51,243,345,6,"2012-6",44
2012,"Junio","Indonesia",49,12,37,61,6,"2012-6",67
2012,"Junio","Irán",25,1,24,26,6,"2012-6",84
2012,"Junio","República de Irlanda",200,31,169,231,6,"2012-6",51
2012,"Junio","Islandia",13,6,7,19,6,"2012-6",88
2012,"Junio","Isla de Man",285,1,284,286,6,"2012-6",46
2012,"Junio","Israel",828,400,428,1228,6,"2012-6",28
2012,"Junio","Islas Aland/Provincia de Finlandia",1,0,1,1,6,"2012-6",182
2012,"Junio","Italia",2230,1307,923,3537,6,"2012-6",17
2012,"Junio","Islas del Canal",1,0,1,1,6,"2012-6",182
2012,"Junio","Jamaica",67,369,-302,436,6,"2012-6",40
2012,"Junio","Islas Salomón",1,0,1,1,6,"2012-6",182
2012,"Junio","Japón",658,167,491,825,6,"2012-6",32
2012,"Junio","Jordania",5,11,-6,16,6,"2012-6",93
2012,"Junio","Kazajistán",5,3,2,8,6,"2012-6",110
2012,"Junio","Kenia",28,7,21,35,6,"2012-6",78
2012,"Junio","Kuwait",7,2,5,9,6,"2012-6",105
2012,"Junio","República de Kosovo",1,1,0,2,6,"2012-6",160
2012,"Junio","República Democrática Popular  Lao",2,0,2,2,6,"2012-6",160
2012,"Junio","Letonia",13,0,13,13,6,"2012-6",98
2012,"Junio","Lituania",14,20,-6,34,6,"2012-6",79
2012,"Junio","Líbano",48,126,-78,174,6,"2012-6",54
2012,"Junio","Liberia",2,0,2,2,6,"2012-6",160
2012,"Junio","Libia",3,0,3,3,6,"2012-6",145
2012,"Junio","Luxemburgo",15,8,7,23,6,"2012-6",86
2012,"Junio","Macedonia",5,0,5,5,6,"2012-6",125
2012,"Junio","Madagascar",2,1,1,3,6,"2012-6",145
2012,"Junio","Malasia",38,13,25,51,6,"2012-6",69
2012,"Junio","Malta",3,8,-5,11,6,"2012-6",101
2012,"Junio","Marruecos",9,9,0,18,6,"2012-6",89
2012,"Junio","Mauricio",1,0,1,1,6,"2012-6",182
2012,"Junio","Mauritania",2,0,2,2,6,"2012-6",160
2012,"Junio","México",6395,14355,-7960,20750,6,"2012-6",6
2012,"Junio","República de Moldavia",1,2,-1,3,6,"2012-6",145
2012,"Junio","Mónaco",1,0,1,1,6,"2012-6",182
2012,"Junio","Mongolia",1,0,1,1,6,"2012-6",182
2012,"Junio","Mozambique",2,1,1,3,6,"2012-6",145
2012,"Junio","Namibia",1,0,1,1,6,"2012-6",182
2012,"Junio","Nepal",3,0,3,3,6,"2012-6",145
2012,"Junio","Nicaragua",166,106,60,272,6,"2012-6",47
2012,"Junio","Nigeria",17,19,-2,36,6,"2012-6",75
2012,"Junio","Noruega",364,68,296,432,6,"2012-6",41
2012,"Junio","Nueva Zelanda",159,25,134,184,6,"2012-6",53
2012,"Junio","Omán",1,4,-3,5,6,"2012-6",125
2012,"Junio","Papúa Nueva Guinea",3,10,-7,13,6,"2012-6",98
2012,"Junio","Pakistán",14,1,13,15,6,"2012-6",95
2012,"Junio","Panamá",2220,30777,-28557,32997,6,"2012-6",4
2012,"Junio","Paraguay",464,172,292,636,6,"2012-6",35
2012,"Junio","Perú",6545,10155,-3610,16700,6,"2012-6",7
2012,"Junio","Palestina",2,1,1,3,6,"2012-6",145
2012,"Junio","Polonia",185,75,110,260,6,"2012-6",49
2012,"Junio","Portugal",446,77,369,523,6,"2012-6",38
2012,"Junio","Puerto Rico/Territorio de Estados Unidos",16,465,-449,481,6,"2012-6",39
2012,"Junio","Reino Unido de Gran Bretaña e Irlanda del Norte",1843,1767,76,3610,6,"2012-6",16
2012,"Junio","República CentroÁfricana",2,0,2,2,6,"2012-6",160
2012,"Junio","Federación de Rusia",300,279,21,579,6,"2012-6",37
2012,"Junio","República Dominicana",765,4489,-3724,5254,6,"2012-6",14
2012,"Junio","Rumania",70,13,57,83,6,"2012-6",62
2012,"Junio","Rwanda",1,0,1,1,6,"2012-6",182
2012,"Junio","San Cristóbal y Nevis",6,0,6,6,6,"2012-6",120
2012,"Junio","Santa Lucia",7,0,7,7,6,"2012-6",115
2012,"Junio","Santa Sede/Ciudad del Vaticano",1,0,1,1,6,"2012-6",182
2012,"Junio","Senegal",2,0,2,2,6,"2012-6",160
2012,"Junio","Serbia",7,2,5,9,6,"2012-6",105
2012,"Junio","Sierra Leona",2,0,2,2,6,"2012-6",160
2012,"Junio","Singapur",19,44,-25,63,6,"2012-6",65
2012,"Junio","República Árabe Siria",3,0,3,3,6,"2012-6",145
2012,"Junio","Somalia",1,0,1,1,6,"2012-6",182
2012,"Junio","Sri Lanka",2,1,1,3,6,"2012-6",145
2012,"Junio","Sudáfrica",118,32,86,150,6,"2012-6",58
2012,"Junio","Sudán",2,3,-1,5,6,"2012-6",125
2012,"Junio","Suecia",507,194,313,701,6,"2012-6",34
2012,"Junio","Suiza",925,509,416,1434,6,"2012-6",23
2012,"Junio","Surinam",26,12,14,38,6,"2012-6",74
2012,"Junio","Taiwán",109,5,104,114,6,"2012-6",60
2012,"Junio","Tailandia",9,67,-58,76,6,"2012-6",63
2012,"Junio","Tíbet/Región Autónoma de China",2,0,2,2,6,"2012-6",160
2012,"Junio","Territorio Antártico Británico/Territorio Británico de Ultramar",6,0,6,6,6,"2012-6",120
2012,"Junio","Tanzania",6,0,6,6,6,"2012-6",120
2012,"Junio","Trinidad y Tobago",131,107,24,238,6,"2012-6",50
2012,"Junio","Túnez",6,10,-4,16,6,"2012-6",93
2012,"Junio","Turquía",104,161,-57,265,6,"2012-6",48
2012,"Junio","Ucrania",28,17,11,45,6,"2012-6",72
2012,"Junio","Uganda",4,3,1,7,6,"2012-6",115
2012,"Junio","Uruguay",834,134,700,968,6,"2012-6",30
2012,"Junio","Vanuatu",1,0,1,1,6,"2012-6",182
2012,"Junio","Venezuela",15551,41931,-26380,57482,6,"2012-6",2
2012,"Junio","Vietnam",10,5,5,15,6,"2012-6",95
2012,"Junio","Islas Vírgenes Británicas/Territorio Británico de Ultramar",1,0,1,1,6,"2012-6",182
2012,"Junio","Zambia",6,1,5,7,6,"2012-6",115
2012,"Junio","Zimbabue",9,0,9,9,6,"2012-6",105
2012,"Julio","Albania",4,1,3,5,7,"2012-7",125
2012,"Julio","Alemania",4099,2050,2049,6149,7,"2012-7",13
2012,"Julio","Andorra",10,1,9,11,7,"2012-7",104
2012,"Julio","Angola",1,13,-12,14,7,"2012-7",98
2012,"Julio","Antigua y Barbuda",4,6,-2,10,7,"2012-7",105
2012,"Julio","Países Bajos",3731,460,3271,4191,7,"2012-7",16
2012,"Julio","Arabia Saudita",5,31,-26,36,7,"2012-7",74
2012,"Julio","Argelia",4,12,-8,16,7,"2012-7",95
2012,"Julio","Argentina",9036,5637,3399,14673,7,"2012-7",8
2012,"Julio","Aruba",14,2312,-2298,2326,7,"2012-7",21
2012,"Julio","Australia",897,467,430,1364,7,"2012-7",26
2012,"Julio","Austria",532,114,418,646,7,"2012-7",33
2012,"Julio","Azerbaiyán",27,3,24,30,7,"2012-7",79
2012,"Julio","Bahamas",17,284,-267,301,7,"2012-7",48
2012,"Julio","Bangladesh",1,0,1,1,7,"2012-7",182
2012,"Julio","Barbados",12,17,-5,29,7,"2012-7",80
2012,"Julio","República de Belarús",3,13,-10,16,7,"2012-7",95
2012,"Julio","Bélgica",741,217,524,958,7,"2012-7",31
2012,"Julio","Belice",23,5,18,28,7,"2012-7",81
2012,"Julio","Bermudas/Territorio Británico de Ultramar",3,5,-2,8,7,"2012-7",116
2012,"Julio","Bolivia",872,569,303,1441,7,"2012-7",24
2012,"Julio","Bosnia y Herzegovina",3,0,3,3,7,"2012-7",144
2012,"Julio","Brasil",8482,5352,3130,13834,7,"2012-7",9
2012,"Julio","Bulgaria",16,1,15,17,7,"2012-7",91
2012,"Julio","Burkina Faso",1,0,1,1,7,"2012-7",182
2012,"Julio","Islas Caimán/Territorio Británico de Ultramar",14,43,-29,57,7,"2012-7",65
2012,"Julio","Camerún",1,2,-1,3,7,"2012-7",144
2012,"Julio","Canadá",3447,3907,-460,7354,7,"2012-7",12
2012,"Julio","España",7868,15056,-7188,22924,7,"2012-7",5
2012,"Julio","República Democrática del Congo",3,4,-1,7,7,"2012-7",118
2012,"Julio","República de Corea",524,35,489,559,7,"2012-7",34
2012,"Julio","Costa Rica",2181,2306,-125,4487,7,"2012-7",15
2012,"Julio","Croacia",38,2,36,40,7,"2012-7",70
2012,"Julio","Cuba",424,2439,-2015,2863,7,"2012-7",20
2012,"Julio","Curazao",19,1380,-1361,1399,7,"2012-7",25
2012,"Julio","República Checa",79,21,58,100,7,"2012-7",60
2012,"Julio","Chile",6417,4735,1682,11152,7,"2012-7",10
2012,"Julio","China",557,627,-70,1184,7,"2012-7",27
2012,"Julio","Chipre",6,3,3,9,7,"2012-7",112
2012,"Julio","Dinamarca",332,46,286,378,7,"2012-7",41
2012,"Julio","Dominica",7,7,0,14,7,"2012-7",98
2012,"Julio","Ecuador",12227,34814,-22587,47041,7,"2012-7",3
2012,"Julio","Egipto",30,130,-100,160,7,"2012-7",54
2012,"Julio","El Salvador",1079,1969,-890,3048,7,"2012-7",19
2012,"Julio","Emiratos Árabes",14,175,-161,189,7,"2012-7",51
2012,"Julio","Eslovaquia",27,0,27,27,7,"2012-7",84
2012,"Julio","Eslovenia",59,6,53,65,7,"2012-7",64
2012,"Julio","Estados Unidos de América",33299,91431,-58132,124730,7,"2012-7",1
2012,"Julio","Estonia",6,3,3,9,7,"2012-7",112
2012,"Julio","Etiopia",6,2,4,8,7,"2012-7",116
2012,"Julio","Filipinas",153,15,138,168,7,"2012-7",53
2012,"Julio","Finlandia",102,11,91,113,7,"2012-7",57
2012,"Julio","Francia",4432,3116,1316,7548,7,"2012-7",11
2012,"Julio","Gabón",1,5,-4,6,7,"2012-7",120
2012,"Julio","Georgia",9,7,2,16,7,"2012-7",95
2012,"Julio","Ghana",5,6,-1,11,7,"2012-7",104
2012,"Julio","Granada",2,1,1,3,7,"2012-7",144
2012,"Julio","Grecia",82,25,57,107,7,"2012-7",59
2012,"Julio","Guatemala",797,744,53,1541,7,"2012-7",23
2012,"Julio","Guyana",11,16,-5,27,7,"2012-7",84
2012,"Julio","Guinea Ecuatorial",1,15,-14,16,7,"2012-7",95
2012,"Julio","Guayana Francesa/Departamento de Ultramar Francés",1,0,1,1,7,"2012-7",182
2012,"Julio","Haití",18,36,-18,54,7,"2012-7",67
2012,"Julio","Honduras",616,403,213,1019,7,"2012-7",28
2012,"Julio","Hungría",66,11,55,77,7,"2012-7",62
2012,"Julio","India",311,101,210,412,7,"2012-7",39
2012,"Julio","Indonesia",41,14,27,55,7,"2012-7",66
2012,"Julio","Irán",27,11,16,38,7,"2012-7",72
2012,"Julio","República de Irlanda",273,38,235,311,7,"2012-7",46
2012,"Julio","Islandia",16,1,15,17,7,"2012-7",91
2012,"Julio","Isla de Man",309,2,307,311,7,"2012-7",46
2012,"Julio","Isla Johnston",5,0,5,5,7,"2012-7",125
2012,"Julio","Israel",736,275,461,1011,7,"2012-7",29
2012,"Julio","Islas Aland/Provincia de Finlandia",2,0,2,2,7,"2012-7",157
2012,"Julio","Italia",2374,1236,1138,3610,7,"2012-7",18
2012,"Julio","Jamaica",66,137,-71,203,7,"2012-7",50
2012,"Julio","Islas Marianas del Norte",1,1,0,2,7,"2012-7",157
2012,"Julio","Japón",680,115,565,795,7,"2012-7",32
2012,"Julio","Jordania",4,11,-7,15,7,"2012-7",96
2012,"Julio","Kazajistán",1,4,-3,5,7,"2012-7",125
2012,"Julio","Kenia",22,14,8,36,7,"2012-7",74
2012,"Julio","Kirguistán",2,0,2,2,7,"2012-7",157
2012,"Julio","Kuwait",1,5,-4,6,7,"2012-7",120
2012,"Julio","Letonia",27,0,27,27,7,"2012-7",84
2012,"Julio","Lituania",19,20,-1,39,7,"2012-7",71
2012,"Julio","Líbano",64,62,2,126,7,"2012-7",56
2012,"Julio","Liechtenstein",9,0,9,9,7,"2012-7",112
2012,"Julio","Luxemburgo",19,6,13,25,7,"2012-7",87
2012,"Julio","Macedonia",4,0,4,4,7,"2012-7",137
2012,"Julio","Madagascar",1,3,-2,4,7,"2012-7",137
2012,"Julio","Malasia",26,4,22,30,7,"2012-7",79
2012,"Julio","Malta",3,9,-6,12,7,"2012-7",99
2012,"Julio","Marruecos",18,3,15,21,7,"2012-7",89
2012,"Julio","Mauricio",1,0,1,1,7,"2012-7",182
2012,"Julio","Mauritania",1,0,1,1,7,"2012-7",182
2012,"Julio","México",8462,11415,-2953,19877,7,"2012-7",6
2012,"Julio","República de Moldavia",2,0,2,2,7,"2012-7",157
2012,"Julio","Montenegro",3,0,3,3,7,"2012-7",144
2012,"Julio","Mozambique",1,1,0,2,7,"2012-7",157
2012,"Julio","Myanmar",1,0,1,1,7,"2012-7",182
2012,"Julio","Namibia",2,0,2,2,7,"2012-7",157
2012,"Julio","Nepal",2,0,2,2,7,"2012-7",157
2012,"Julio","Nicaragua",153,168,-15,321,7,"2012-7",44
2012,"Julio","Nigeria",5,25,-20,30,7,"2012-7",79
2012,"Julio","Noruega",306,76,230,382,7,"2012-7",40
2012,"Julio","Nueva Zelanda",205,69,136,274,7,"2012-7",49
2012,"Julio","Pakistán",18,4,14,22,7,"2012-7",88
2012,"Julio","Palau",1,1,0,2,7,"2012-7",157
2012,"Julio","Panamá",2623,29143,-26520,31766,7,"2012-7",4
2012,"Julio","Paraguay",169,135,34,304,7,"2012-7",47
2012,"Julio","Perú",7169,8526,-1357,15695,7,"2012-7",7
2012,"Julio","Palestina",5,3,2,8,7,"2012-7",116
2012,"Julio","Polonia",157,22,135,179,7,"2012-7",52
2012,"Julio","Portugal",394,64,330,458,7,"2012-7",37
2012,"Julio","Puerto Rico/Territorio de Estados Unidos",10,490,-480,500,7,"2012-7",36
2012,"Julio","Qatar",2,7,-5,9,7,"2012-7",112
2012,"Julio","Reino Unido de Gran Bretaña e Irlanda del Norte",2224,1803,421,4027,7,"2012-7",17
2012,"Julio","Federación de Rusia",271,141,130,412,7,"2012-7",39
2012,"Julio","República Dominicana",829,3688,-2859,4517,7,"2012-7",14
2012,"Julio","Rumania",79,10,69,89,7,"2012-7",61
2012,"Julio","Rwanda",1,0,1,1,7,"2012-7",182
2012,"Julio","San Cristóbal y Nevis",1,0,1,1,7,"2012-7",182
2012,"Julio","San Marino",1,0,1,1,7,"2012-7",182
2012,"Julio","San  Vicente y las Granadinas",2,0,2,2,7,"2012-7",157
2012,"Julio","Santa Lucia",9,0,9,9,7,"2012-7",112
2012,"Julio","Santa Sede/Ciudad del Vaticano",4,0,4,4,7,"2012-7",137
2012,"Julio","Senegal",1,0,1,1,7,"2012-7",182
2012,"Julio","Serbia",9,2,7,11,7,"2012-7",104
2012,"Julio","Sierra Leona",1,0,1,1,7,"2012-7",182
2012,"Julio","Singapur",23,25,-2,48,7,"2012-7",69
2012,"Julio","República Árabe Siria",3,0,3,3,7,"2012-7",144
2012,"Julio","Sri Lanka",3,0,3,3,7,"2012-7",144
2012,"Julio","Sudáfrica",86,44,42,130,7,"2012-7",55
2012,"Julio","Sudán",1,3,-2,4,7,"2012-7",137
2012,"Julio","Suecia",360,175,185,535,7,"2012-7",35
2012,"Julio","Suiza",1718,525,1193,2243,7,"2012-7",22
2012,"Julio","Surinam",29,5,24,34,7,"2012-7",76
2012,"Julio","Taiwán",100,8,92,108,7,"2012-7",58
2012,"Julio","Tailandia",12,13,-1,25,7,"2012-7",87
2012,"Julio","Tíbet/Región Autónoma de China",2,0,2,2,7,"2012-7",157
2012,"Julio","Territorio Antártico Británico/Territorio Británico de Ultramar",9,0,9,9,7,"2012-7",112
2012,"Julio","Tanzania",2,0,2,2,7,"2012-7",157
2012,"Julio","Trinidad y Tobago",202,142,60,344,7,"2012-7",42
2012,"Julio","Túnez",3,1,2,4,7,"2012-7",137
2012,"Julio","Turkmenistán",1,0,1,1,7,"2012-7",182
2012,"Julio","Turquía",144,191,-47,335,7,"2012-7",43
2012,"Julio","Ucrania",45,4,41,49,7,"2012-7",68
2012,"Julio","Uganda",3,1,2,4,7,"2012-7",137
2012,"Julio","Uruguay",837,166,671,1003,7,"2012-7",30
2012,"Julio","Uzbekistán",2,0,2,2,7,"2012-7",157
2012,"Julio","Venezuela",21137,40205,-19068,61342,7,"2012-7",2
2012,"Julio","Vietnam",2,6,-4,8,7,"2012-7",116
2012,"Julio","Yugoslavia",1,0,1,1,7,"2012-7",182
2012,"Julio","Zimbabue",4,0,4,4,7,"2012-7",137
2012,"Julio","Anguila/Territorio Británico de Ultramar",3,0,3,3,7,"2012-7",144
2012,"Agosto","Albania",1,0,1,1,8,"2012-8",178
2012,"Agosto","Alemania",4031,1748,2283,5779,8,"2012-8",13
2012,"Agosto","Andorra",12,1,11,13,8,"2012-8",105
2012,"Agosto","Angola",2,18,-16,20,8,"2012-8",94
2012,"Agosto","Antigua y Barbuda",6,5,1,11,8,"2012-8",110
2012,"Agosto","Países Bajos",2176,694,1482,2870,8,"2012-8",19
2012,"Agosto","Arabia Saudita",4,94,-90,98,8,"2012-8",62
2012,"Agosto","Argelia",7,10,-3,17,8,"2012-8",98
2012,"Agosto","Argentina",8651,5851,2800,14502,8,"2012-8",8
2012,"Agosto","República de Armenia",2,1,1,3,8,"2012-8",140
2012,"Agosto","Aruba",8,2602,-2594,2610,8,"2012-8",20
2012,"Agosto","Australia",890,424,466,1314,8,"2012-8",26
2012,"Agosto","Austria",431,80,351,511,8,"2012-8",36
2012,"Agosto","Azerbaiyán",6,21,-15,27,8,"2012-8",85
2012,"Agosto","Bahamas",14,223,-209,237,8,"2012-8",49
2012,"Agosto","Bangladesh",2,1,1,3,8,"2012-8",140
2012,"Agosto","Barbados",11,16,-5,27,8,"2012-8",85
2012,"Agosto","República de Belarús",4,29,-25,33,8,"2012-8",80
2012,"Agosto","Bélgica",435,370,65,805,8,"2012-8",32
2012,"Agosto","Belice",14,10,4,24,8,"2012-8",87
2012,"Agosto","Benín",3,0,3,3,8,"2012-8",140
2012,"Agosto","Bermudas/Territorio Británico de Ultramar",1,3,-2,4,8,"2012-8",133
2012,"Agosto","Bolivia",819,525,294,1344,8,"2012-8",25
2012,"Agosto","Bosnia y Herzegovina",1,4,-3,5,8,"2012-8",128
2012,"Agosto","Brasil",6533,6053,480,12586,8,"2012-8",9
2012,"Agosto","Bulgaria",43,8,35,51,8,"2012-8",67
2012,"Agosto","Islas Caimán/Territorio Británico de Ultramar",1,36,-35,37,8,"2012-8",77
2012,"Agosto","Camerún",4,1,3,5,8,"2012-8",128
2012,"Agosto","Canadá",2840,4811,-1971,7651,8,"2012-8",11
2012,"Agosto","España",8776,13592,-4816,22368,8,"2012-8",5
2012,"Agosto","República Democrática del Congo",4,3,1,7,8,"2012-8",119
2012,"Agosto","República de Corea",484,80,404,564,8,"2012-8",33
2012,"Agosto","Costa de Marfil",1,0,1,1,8,"2012-8",178
2012,"Agosto","Costa Rica",2009,2039,-30,4048,8,"2012-8",16
2012,"Agosto","Croacia",45,2,43,47,8,"2012-8",72
2012,"Agosto","Cuba",390,2075,-1685,2465,8,"2012-8",21
2012,"Agosto","Curazao",11,1524,-1513,1535,8,"2012-8",24
2012,"Agosto","República Checa",75,75,0,150,8,"2012-8",55
2012,"Agosto","Chile",6356,4977,1379,11333,8,"2012-8",10
2012,"Agosto","China",656,593,63,1249,8,"2012-8",27
2012,"Agosto","Chipre",10,3,7,13,8,"2012-8",105
2012,"Agosto","Dinamarca",179,74,105,253,8,"2012-8",45
2012,"Agosto","Dominica",10,1,9,11,8,"2012-8",110
2012,"Agosto","Ecuador",13263,23967,-10704,37230,8,"2012-8",3
2012,"Agosto","Egipto",19,121,-102,140,8,"2012-8",57
2012,"Agosto","El Salvador",1193,1883,-690,3076,8,"2012-8",18
2012,"Agosto","Emiratos Árabes",1,321,-320,322,8,"2012-8",42
2012,"Agosto","Eritrea",2,1,1,3,8,"2012-8",140
2012,"Agosto","Eslovaquia",46,4,42,50,8,"2012-8",68
2012,"Agosto","Eslovenia",27,9,18,36,8,"2012-8",78
2012,"Agosto","Estados Unidos de América",30016,86295,-56279,116311,8,"2012-8",1
2012,"Agosto","Estonia",13,0,13,13,8,"2012-8",105
2012,"Agosto","Etiopia",4,4,0,8,8,"2012-8",115
2012,"Agosto","Islas Fiji",1,0,1,1,8,"2012-8",178
2012,"Agosto","Filipinas",188,13,175,201,8,"2012-8",52
2012,"Agosto","Finlandia",99,46,53,145,8,"2012-8",56
2012,"Agosto","Francia",3966,3480,486,7446,8,"2012-8",12
2012,"Agosto","Gambia",1,0,1,1,8,"2012-8",178
2012,"Agosto","Georgia",1,0,1,1,8,"2012-8",178
2012,"Agosto","Ghana",2,2,0,4,8,"2012-8",133
2012,"Agosto","Granada",4,1,3,5,8,"2012-8",128
2012,"Agosto","Grecia",71,30,41,101,8,"2012-8",61
2012,"Agosto","Guatemala",894,659,235,1553,8,"2012-8",23
2012,"Agosto","Guyana",20,5,15,25,8,"2012-8",86
2012,"Agosto","Guinea Ecuatorial",1,5,-4,6,8,"2012-8",122
2012,"Agosto","Guayana Francesa/Departamento de Ultramar Francés",1,2,-1,3,8,"2012-8",140
2012,"Agosto","Haití",28,28,0,56,8,"2012-8",66
2012,"Agosto","Honduras",469,416,53,885,8,"2012-8",30
2012,"Agosto","Hungría",56,30,26,86,8,"2012-8",63
2012,"Agosto","India",345,47,298,392,8,"2012-8",40
2012,"Agosto","Indonesia",15,18,-3,33,8,"2012-8",80
2012,"Agosto","Iraq",2,15,-13,17,8,"2012-8",98
2012,"Agosto","Irán",25,7,18,32,8,"2012-8",81
2012,"Agosto","República de Irlanda",242,56,186,298,8,"2012-8",43
2012,"Agosto","Islandia",21,1,20,22,8,"2012-8",90
2012,"Agosto","Isla de Man",235,2,233,237,8,"2012-8",49
2012,"Agosto","Isla Johnston",1,0,1,1,8,"2012-8",178
2012,"Agosto","Israel",669,322,347,991,8,"2012-8",29
2012,"Agosto","Islas Aland/Provincia de Finlandia",2,0,2,2,8,"2012-8",156
2012,"Agosto","Italia",3070,1250,1820,4320,8,"2012-8",14
2012,"Agosto","Jamaica",48,158,-110,206,8,"2012-8",50
2012,"Agosto","Japón",740,93,647,833,8,"2012-8",31
2012,"Agosto","Jordania",4,11,-7,15,8,"2012-8",101
2012,"Agosto","Kazajistán",1,3,-2,4,8,"2012-8",133
2012,"Agosto","Kenia",19,9,10,28,8,"2012-8",83
2012,"Agosto","Kuwait",3,15,-12,18,8,"2012-8",95
2012,"Agosto","Letonia",17,0,17,17,8,"2012-8",98
2012,"Agosto","Lituania",25,16,9,41,8,"2012-8",75
2012,"Agosto","Líbano",79,36,43,115,8,"2012-8",59
2012,"Agosto","Liechtenstein",5,0,5,5,8,"2012-8",128
2012,"Agosto","Luxemburgo",37,11,26,48,8,"2012-8",71
2012,"Agosto","Madagascar",2,0,2,2,8,"2012-8",156
2012,"Agosto","Malasia",34,15,19,49,8,"2012-8",70
2012,"Agosto","Malawi",1,0,1,1,8,"2012-8",178
2012,"Agosto","Malta",4,10,-6,14,8,"2012-8",102
2012,"Agosto","Marruecos",15,6,9,21,8,"2012-8",92
2012,"Agosto","Mauricio",1,1,0,2,8,"2012-8",156
2012,"Agosto","México",7700,10948,-3248,18648,8,"2012-8",6
2012,"Agosto","República de Moldavia",3,4,-1,7,8,"2012-8",119
2012,"Agosto","Mónaco",1,1,0,2,8,"2012-8",156
2012,"Agosto","Mongolia",1,0,1,1,8,"2012-8",178
2012,"Agosto","Mozambique",8,0,8,8,8,"2012-8",115
2012,"Agosto","Nepal",2,3,-1,5,8,"2012-8",128
2012,"Agosto","Nicaragua",123,125,-2,248,8,"2012-8",47
2012,"Agosto","Nigeria",4,25,-21,29,8,"2012-8",82
2012,"Agosto","Noruega",182,67,115,249,8,"2012-8",46
2012,"Agosto","Nueva Zelanda",160,44,116,204,8,"2012-8",51
2012,"Agosto","Omán",1,15,-14,16,8,"2012-8",100
2012,"Agosto","Papúa Nueva Guinea",1,11,-10,12,8,"2012-8",106
2012,"Agosto","Pakistán",19,2,17,21,8,"2012-8",92
2012,"Agosto","Panamá",2759,29899,-27140,32658,8,"2012-8",4
2012,"Agosto","Paraguay",211,203,8,414,8,"2012-8",39
2012,"Agosto","Perú",8050,9150,-1100,17200,8,"2012-8",7
2012,"Agosto","Palestina",5,2,3,7,8,"2012-8",119
2012,"Agosto","Polonia",232,25,207,257,8,"2012-8",44
2012,"Agosto","Portugal",405,67,338,472,8,"2012-8",38
2012,"Agosto","Puerto Rico/Territorio de Estados Unidos",6,551,-545,557,8,"2012-8",34
2012,"Agosto","Qatar",4,39,-35,43,8,"2012-8",74
2012,"Agosto","Reino Unido de Gran Bretaña e Irlanda del Norte",2052,1592,460,3644,8,"2012-8",17
2012,"Agosto","República CentroÁfricana",1,0,1,1,8,"2012-8",178
2012,"Agosto","Federación de Rusia",372,175,197,547,8,"2012-8",35
2012,"Agosto","República Dominicana",820,3439,-2619,4259,8,"2012-8",15
2012,"Agosto","Rumania",77,7,70,84,8,"2012-8",64
2012,"Agosto","Rwanda",1,0,1,1,8,"2012-8",178
2012,"Agosto","San Cristóbal y Nevis",5,0,5,5,8,"2012-8",128
2012,"Agosto","San  Vicente y las Granadinas",4,2,2,6,8,"2012-8",122
2012,"Agosto","Santa Lucia",11,0,11,11,8,"2012-8",110
2012,"Agosto","Serbia",6,2,4,8,8,"2012-8",115
2012,"Agosto","Sierra Leona",1,0,1,1,8,"2012-8",178
2012,"Agosto","Singapur",38,39,-1,77,8,"2012-8",65
2012,"Agosto","República Árabe Siria",3,0,3,3,8,"2012-8",140
2012,"Agosto","Sri Lanka",4,0,4,4,8,"2012-8",133
2012,"Agosto","Sudáfrica",149,23,126,172,8,"2012-8",54
2012,"Agosto","Sudán",2,1,1,3,8,"2012-8",140
2012,"Agosto","Suecia",300,202,98,502,8,"2012-8",37
2012,"Agosto","Suiza",868,714,154,1582,8,"2012-8",22
2012,"Agosto","Surinam",19,3,16,22,8,"2012-8",90
2012,"Agosto","Taiwán",123,6,117,129,8,"2012-8",58
2012,"Agosto","Tailandia",19,21,-2,40,8,"2012-8",76
2012,"Agosto","Territorio Antártico Británico/Territorio Británico de Ultramar",8,0,8,8,8,"2012-8",115
2012,"Agosto","Tanzania",1,1,0,2,8,"2012-8",156
2012,"Agosto","Togo",2,0,2,2,8,"2012-8",156
2012,"Agosto","Trinidad y Tobago",241,104,137,345,8,"2012-8",41
2012,"Agosto","Túnez",8,3,5,11,8,"2012-8",110
2012,"Agosto","Turkmenistán",1,0,1,1,8,"2012-8",178
2012,"Agosto","Turquía",119,57,62,176,8,"2012-8",53
2012,"Agosto","Ucrania",40,9,31,49,8,"2012-8",70
2012,"Agosto","Uganda",6,0,6,6,8,"2012-8",122
2012,"Agosto","Uruguay",962,150,812,1112,8,"2012-8",28
2012,"Agosto","Venezuela",30024,37597,-7573,67621,8,"2012-8",2
2012,"Agosto","Vietnam",6,17,-11,23,8,"2012-8",88
2012,"Agosto","Yugoslavia",1,0,1,1,8,"2012-8",178
2012,"Agosto","Zambia",1,0,1,1,8,"2012-8",178
2012,"Agosto","Zimbabue",7,0,7,7,8,"2012-8",119
2012,"Agosto","Desconocido",1,19,-18,20,8,"2012-8",94
2012,"Septiembre","Afganistán",1,35,-34,36,9,"2012-9",77
2012,"Septiembre","Albania",6,0,6,6,9,"2012-9",114
2012,"Septiembre","Alemania",3012,2341,671,5353,9,"2012-9",13
2012,"Septiembre","Andorra",7,3,4,10,9,"2012-9",100
2012,"Septiembre","Angola",3,15,-12,18,9,"2012-9",91
2012,"Septiembre","Antigua y Barbuda",2,0,2,2,9,"2012-9",152
2012,"Septiembre","Países Bajos",2175,392,1783,2567,9,"2012-9",20
2012,"Septiembre","Arabia Saudita",2,47,-45,49,9,"2012-9",69
2012,"Septiembre","Argelia",13,9,4,22,9,"2012-9",88
2012,"Septiembre","Argentina",9293,5554,3739,14847,9,"2012-9",8
2012,"Septiembre","República de Armenia",4,0,4,4,9,"2012-9",130
2012,"Septiembre","Aruba",6,1947,-1941,1953,9,"2012-9",21
2012,"Septiembre","Australia",809,366,443,1175,9,"2012-9",26
2012,"Septiembre","Austria",312,89,223,401,9,"2012-9",41
2012,"Septiembre","Azerbaiyán",3,9,-6,12,9,"2012-9",99
2012,"Septiembre","Bahamas",36,137,-101,173,9,"2012-9",54
2012,"Septiembre","Bangladesh",4,0,4,4,9,"2012-9",130
2012,"Septiembre","Barbados",11,28,-17,39,9,"2012-9",72
2012,"Septiembre","República de Belarús",2,11,-9,13,9,"2012-9",97
2012,"Septiembre","Bélgica",388,157,231,545,9,"2012-9",34
2012,"Septiembre","Belice",19,9,10,28,9,"2012-9",83
2012,"Septiembre","Benín",4,4,0,8,9,"2012-9",107
2012,"Septiembre","Bermudas/Territorio Británico de Ultramar",4,2,2,6,9,"2012-9",114
2012,"Septiembre","Bolivia",965,645,320,1610,9,"2012-9",23
2012,"Septiembre","Bosnia y Herzegovina",1,0,1,1,9,"2012-9",169
2012,"Septiembre","Brasil",7276,5442,1834,12718,9,"2012-9",10
2012,"Septiembre","Bulgaria",31,5,26,36,9,"2012-9",77
2012,"Septiembre","Burundi",1,2,-1,3,9,"2012-9",137
2012,"Septiembre","Cabo Verde",3,1,2,4,9,"2012-9",130
2012,"Septiembre","Islas Caimán/Territorio Británico de Ultramar",3,18,-15,21,9,"2012-9",89
2012,"Septiembre","Camerún",5,0,5,5,9,"2012-9",121
2012,"Septiembre","Canadá",2212,3455,-1243,5667,9,"2012-9",12
2012,"Septiembre","España",8033,18714,-10681,26747,9,"2012-9",5
2012,"Septiembre","República de Corea",516,69,447,585,9,"2012-9",33
2012,"Septiembre","Costa de Marfil",2,1,1,3,9,"2012-9",137
2012,"Septiembre","Costa Rica",2043,2115,-72,4158,9,"2012-9",14
2012,"Septiembre","Croacia",35,1,34,36,9,"2012-9",77
2012,"Septiembre","Cuba",376,2267,-1891,2643,9,"2012-9",19
2012,"Septiembre","Curazao",19,1149,-1130,1168,9,"2012-9",27
2012,"Septiembre","República Checa",89,22,67,111,9,"2012-9",62
2012,"Septiembre","Chile",7433,5722,1711,13155,9,"2012-9",9
2012,"Septiembre","China",673,665,8,1338,9,"2012-9",24
2012,"Septiembre","Chipre",6,2,4,8,9,"2012-9",107
2012,"Septiembre","Dinamarca",186,46,140,232,9,"2012-9",48
2012,"Septiembre","Dominica",13,11,2,24,9,"2012-9",85
2012,"Septiembre","Ecuador",9178,19833,-10655,29011,9,"2012-9",4
2012,"Septiembre","Egipto",11,390,-379,401,9,"2012-9",41
2012,"Septiembre","El Salvador",1278,1919,-641,3197,9,"2012-9",18
2012,"Septiembre","Emiratos Árabes",14,347,-333,361,9,"2012-9",43
2012,"Septiembre","Eslovaquia",35,3,32,38,9,"2012-9",73
2012,"Septiembre","Eslovenia",31,8,23,39,9,"2012-9",72
2012,"Septiembre","Estados Unidos de América",21700,76171,-54471,97871,9,"2012-9",1
2012,"Septiembre","Estonia",8,0,8,8,9,"2012-9",107
2012,"Septiembre","Etiopia",7,2,5,9,9,"2012-9",102
2012,"Septiembre","Filipinas",242,4,238,246,9,"2012-9",47
2012,"Septiembre","Finlandia",102,37,65,139,9,"2012-9",56
2012,"Septiembre","Francia",2519,3481,-962,6000,9,"2012-9",11
2012,"Septiembre","Georgia",4,1,3,5,9,"2012-9",121
2012,"Septiembre","Ghana",3,3,0,6,9,"2012-9",114
2012,"Septiembre","Granada",3,2,1,5,9,"2012-9",121
2012,"Septiembre","Grecia",70,53,17,123,9,"2012-9",59
2012,"Septiembre","Guatemala",1231,675,556,1906,9,"2012-9",22
2012,"Septiembre","Guyana",20,8,12,28,9,"2012-9",83
2012,"Septiembre","Haití",28,28,0,56,9,"2012-9",68
2012,"Septiembre","Honduras",483,438,45,921,9,"2012-9",30
2012,"Septiembre","Hungría",71,5,66,76,9,"2012-9",66
2012,"Septiembre","India",343,118,225,461,9,"2012-9",37
2012,"Septiembre","Indonesia",67,19,48,86,9,"2012-9",64
2012,"Septiembre","Irán",17,5,12,22,9,"2012-9",88
2012,"Septiembre","República de Irlanda",205,46,159,251,9,"2012-9",46
2012,"Septiembre","Islandia",18,5,13,23,9,"2012-9",86
2012,"Septiembre","Isla de Man",212,0,212,212,9,"2012-9",51
2012,"Septiembre","Israel",610,491,119,1101,9,"2012-9",29
2012,"Septiembre","Islas Aland/Provincia de Finlandia",1,0,1,1,9,"2012-9",169
2012,"Septiembre","Italia",2078,1621,457,3699,9,"2012-9",17
2012,"Septiembre","Islas del Canal",2,0,2,2,9,"2012-9",152
2012,"Septiembre","Jamaica",23,140,-117,163,9,"2012-9",55
2012,"Septiembre","Japón",662,123,539,785,9,"2012-9",31
2012,"Septiembre","Jordania",11,6,5,17,9,"2012-9",92
2012,"Septiembre","Kazajistán",7,6,1,13,9,"2012-9",97
2012,"Septiembre","Kenia",21,5,16,26,9,"2012-9",84
2012,"Septiembre","Kuwait",1,4,-3,5,9,"2012-9",121
2012,"Septiembre","Letonia",30,0,30,30,9,"2012-9",81
2012,"Septiembre","Lituania",21,13,8,34,9,"2012-9",80
2012,"Septiembre","Líbano",81,46,35,127,9,"2012-9",58
2012,"Septiembre","Libia",2,1,1,3,9,"2012-9",137
2012,"Septiembre","Liechtenstein",3,0,3,3,9,"2012-9",137
2012,"Septiembre","Luxemburgo",11,5,6,16,9,"2012-9",94
2012,"Septiembre","Macedonia",1,0,1,1,9,"2012-9",169
2012,"Septiembre","Madagascar",1,1,0,2,9,"2012-9",152
2012,"Septiembre","Malasia",97,13,84,110,9,"2012-9",63
2012,"Septiembre","Malta",2,10,-8,12,9,"2012-9",99
2012,"Septiembre","Marruecos",18,16,2,34,9,"2012-9",80
2012,"Septiembre","Mauricio",1,0,1,1,9,"2012-9",169
2012,"Septiembre","Mauritania",4,1,3,5,9,"2012-9",121
2012,"Septiembre","México",7825,9483,-1658,17308,9,"2012-9",6
2012,"Septiembre","República de Moldavia",2,0,2,2,9,"2012-9",152
2012,"Septiembre","Mongolia",1,0,1,1,9,"2012-9",169
2012,"Septiembre","Mozambique",2,2,0,4,9,"2012-9",130
2012,"Septiembre","Namibia",1,1,0,2,9,"2012-9",152
2012,"Septiembre","Nepal",1,0,1,1,9,"2012-9",169
2012,"Septiembre","Nicaragua",228,147,81,375,9,"2012-9",42
2012,"Septiembre","Nigeria",12,23,-11,35,9,"2012-9",78
2012,"Septiembre","Noruega",167,46,121,213,9,"2012-9",50
2012,"Septiembre","Nueva Caledonia/Territorio francés",1,1,0,2,9,"2012-9",152
2012,"Septiembre","Nueva Zelanda",161,34,127,195,9,"2012-9",52
2012,"Septiembre","Pakistán",11,4,7,15,9,"2012-9",95
2012,"Septiembre","Panamá",2696,26591,-23895,29287,9,"2012-9",3
2012,"Septiembre","Paraguay",314,164,150,478,9,"2012-9",36
2012,"Septiembre","Perú",7669,8812,-1143,16481,9,"2012-9",7
2012,"Septiembre","Palestina",3,0,3,3,9,"2012-9",137
2012,"Septiembre","Polonia",188,34,154,222,9,"2012-9",49
2012,"Septiembre","Portugal",492,122,370,614,9,"2012-9",32
2012,"Septiembre","Puerto Rico/Territorio de Estados Unidos",4,402,-398,406,9,"2012-9",39
2012,"Septiembre","Qatar",1,17,-16,18,9,"2012-9",91
2012,"Septiembre","Reino Unido de Gran Bretaña e Irlanda del Norte",1793,2004,-211,3797,9,"2012-9",16
2012,"Septiembre","República CentroÁfricana",3,0,3,3,9,"2012-9",137
2012,"Septiembre","Federación de Rusia",328,164,164,492,9,"2012-9",35
2012,"Septiembre","República Dominicana",993,2883,-1890,3876,9,"2012-9",15
2012,"Septiembre","Rumania",108,9,99,117,9,"2012-9",60
2012,"Septiembre","San Cristóbal y Nevis",5,0,5,5,9,"2012-9",121
2012,"Septiembre","Santa Lucia",7,0,7,7,9,"2012-9",110
2012,"Septiembre","Senegal",3,1,2,4,9,"2012-9",130
2012,"Septiembre","Serbia",8,0,8,8,9,"2012-9",107
2012,"Septiembre","Sierra Leona",1,0,1,1,9,"2012-9",169
2012,"Septiembre","Singapur",40,38,2,78,9,"2012-9",65
2012,"Septiembre","República Árabe Siria",4,0,4,4,9,"2012-9",130
2012,"Septiembre","Sri Lanka",2,0,2,2,9,"2012-9",152
2012,"Septiembre","Sudáfrica",97,40,57,137,9,"2012-9",57
2012,"Septiembre","Suecia",329,106,223,435,9,"2012-9",38
2012,"Septiembre","Suiza",753,368,385,1121,9,"2012-9",28
2012,"Septiembre","Surinam",33,4,29,37,9,"2012-9",74
2012,"Septiembre","Taiwán",185,6,179,191,9,"2012-9",53
2012,"Septiembre","Tailandia",17,40,-23,57,9,"2012-9",67
2012,"Septiembre","Territorio Antártico Británico/Territorio Británico de Ultramar",9,0,9,9,9,"2012-9",102
2012,"Septiembre","Tanzania",2,0,2,2,9,"2012-9",152
2012,"Septiembre","Trinidad y Tobago",240,110,130,350,9,"2012-9",44
2012,"Septiembre","Túnez",2,1,1,3,9,"2012-9",137
2012,"Septiembre","Turkmenistán",1,0,1,1,9,"2012-9",169
2012,"Septiembre","Turquía",94,178,-84,272,9,"2012-9",45
2012,"Septiembre","Ucrania",33,6,27,39,9,"2012-9",72
2012,"Septiembre","Uganda",3,1,2,4,9,"2012-9",130
2012,"Septiembre","Uruguay",1016,173,843,1189,9,"2012-9",25
2012,"Septiembre","Uzbekistán",1,0,1,1,9,"2012-9",169
2012,"Septiembre","Venezuela",22475,37910,-15435,60385,9,"2012-9",2
2012,"Septiembre","Zimbabue",1,0,1,1,9,"2012-9",169
2012,"Octubre","Albania",7,0,7,7,10,"2012-10",119
2012,"Octubre","Alemania",3129,1716,1413,4845,10,"2012-10",12
2012,"Octubre","Andorra",11,1,10,12,10,"2012-10",103
2012,"Octubre","Angola",3,14,-11,17,10,"2012-10",96
2012,"Octubre","Antigua y Barbuda",6,4,2,10,10,"2012-10",106
2012,"Octubre","Países Bajos",2396,421,1975,2817,10,"2012-10",20
2012,"Octubre","Arabia Saudita",8,30,-22,38,10,"2012-10",76
2012,"Octubre","Argelia",3,6,-3,9,10,"2012-10",108
2012,"Octubre","Argentina",9235,7717,1518,16952,10,"2012-10",8
2012,"Octubre","República de Armenia",2,1,1,3,10,"2012-10",146
2012,"Octubre","Aruba",5,2461,-2456,2466,10,"2012-10",21
2012,"Octubre","Australia",875,349,526,1224,10,"2012-10",27
2012,"Octubre","Austria",314,60,254,374,10,"2012-10",41
2012,"Octubre","Azerbaiyán",3,3,0,6,10,"2012-10",124
2012,"Octubre","Bahamas",7,239,-232,246,10,"2012-10",48
2012,"Octubre","Bangladesh",6,1,5,7,10,"2012-10",119
2012,"Octubre","Barbados",7,16,-9,23,10,"2012-10",89
2012,"Octubre","República de Belarús",22,11,11,33,10,"2012-10",78
2012,"Octubre","Bélgica",457,125,332,582,10,"2012-10",34
2012,"Octubre","Belice",23,5,18,28,10,"2012-10",82
2012,"Octubre","Benín",1,0,1,1,10,"2012-10",183
2012,"Octubre","Bermudas/Territorio Británico de Ultramar",1,5,-4,6,10,"2012-10",124
2012,"Octubre","Bolivia",887,689,198,1576,10,"2012-10",24
2012,"Octubre","Bosnia y Herzegovina",2,0,2,2,10,"2012-10",158
2012,"Octubre","Brasil",7045,5802,1243,12847,10,"2012-10",10
2012,"Octubre","Brunei Darussalam",6,0,6,6,10,"2012-10",124
2012,"Octubre","Bulgaria",19,4,15,23,10,"2012-10",89
2012,"Octubre","Cabo Verde",1,0,1,1,10,"2012-10",183
2012,"Octubre","Camboya",4,2,2,6,10,"2012-10",124
2012,"Octubre","Camerún",25,1,24,26,10,"2012-10",84
2012,"Octubre","Canadá",2383,2451,-68,4834,10,"2012-10",13
2012,"Octubre","España",8490,14616,-6126,23106,10,"2012-10",5
2012,"Octubre","República Democrática del Congo",6,8,-2,14,10,"2012-10",100
2012,"Octubre","República de Corea",559,64,495,623,10,"2012-10",33
2012,"Octubre","Costa de Marfil",8,0,8,8,10,"2012-10",114
2012,"Octubre","Costa Rica",2041,2057,-16,4098,10,"2012-10",15
2012,"Octubre","Croacia",43,4,39,47,10,"2012-10",70
2012,"Octubre","Cuba",419,2655,-2236,3074,10,"2012-10",18
2012,"Octubre","Curazao",5,1326,-1321,1331,10,"2012-10",25
2012,"Octubre","República Checa",77,11,66,88,10,"2012-10",62
2012,"Octubre","Chile",7027,5977,1050,13004,10,"2012-10",9
2012,"Octubre","China",819,873,-54,1692,10,"2012-10",22
2012,"Octubre","Chipre",6,2,4,8,10,"2012-10",114
2012,"Octubre","Dinamarca",207,27,180,234,10,"2012-10",50
2012,"Octubre","Dominica",5,3,2,8,10,"2012-10",114
2012,"Octubre","Ecuador",9790,24285,-14495,34075,10,"2012-10",3
2012,"Octubre","Egipto",21,285,-264,306,10,"2012-10",42
2012,"Octubre","El Salvador",1271,1901,-630,3172,10,"2012-10",17
2012,"Octubre","Emiratos Árabes",1,213,-212,214,10,"2012-10",54
2012,"Octubre","Eritrea",1,0,1,1,10,"2012-10",183
2012,"Octubre","Eslovaquia",20,0,20,20,10,"2012-10",93
2012,"Octubre","Eslovenia",39,2,37,41,10,"2012-10",74
2012,"Octubre","Estados Unidos de América",21947,82747,-60800,104694,10,"2012-10",1
2012,"Octubre","Estonia",22,1,21,23,10,"2012-10",89
2012,"Octubre","Etiopia",5,2,3,7,10,"2012-10",119
2012,"Octubre","Filipinas",216,9,207,225,10,"2012-10",52
2012,"Octubre","Finlandia",148,14,134,162,10,"2012-10",56
2012,"Octubre","Francia",3077,2374,703,5451,10,"2012-10",11
2012,"Octubre","Gabón",3,5,-2,8,10,"2012-10",114
2012,"Octubre","Georgia",1,2,-1,3,10,"2012-10",146
2012,"Octubre","Ghana",4,1,3,5,10,"2012-10",128
2012,"Octubre","Granada",1,1,0,2,10,"2012-10",158
2012,"Octubre","Grecia",83,19,64,102,10,"2012-10",61
2012,"Octubre","Guatemala",939,661,278,1600,10,"2012-10",23
2012,"Octubre","Guyana",20,6,14,26,10,"2012-10",84
2012,"Octubre","Guayana Francesa/Departamento de Ultramar Francés",1,0,1,1,10,"2012-10",183
2012,"Octubre","Haití",82,42,40,124,10,"2012-10",58
2012,"Octubre","Honduras",494,425,69,919,10,"2012-10",30
2012,"Octubre","Hong Kong",1,235,-234,236,10,"2012-10",49
2012,"Octubre","Hungría",40,6,34,46,10,"2012-10",71
2012,"Octubre","India",326,149,177,475,10,"2012-10",38
2012,"Octubre","Indonesia",36,25,11,61,10,"2012-10",65
2012,"Octubre","Iraq",12,21,-9,33,10,"2012-10",78
2012,"Octubre","Irán",20,10,10,30,10,"2012-10",80
2012,"Octubre","República de Irlanda",198,18,180,216,10,"2012-10",53
2012,"Octubre","Islandia",21,0,21,21,10,"2012-10",92
2012,"Octubre","Isla de Man",245,1,244,246,10,"2012-10",48
2012,"Octubre","Isla Johnston",2,0,2,2,10,"2012-10",158
2012,"Octubre","Israel",624,430,194,1054,10,"2012-10",28
2012,"Octubre","Islas Aland/Provincia de Finlandia",2,0,2,2,10,"2012-10",158
2012,"Octubre","Italia",2335,1156,1179,3491,10,"2012-10",16
2012,"Octubre","Islas del Canal",1,0,1,1,10,"2012-10",183
2012,"Octubre","Jamaica",57,171,-114,228,10,"2012-10",51
2012,"Octubre","Japón",629,216,413,845,10,"2012-10",32
2012,"Octubre","Jordania",8,7,1,15,10,"2012-10",97
2012,"Octubre","Kazajistán",6,2,4,8,10,"2012-10",114
2012,"Octubre","Kenia",23,9,14,32,10,"2012-10",79
2012,"Octubre","Kirguistán",2,0,2,2,10,"2012-10",158
2012,"Octubre","Letonia",14,0,14,14,10,"2012-10",100
2012,"Octubre","Lituania",28,16,12,44,10,"2012-10",72
2012,"Octubre","Líbano",65,14,51,79,10,"2012-10",63
2012,"Octubre","Libia",1,0,1,1,10,"2012-10",183
2012,"Octubre","Liechtenstein",2,0,2,2,10,"2012-10",158
2012,"Octubre","Luxemburgo",16,6,10,22,10,"2012-10",90
2012,"Octubre","Macedonia",1,0,1,1,10,"2012-10",183
2012,"Octubre","Madagascar",3,1,2,4,10,"2012-10",135
2012,"Octubre","Malasia",35,12,23,47,10,"2012-10",70
2012,"Octubre","Malawi",1,1,0,2,10,"2012-10",158
2012,"Octubre","Malí",1,1,0,2,10,"2012-10",158
2012,"Octubre","Malta",2,2,0,4,10,"2012-10",135
2012,"Octubre","Marruecos",10,14,-4,24,10,"2012-10",86
2012,"Octubre","Mauricio",2,0,2,2,10,"2012-10",158
2012,"Octubre","México",7904,12060,-4156,19964,10,"2012-10",6
2012,"Octubre","República de Moldavia",4,3,1,7,10,"2012-10",119
2012,"Octubre","Mongolia",3,1,2,4,10,"2012-10",135
2012,"Octubre","Myanmar",1,11,-10,12,10,"2012-10",103
2012,"Octubre","Namibia",5,0,5,5,10,"2012-10",128
2012,"Octubre","Nepal",2,1,1,3,10,"2012-10",146
2012,"Octubre","Nicaragua",231,177,54,408,10,"2012-10",39
2012,"Octubre","Nigeria",11,30,-19,41,10,"2012-10",74
2012,"Octubre","Noruega",189,58,131,247,10,"2012-10",45
2012,"Octubre","Nueva Zelanda",177,30,147,207,10,"2012-10",55
2012,"Octubre","Pakistán",14,0,14,14,10,"2012-10",100
2012,"Octubre","Panamá",2571,29257,-26686,31828,10,"2012-10",4
2012,"Octubre","Paraguay",579,287,292,866,10,"2012-10",31
2012,"Octubre","Perú",8051,10825,-2774,18876,10,"2012-10",7
2012,"Octubre","Palestina",6,7,-1,13,10,"2012-10",101
2012,"Octubre","Polonia",223,23,200,246,10,"2012-10",48
2012,"Octubre","Portugal",478,64,414,542,10,"2012-10",35
2012,"Octubre","Puerto Rico/Territorio de Estados Unidos",6,382,-376,388,10,"2012-10",40
2012,"Octubre","Reino Unido de Gran Bretaña e Irlanda del Norte",1969,998,971,2967,10,"2012-10",19
2012,"Octubre","República CentroÁfricana",2,1,1,3,10,"2012-10",146
2012,"Octubre","Federación de Rusia",440,66,374,506,10,"2012-10",37
2012,"Octubre","República Dominicana",845,3638,-2793,4483,10,"2012-10",14
2012,"Octubre","Rumania",106,3,103,109,10,"2012-10",60
2012,"Octubre","Rwanda",3,0,3,3,10,"2012-10",146
2012,"Octubre","San Cristóbal y Nevis",1,2,-1,3,10,"2012-10",146
2012,"Octubre","Samoa Estadounidense/Territorio no incorporado de Estados Unidos",1,0,1,1,10,"2012-10",183
2012,"Octubre","San  Vicente y las Granadinas",5,0,5,5,10,"2012-10",128
2012,"Octubre","Santa Lucia",18,0,18,18,10,"2012-10",95
2012,"Octubre","Santa Sede/Ciudad del Vaticano",1,0,1,1,10,"2012-10",183
2012,"Octubre","Senegal",8,0,8,8,10,"2012-10",114
2012,"Octubre","Serbia",10,0,10,10,10,"2012-10",106
2012,"Octubre","Singapur",24,42,-18,66,10,"2012-10",64
2012,"Octubre","República Árabe Siria",5,0,5,5,10,"2012-10",128
2012,"Octubre","Sri Lanka",4,0,4,4,10,"2012-10",135
2012,"Octubre","Sudáfrica",123,27,96,150,10,"2012-10",57
2012,"Octubre","Sudán",1,0,1,1,10,"2012-10",183
2012,"Octubre","Suecia",426,87,339,513,10,"2012-10",36
2012,"Octubre","Suiza",914,345,569,1259,10,"2012-10",26
2012,"Octubre","Surinam",39,11,28,50,10,"2012-10",68
2012,"Octubre","Taiwán",112,3,109,115,10,"2012-10",59
2012,"Octubre","Tailandia",14,41,-27,55,10,"2012-10",67
2012,"Octubre","Territorio Antártico Británico/Territorio Británico de Ultramar",1,0,1,1,10,"2012-10",183
2012,"Octubre","Tanzania",3,1,2,4,10,"2012-10",135
2012,"Octubre","Togo",2,0,2,2,10,"2012-10",158
2012,"Octubre","Trinidad y Tobago",140,127,13,267,10,"2012-10",44
2012,"Octubre","Túnez",2,1,1,3,10,"2012-10",146
2012,"Octubre","Turquía",142,134,8,276,10,"2012-10",43
2012,"Octubre","Ucrania",56,2,54,58,10,"2012-10",66
2012,"Octubre","Uganda",3,0,3,3,10,"2012-10",146
2012,"Octubre","Uruguay",765,255,510,1020,10,"2012-10",29
2012,"Octubre","Venezuela",18769,36616,-17847,55385,10,"2012-10",2
2012,"Octubre","Vietnam",8,13,-5,21,10,"2012-10",92
2012,"Octubre","República Árabe de Yemen",1,0,1,1,10,"2012-10",183
2012,"Octubre","Yugoslavia",1,0,1,1,10,"2012-10",183
2012,"Octubre","Zambia",1,0,1,1,10,"2012-10",183
2012,"Octubre","Zimbabue",1,0,1,1,10,"2012-10",183
2012,"Octubre","Desconocido",1,27,-26,28,10,"2012-10",82
2012,"Noviembre","Afganistán",2,34,-32,36,11,"2012-11",74
2012,"Noviembre","Albania",3,1,2,4,11,"2012-11",147
2012,"Noviembre","Alemania",3780,1419,2361,5199,11,"2012-11",11
2012,"Noviembre","Andorra",12,2,10,14,11,"2012-11",98
2012,"Noviembre","Angola",1,12,-11,13,11,"2012-11",102
2012,"Noviembre","Antigua y Barbuda",4,1,3,5,11,"2012-11",136
2012,"Noviembre","Países Bajos",2491,326,2165,2817,11,"2012-11",20
2012,"Noviembre","Arabia Saudita",4,54,-50,58,11,"2012-11",69
2012,"Noviembre","Argelia",3,10,-7,13,11,"2012-11",102
2012,"Noviembre","Argentina",9007,7426,1581,16433,11,"2012-11",8
2012,"Noviembre","República de Armenia",3,2,1,5,11,"2012-11",136
2012,"Noviembre","Aruba",10,3213,-3203,3223,11,"2012-11",17
2012,"Noviembre","Australia",1042,470,572,1512,11,"2012-11",24
2012,"Noviembre","Austria",412,53,359,465,11,"2012-11",38
2012,"Noviembre","Azerbaiyán",1,12,-11,13,11,"2012-11",102
2012,"Noviembre","Bahamas",20,133,-113,153,11,"2012-11",54
2012,"Noviembre","Bangladesh",2,9,-7,11,11,"2012-11",103
2012,"Noviembre","Barbados",13,13,0,26,11,"2012-11",79
2012,"Noviembre","República de Belarús",7,13,-6,20,11,"2012-11",89
2012,"Noviembre","Bélgica",470,103,367,573,11,"2012-11",34
2012,"Noviembre","Belice",10,5,5,15,11,"2012-11",96
2012,"Noviembre","Benín",1,2,-1,3,11,"2012-11",153
2012,"Noviembre","Bermudas/Territorio Británico de Ultramar",3,2,1,5,11,"2012-11",136
2012,"Noviembre","Bolivia",1064,572,492,1636,11,"2012-11",23
2012,"Noviembre","Bosnia y Herzegovina",2,0,2,2,11,"2012-11",169
2012,"Noviembre","Botsuana",2,0,2,2,11,"2012-11",169
2012,"Noviembre","Brasil",6404,6795,-391,13199,11,"2012-11",9
2012,"Noviembre","Bulgaria",23,2,21,25,11,"2012-11",80
2012,"Noviembre","Burundi",2,0,2,2,11,"2012-11",169
2012,"Noviembre","Islas Caimán/Territorio Británico de Ultramar",2,5,-3,7,11,"2012-11",119
2012,"Noviembre","Camboya",4,4,0,8,11,"2012-11",117
2012,"Noviembre","Camerún",6,0,6,6,11,"2012-11",128
2012,"Noviembre","Canadá",3076,1719,1357,4795,11,"2012-11",13
2012,"Noviembre","España",8936,10373,-1437,19309,11,"2012-11",5
2012,"Noviembre","República Democrática del Congo",7,7,0,14,11,"2012-11",98
2012,"Noviembre","República de Corea",723,39,684,762,11,"2012-11",32
2012,"Noviembre","Costa de Marfil",2,0,2,2,11,"2012-11",169
2012,"Noviembre","Costa Rica",2037,2021,16,4058,11,"2012-11",14
2012,"Noviembre","Croacia",37,1,36,38,11,"2012-11",73
2012,"Noviembre","Cuba",333,2060,-1727,2393,11,"2012-11",21
2012,"Noviembre","Curazao",24,1305,-1281,1329,11,"2012-11",26
2012,"Noviembre","República Checa",72,12,60,84,11,"2012-11",62
2012,"Noviembre","Chile",5959,6146,-187,12105,11,"2012-11",10
2012,"Noviembre","China",748,589,159,1337,11,"2012-11",25
2012,"Noviembre","Chipre",3,2,1,5,11,"2012-11",136
2012,"Noviembre","Dinamarca",250,27,223,277,11,"2012-11",45
2012,"Noviembre","Dominica",9,8,1,17,11,"2012-11",93
2012,"Noviembre","Ecuador",9630,24889,-15259,34519,11,"2012-11",3
2012,"Noviembre","Egipto",15,112,-97,127,11,"2012-11",56
2012,"Noviembre","El Salvador",1320,1855,-535,3175,11,"2012-11",18
2012,"Noviembre","Emiratos Árabes",4,347,-343,351,11,"2012-11",41
2012,"Noviembre","Eslovaquia",41,3,38,44,11,"2012-11",72
2012,"Noviembre","Eslovenia",54,8,46,62,11,"2012-11",68
2012,"Noviembre","Estados Unidos de América",24741,81383,-56642,106124,11,"2012-11",1
2012,"Noviembre","Estonia",22,0,22,22,11,"2012-11",86
2012,"Noviembre","Etiopia",5,4,1,9,11,"2012-11",110
2012,"Noviembre","Islas Fiji",1,0,1,1,11,"2012-11",184
2012,"Noviembre","Filipinas",192,9,183,201,11,"2012-11",50
2012,"Noviembre","Finlandia",129,20,109,149,11,"2012-11",55
2012,"Noviembre","Francia",3155,1658,1497,4813,11,"2012-11",12
2012,"Noviembre","Gabón",2,3,-1,5,11,"2012-11",136
2012,"Noviembre","Georgia",7,1,6,8,11,"2012-11",117
2012,"Noviembre","Ghana",11,5,6,16,11,"2012-11",94
2012,"Noviembre","Granada",4,0,4,4,11,"2012-11",147
2012,"Noviembre","Grecia",109,13,96,122,11,"2012-11",59
2012,"Noviembre","Guatemala",1049,737,312,1786,11,"2012-11",22
2012,"Noviembre","Guyana",21,8,13,29,11,"2012-11",78
2012,"Noviembre","Guinea Ecuatorial",1,8,-7,9,11,"2012-11",110
2012,"Noviembre","Guayana Francesa/Departamento de Ultramar Francés",1,7,-6,8,11,"2012-11",117
2012,"Noviembre","Haití",44,57,-13,101,11,"2012-11",60
2012,"Noviembre","Honduras",482,399,83,881,11,"2012-11",29
2012,"Noviembre","Hungría",52,4,48,56,11,"2012-11",70
2012,"Noviembre","India",318,106,212,424,11,"2012-11",39
2012,"Noviembre","Indonesia",74,20,54,94,11,"2012-11",61
2012,"Noviembre","Iraq",1,12,-11,13,11,"2012-11",102
2012,"Noviembre","Irán",13,2,11,15,11,"2012-11",96
2012,"Noviembre","República de Irlanda",247,19,228,266,11,"2012-11",46
2012,"Noviembre","Islandia",21,0,21,21,11,"2012-11",88
2012,"Noviembre","Isla de Man",294,0,294,294,11,"2012-11",44
2012,"Noviembre","Isla Johnston",2,0,2,2,11,"2012-11",169
2012,"Noviembre","Israel",428,336,92,764,11,"2012-11",31
2012,"Noviembre","Italia",2624,733,1891,3357,11,"2012-11",16
2012,"Noviembre","Islas del Canal",5,0,5,5,11,"2012-11",136
2012,"Noviembre","Jamaica",35,201,-166,236,11,"2012-11",49
2012,"Noviembre","Islas Midway/Territorio no incorporado de Estados Unidos",1,0,1,1,11,"2012-11",184
2012,"Noviembre","Japón",708,133,575,841,11,"2012-11",30
2012,"Noviembre","Jordania",8,22,-14,30,11,"2012-11",77
2012,"Noviembre","Kazajistán",4,2,2,6,11,"2012-11",128
2012,"Noviembre","Kenia",13,4,9,17,11,"2012-11",93
2012,"Noviembre","Kirguistán",2,0,2,2,11,"2012-11",169
2012,"Noviembre","Kuwait",2,2,0,4,11,"2012-11",147
2012,"Noviembre","República de Kosovo",1,0,1,1,11,"2012-11",184
2012,"Noviembre","Letonia",33,1,32,34,11,"2012-11",75
2012,"Noviembre","Lituania",14,8,6,22,11,"2012-11",86
2012,"Noviembre","Líbano",56,10,46,66,11,"2012-11",65
2012,"Noviembre","Liberia",4,0,4,4,11,"2012-11",147
2012,"Noviembre","Libia",1,1,0,2,11,"2012-11",169
2012,"Noviembre","Liechtenstein",3,0,3,3,11,"2012-11",153
2012,"Noviembre","Luxemburgo",12,5,7,17,11,"2012-11",93
2012,"Noviembre","Macedonia",6,0,6,6,11,"2012-11",128
2012,"Noviembre","Madagascar",6,0,6,6,11,"2012-11",128
2012,"Noviembre","Malasia",33,14,19,47,11,"2012-11",71
2012,"Noviembre","Malawi",1,0,1,1,11,"2012-11",184
2012,"Noviembre","Malí",3,0,3,3,11,"2012-11",153
2012,"Noviembre","Malta",2,6,-4,8,11,"2012-11",117
2012,"Noviembre","Marruecos",5,19,-14,24,11,"2012-11",83
2012,"Noviembre","Mauricio",1,1,0,2,11,"2012-11",169
2012,"Noviembre","Mauritania",1,0,1,1,11,"2012-11",184
2012,"Noviembre","México",7378,11527,-4149,18905,11,"2012-11",6
2012,"Noviembre","República de Moldavia",1,1,0,2,11,"2012-11",169
2012,"Noviembre","Mónaco",2,3,-1,5,11,"2012-11",136
2012,"Noviembre","Montenegro",1,0,1,1,11,"2012-11",184
2012,"Noviembre","Montserrat/Territorio Británico de Ultramar",2,0,2,2,11,"2012-11",169
2012,"Noviembre","Mozambique",2,0,2,2,11,"2012-11",169
2012,"Noviembre","Namibia",3,0,3,3,11,"2012-11",153
2012,"Noviembre","Nepal",4,0,4,4,11,"2012-11",147
2012,"Noviembre","Nicaragua",171,144,27,315,11,"2012-11",42
2012,"Noviembre","Nigeria",8,16,-8,24,11,"2012-11",83
2012,"Noviembre","Níger",1,0,1,1,11,"2012-11",184
2012,"Noviembre","Noruega",224,32,192,256,11,"2012-11",47
2012,"Noviembre","Nueva Zelanda",143,41,102,184,11,"2012-11",51
2012,"Noviembre","Omán",1,7,-6,8,11,"2012-11",117
2012,"Noviembre","Papúa Nueva Guinea",1,7,-6,8,11,"2012-11",117
2012,"Noviembre","Pakistán",21,0,21,21,11,"2012-11",88
2012,"Noviembre","Panamá",2881,29682,-26801,32563,11,"2012-11",4
2012,"Noviembre","Paraguay",339,204,135,543,11,"2012-11",35
2012,"Noviembre","Perú",7695,10076,-2381,17771,11,"2012-11",7
2012,"Noviembre","Palestina",1,8,-7,9,11,"2012-11",110
2012,"Noviembre","Polonia",275,20,255,295,11,"2012-11",43
2012,"Noviembre","Portugal",413,100,313,513,11,"2012-11",36
2012,"Noviembre","Polinesia Francesa/Colectividad de Ultramar Francesa",1,0,1,1,11,"2012-11",184
2012,"Noviembre","Puerto Rico/Territorio de Estados Unidos",6,463,-457,469,11,"2012-11",37
2012,"Noviembre","Qatar",3,15,-12,18,11,"2012-11",90
2012,"Noviembre","Reino Unido de Gran Bretaña e Irlanda del Norte",1952,911,1041,2863,11,"2012-11",19
2012,"Noviembre","República CentroÁfricana",4,0,4,4,11,"2012-11",147
2012,"Noviembre","Federación de Rusia",370,52,318,422,11,"2012-11",40
2012,"Noviembre","República Dominicana",1032,2811,-1779,3843,11,"2012-11",15
2012,"Noviembre","Rumania",115,8,107,123,11,"2012-11",58
2012,"Noviembre","San Cristóbal y Nevis",4,0,4,4,11,"2012-11",147
2012,"Noviembre","San  Vicente y las Granadinas",2,0,2,2,11,"2012-11",169
2012,"Noviembre","Santa Lucia",9,1,8,10,11,"2012-11",104
2012,"Noviembre","Senegal",1,3,-2,4,11,"2012-11",147
2012,"Noviembre","Serbia",9,0,9,9,11,"2012-11",110
2012,"Noviembre","Singapur",40,39,1,79,11,"2012-11",63
2012,"Noviembre","República Árabe Siria",6,0,6,6,11,"2012-11",128
2012,"Noviembre","Sri Lanka",3,1,2,4,11,"2012-11",147
2012,"Noviembre","Sudáfrica",137,25,112,162,11,"2012-11",53
2012,"Noviembre","Sudán",4,2,2,6,11,"2012-11",128
2012,"Noviembre","Suecia",504,79,425,583,11,"2012-11",33
2012,"Noviembre","Suiza",904,279,625,1183,11,"2012-11",27
2012,"Noviembre","Surinam",58,16,42,74,11,"2012-11",64
2012,"Noviembre","Taiwán",112,14,98,126,11,"2012-11",57
2012,"Noviembre","Tailandia",13,20,-7,33,11,"2012-11",76
2012,"Noviembre","Tíbet/Región Autónoma de China",1,0,1,1,11,"2012-11",184
2012,"Noviembre","Territorio Antártico Británico/Territorio Británico de Ultramar",6,0,6,6,11,"2012-11",128
2012,"Noviembre","Tanzania",2,0,2,2,11,"2012-11",169
2012,"Noviembre","Togo",1,0,1,1,11,"2012-11",184
2012,"Noviembre","Trinidad y Tobago",98,147,-49,245,11,"2012-11",48
2012,"Noviembre","Túnez",3,2,1,5,11,"2012-11",136
2012,"Noviembre","Turquía",88,88,0,176,11,"2012-11",52
2012,"Noviembre","Ucrania",55,8,47,63,11,"2012-11",66
2012,"Noviembre","Uganda",4,2,2,6,11,"2012-11",128
2012,"Noviembre","Uruguay",725,336,389,1061,11,"2012-11",28
2012,"Noviembre","Venezuela",18852,44663,-25811,63515,11,"2012-11",2
2012,"Noviembre","Vietnam",5,4,1,9,11,"2012-11",110
2012,"Noviembre","República Árabe de Yemen",3,1,2,4,11,"2012-11",147
2012,"Noviembre","Yugoslavia",3,0,3,3,11,"2012-11",153
2012,"Noviembre","Zambia",1,2,-1,3,11,"2012-11",153
2012,"Noviembre","Zimbabue",7,0,7,7,11,"2012-11",119
2012,"Noviembre","Desconocido",4,20,-16,24,11,"2012-11",83
2012,"Diciembre","Afganistán",1,39,-38,40,12,"2012-12",72
2012,"Diciembre","Albania",6,1,5,7,12,"2012-12",113
2012,"Diciembre","Alemania",4305,1842,2463,6147,12,"2012-12",14
2012,"Diciembre","Andorra",9,6,3,15,12,"2012-12",98
2012,"Diciembre","Angola",1,9,-8,10,12,"2012-12",106
2012,"Diciembre","Antigua y Barbuda",1,2,-1,3,12,"2012-12",137
2012,"Diciembre","Países Bajos",2971,1360,1611,4331,12,"2012-12",17
2012,"Diciembre","Arabia Saudita",15,39,-24,54,12,"2012-12",68
2012,"Diciembre","Argelia",5,5,0,10,12,"2012-12",106
2012,"Diciembre","Argentina",8732,9117,-385,17849,12,"2012-12",8
2012,"Diciembre","República de Armenia",3,0,3,3,12,"2012-12",137
2012,"Diciembre","Aruba",8,8663,-8655,8671,12,"2012-12",11
2012,"Diciembre","Australia",1395,639,756,2034,12,"2012-12",22
2012,"Diciembre","Austria",455,66,389,521,12,"2012-12",36
2012,"Diciembre","Azerbaiyán",3,2,1,5,12,"2012-12",125
2012,"Diciembre","Bahamas",15,170,-155,185,12,"2012-12",55
2012,"Diciembre","Bangladesh",2,4,-2,6,12,"2012-12",120
2012,"Diciembre","Barbados",7,14,-7,21,12,"2012-12",91
2012,"Diciembre","República de Belarús",3,18,-15,21,12,"2012-12",91
2012,"Diciembre","Bélgica",603,133,470,736,12,"2012-12",32
2012,"Diciembre","Belice",17,12,5,29,12,"2012-12",80
2012,"Diciembre","Bermudas/Territorio Británico de Ultramar",8,8,0,16,12,"2012-12",96
2012,"Diciembre","Bolivia",1002,652,350,1654,12,"2012-12",24
2012,"Diciembre","Bosnia y Herzegovina",2,0,2,2,12,"2012-12",148
2012,"Diciembre","Brasil",6327,6474,-147,12801,12,"2012-12",10
2012,"Diciembre","Bulgaria",26,9,17,35,12,"2012-12",77
2012,"Diciembre","Cabo Verde",1,2,-1,3,12,"2012-12",137
2012,"Diciembre","Islas Caimán/Territorio Británico de Ultramar",40,193,-153,233,12,"2012-12",53
2012,"Diciembre","Camboya",2,1,1,3,12,"2012-12",137
2012,"Diciembre","Camerún",3,3,0,6,12,"2012-12",120
2012,"Diciembre","Canadá",5056,2646,2410,7702,12,"2012-12",12
2012,"Diciembre","España",8299,14645,-6346,22944,12,"2012-12",6
2012,"Diciembre","República Democrática del Congo",1,5,-4,6,12,"2012-12",120
2012,"Diciembre","República de Corea",632,31,601,663,12,"2012-12",34
2012,"Diciembre","Costa de Marfil",2,3,-1,5,12,"2012-12",125
2012,"Diciembre","Costa Rica",2684,2521,163,5205,12,"2012-12",16
2012,"Diciembre","Croacia",41,0,41,41,12,"2012-12",71
2012,"Diciembre","Cuba",386,3816,-3430,4202,12,"2012-12",18
2012,"Diciembre","Curazao",27,1511,-1484,1538,12,"2012-12",25
2012,"Diciembre","República Checa",91,10,81,101,12,"2012-12",61
2012,"Diciembre","Chile",5722,7987,-2265,13709,12,"2012-12",9
2012,"Diciembre","China",550,303,247,853,12,"2012-12",29
2012,"Diciembre","Chipre",8,6,2,14,12,"2012-12",100
2012,"Diciembre","Dinamarca",232,57,175,289,12,"2012-12",47
2012,"Diciembre","Dominica",7,16,-9,23,12,"2012-12",87
2012,"Diciembre","Ecuador",10252,35336,-25084,45588,12,"2012-12",3
2012,"Diciembre","Egipto",31,309,-278,340,12,"2012-12",43
2012,"Diciembre","El Salvador",973,1863,-890,2836,12,"2012-12",21
2012,"Diciembre","Emiratos Árabes",7,320,-313,327,12,"2012-12",44
2012,"Diciembre","Eritrea",1,1,0,2,12,"2012-12",148
2012,"Diciembre","Eslovaquia",35,1,34,36,12,"2012-12",76
2012,"Diciembre","Eslovenia",31,1,30,32,12,"2012-12",78
2012,"Diciembre","Estados Unidos de América",35282,103471,-68189,138753,12,"2012-12",1
2012,"Diciembre","Estonia",17,3,14,20,12,"2012-12",93
2012,"Diciembre","Etiopia",3,1,2,4,12,"2012-12",127
2012,"Diciembre","Filipinas",174,5,169,179,12,"2012-12",56
2012,"Diciembre","Finlandia",176,20,156,196,12,"2012-12",54
2012,"Diciembre","Francia",3683,2612,1071,6295,12,"2012-12",13
2012,"Diciembre","Gabón",1,1,0,2,12,"2012-12",148
2012,"Diciembre","Gambia",1,0,1,1,12,"2012-12",175
2012,"Diciembre","Georgia",1,1,0,2,12,"2012-12",148
2012,"Diciembre","Ghana",7,0,7,7,12,"2012-12",113
2012,"Diciembre","Granada",1,0,1,1,12,"2012-12",175
2012,"Diciembre","Grecia",105,14,91,119,12,"2012-12",60
2012,"Diciembre","Guatemala",848,652,196,1500,12,"2012-12",26
2012,"Diciembre","Guyana",18,2,16,20,12,"2012-12",93
2012,"Diciembre","Guinea Bissau",2,0,2,2,12,"2012-12",148
2012,"Diciembre","Haití",44,22,22,66,12,"2012-12",66
2012,"Diciembre","Honduras",428,387,41,815,12,"2012-12",30
2012,"Diciembre","Hungría",51,8,43,59,12,"2012-12",67
2012,"Diciembre","India",313,111,202,424,12,"2012-12",40
2012,"Diciembre","Indonesia",37,29,8,66,12,"2012-12",66
2012,"Diciembre","Irán",37,2,35,39,12,"2012-12",73
2012,"Diciembre","República de Irlanda",239,28,211,267,12,"2012-12",49
2012,"Diciembre","Islandia",25,2,23,27,12,"2012-12",82
2012,"Diciembre","Isla de Man",365,0,365,365,12,"2012-12",42
2012,"Diciembre","Isla Johnston",1,0,1,1,12,"2012-12",175
2012,"Diciembre","Israel",452,300,152,752,12,"2012-12",31
2012,"Diciembre","Islas Aland/Provincia de Finlandia",1,1,0,2,12,"2012-12",148
2012,"Diciembre","Italia",2845,982,1863,3827,12,"2012-12",19
2012,"Diciembre","Islas del Canal",3,0,3,3,12,"2012-12",137
2012,"Diciembre","Jamaica",58,264,-206,322,12,"2012-12",45
2012,"Diciembre","Japón",580,104,476,684,12,"2012-12",33
2012,"Diciembre","Jordania",11,8,3,19,12,"2012-12",94
2012,"Diciembre","Kazajistán",4,2,2,6,12,"2012-12",120
2012,"Diciembre","Kenia",9,7,2,16,12,"2012-12",96
2012,"Diciembre","Kirguistán",1,0,1,1,12,"2012-12",175
2012,"Diciembre","Kuwait",6,0,6,6,12,"2012-12",120
2012,"Diciembre","Letonia",25,0,25,25,12,"2012-12",83
2012,"Diciembre","Lituania",29,2,27,31,12,"2012-12",79
2012,"Diciembre","Líbano",52,25,27,77,12,"2012-12",63
2012,"Diciembre","Libia",7,0,7,7,12,"2012-12",113
2012,"Diciembre","Liechtenstein",10,0,10,10,12,"2012-12",106
2012,"Diciembre","Luxemburgo",18,6,12,24,12,"2012-12",85
2012,"Diciembre","Macedonia",1,0,1,1,12,"2012-12",175
2012,"Diciembre","Madagascar",1,0,1,1,12,"2012-12",175
2012,"Diciembre","Malasia",38,14,24,52,12,"2012-12",69
2012,"Diciembre","Malta",6,3,3,9,12,"2012-12",107
2012,"Diciembre","Marruecos",9,18,-9,27,12,"2012-12",82
2012,"Diciembre","Mauricio",3,0,3,3,12,"2012-12",137
2012,"Diciembre","Mauritania",1,0,1,1,12,"2012-12",175
2012,"Diciembre","México",7609,17708,-10099,25317,12,"2012-12",5
2012,"Diciembre","República de Moldavia",2,0,2,2,12,"2012-12",148
2012,"Diciembre","Mónaco",3,4,-1,7,12,"2012-12",113
2012,"Diciembre","Mongolia",1,0,1,1,12,"2012-12",175
2012,"Diciembre","Montenegro",1,0,1,1,12,"2012-12",175
2012,"Diciembre","Mozambique",5,0,5,5,12,"2012-12",125
2012,"Diciembre","Nepal",2,1,1,3,12,"2012-12",137
2012,"Diciembre","Nicaragua",152,151,1,303,12,"2012-12",46
2012,"Diciembre","Nigeria",12,10,2,22,12,"2012-12",88
2012,"Diciembre","Noruega",449,60,389,509,12,"2012-12",37
2012,"Diciembre","Nueva Zelanda",217,38,179,255,12,"2012-12",50
2012,"Diciembre","Omán",1,11,-10,12,12,"2012-12",101
2012,"Diciembre","Pakistán",14,1,13,15,12,"2012-12",98
2012,"Diciembre","Panamá",3419,31636,-28217,35055,12,"2012-12",4
2012,"Diciembre","Paraguay",191,191,0,382,12,"2012-12",41
2012,"Diciembre","Perú",6719,11651,-4932,18370,12,"2012-12",7
2012,"Diciembre","Palestina",1,4,-3,5,12,"2012-12",125
2012,"Diciembre","Polonia",229,18,211,247,12,"2012-12",51
2012,"Diciembre","Portugal",428,79,349,507,12,"2012-12",38
2012,"Diciembre","Qatar",5,9,-4,14,12,"2012-12",100
2012,"Diciembre","Reino Unido de Gran Bretaña e Irlanda del Norte",2586,1134,1452,3720,12,"2012-12",20
2012,"Diciembre","República CentroÁfricana",1,0,1,1,12,"2012-12",175
2012,"Diciembre","Federación de Rusia",426,49,377,475,12,"2012-12",39
2012,"Diciembre","República Dominicana",854,4360,-3506,5214,12,"2012-12",15
2012,"Diciembre","Rumania",113,10,103,123,12,"2012-12",59
2012,"Diciembre","San Marino",3,0,3,3,12,"2012-12",137
2012,"Diciembre","San  Vicente y las Granadinas",2,0,2,2,12,"2012-12",148
2012,"Diciembre","Santa Lucia",10,1,9,11,12,"2012-12",103
2012,"Diciembre","Santa Sede/Ciudad del Vaticano",1,0,1,1,12,"2012-12",175
2012,"Diciembre","Senegal",4,0,4,4,12,"2012-12",127
2012,"Diciembre","Serbia",20,3,17,23,12,"2012-12",87
2012,"Diciembre","Singapur",22,68,-46,90,12,"2012-12",62
2012,"Diciembre","República Árabe Siria",3,0,3,3,12,"2012-12",137
2012,"Diciembre","Sri Lanka",2,0,2,2,12,"2012-12",148
2012,"Diciembre","Sudáfrica",111,43,68,154,12,"2012-12",57
2012,"Diciembre","Suecia",947,114,833,1061,12,"2012-12",27
2012,"Diciembre","Suiza",1532,478,1054,2010,12,"2012-12",23
2012,"Diciembre","Surinam",5,6,-1,11,12,"2012-12",103
2012,"Diciembre","Taiwán",130,2,128,132,12,"2012-12",58
2012,"Diciembre","Tailandia",9,28,-19,37,12,"2012-12",74
2012,"Diciembre","Tíbet/Región Autónoma de China",2,0,2,2,12,"2012-12",148
2012,"Diciembre","Territorio Antártico Británico/Territorio Británico de Ultramar",6,0,6,6,12,"2012-12",120
2012,"Diciembre","Tanzania",3,0,3,3,12,"2012-12",137
2012,"Diciembre","Trinidad y Tobago",132,113,19,245,12,"2012-12",52
2012,"Diciembre","Túnez",4,2,2,6,12,"2012-12",120
2012,"Diciembre","Turquía",138,131,7,269,12,"2012-12",48
2012,"Diciembre","Ucrania",59,8,51,67,12,"2012-12",64
2012,"Diciembre","Uruguay",629,302,327,931,12,"2012-12",28
2012,"Diciembre","Venezuela",31200,58810,-27610,90010,12,"2012-12",2
2012,"Diciembre","Vietnam",16,8,8,24,12,"2012-12",85
2012,"Diciembre","Zambia",1,0,1,1,12,"2012-12",175
2013,"Enero","Albania",2,0,2,2,1,"2013-1",157
2013,"Enero","Alemania",3833,2057,1776,5890,1,"2013-1",15
2013,"Enero","Andorra",14,5,9,19,1,"2013-1",96
2013,"Enero","Angola",9,23,-14,32,1,"2013-1",87
2013,"Enero","Antigua y Barbuda",3,0,3,3,1,"2013-1",142
2013,"Enero","Países Bajos",2298,1017,1281,3315,1,"2013-1",19
2013,"Enero","Arabia Saudita",13,91,-78,104,1,"2013-1",60
2013,"Enero","Argelia",6,15,-9,21,1,"2013-1",93
2013,"Enero","Argentina",14602,8444,6158,23046,1,"2013-1",7
2013,"Enero","República de Armenia",2,0,2,2,1,"2013-1",157
2013,"Enero","Aruba",12,7701,-7689,7713,1,"2013-1",12
2013,"Enero","Australia",1109,1246,-137,2355,1,"2013-1",22
2013,"Enero","Austria",458,86,372,544,1,"2013-1",38
2013,"Enero","Azerbaiyán",2,17,-15,19,1,"2013-1",96
2013,"Enero","Bahamas",10,186,-176,196,1,"2013-1",53
2013,"Enero","Bahréin",1,8,-7,9,1,"2013-1",116
2013,"Enero","Bangladesh",7,6,1,13,1,"2013-1",106
2013,"Enero","Barbados",9,18,-9,27,1,"2013-1",90
2013,"Enero","República de Belarús",13,26,-13,39,1,"2013-1",81
2013,"Enero","Bélgica",528,353,175,881,1,"2013-1",30
2013,"Enero","Belice",11,17,-6,28,1,"2013-1",89
2013,"Enero","Benín",1,2,-1,3,1,"2013-1",142
2013,"Enero","Bolivia",1156,887,269,2043,1,"2013-1",23
2013,"Enero","Bosnia y Herzegovina",3,0,3,3,1,"2013-1",142
2013,"Enero","Brasil",7765,6609,1156,14374,1,"2013-1",10
2013,"Enero","Bulgaria",29,5,24,34,1,"2013-1",85
2013,"Enero","Burkina Faso",2,1,1,3,1,"2013-1",142
2013,"Enero","Islas Caimán/Territorio Británico de Ultramar",21,75,-54,96,1,"2013-1",61
2013,"Enero","Camerún",6,3,3,9,1,"2013-1",116
2013,"Enero","Canadá",5028,7099,-2071,12127,1,"2013-1",11
2013,"Enero","España",8199,18857,-10658,27056,1,"2013-1",6
2013,"Enero","República Democrática del Congo",2,7,-5,9,1,"2013-1",116
2013,"Enero","República de Corea",665,31,634,696,1,"2013-1",36
2013,"Enero","Costa de Marfil",1,0,1,1,1,"2013-1",178
2013,"Enero","Costa Rica",2387,3542,-1155,5929,1,"2013-1",14
2013,"Enero","Croacia",47,2,45,49,1,"2013-1",76
2013,"Enero","Cuba",412,2722,-2310,3134,1,"2013-1",20
2013,"Enero","Curazao",6,1741,-1735,1747,1,"2013-1",26
2013,"Enero","República Checa",145,16,129,161,1,"2013-1",55
2013,"Enero","Chile",6972,8335,-1363,15307,1,"2013-1",9
2013,"Enero","China",539,439,100,978,1,"2013-1",28
2013,"Enero","Chipre",5,2,3,7,1,"2013-1",121
2013,"Enero","Dinamarca",237,59,178,296,1,"2013-1",45
2013,"Enero","Dominica",9,15,-6,24,1,"2013-1",91
2013,"Enero","Ecuador",8386,46067,-37681,54453,1,"2013-1",3
2013,"Enero","Egipto",28,58,-30,86,1,"2013-1",63
2013,"Enero","El Salvador",1173,1730,-557,2903,1,"2013-1",21
2013,"Enero","Emiratos Árabes",9,293,-284,302,1,"2013-1",44
2013,"Enero","Eslovaquia",81,2,79,83,1,"2013-1",66
2013,"Enero","Eslovenia",59,7,52,66,1,"2013-1",69
2013,"Enero","Estados Unidos de América",21809,92918,-71109,114727,1,"2013-1",1
2013,"Enero","Estonia",33,1,32,34,1,"2013-1",85
2013,"Enero","Etiopia",3,2,1,5,1,"2013-1",126
2013,"Enero","Filipinas",124,27,97,151,1,"2013-1",56
2013,"Enero","Finlandia",166,41,125,207,1,"2013-1",52
2013,"Enero","Francia",3685,2786,899,6471,1,"2013-1",13
2013,"Enero","Gabón",2,5,-3,7,1,"2013-1",121
2013,"Enero","Georgia",2,4,-2,6,1,"2013-1",124
2013,"Enero","Ghana",3,7,-4,10,1,"2013-1",112
2013,"Enero","Grecia",72,5,67,77,1,"2013-1",68
2013,"Enero","Guatemala",785,1140,-355,1925,1,"2013-1",25
2013,"Enero","Guyana",25,14,11,39,1,"2013-1",81
2013,"Enero","Guinea Bissau",1,1,0,2,1,"2013-1",157
2013,"Enero","Guayana Francesa/Departamento de Ultramar Francés",1,0,1,1,1,"2013-1",178
2013,"Enero","Haití",23,42,-19,65,1,"2013-1",70
2013,"Enero","Honduras",387,476,-89,863,1,"2013-1",31
2013,"Enero","Hong Kong",2,102,-100,104,1,"2013-1",60
2013,"Enero","Hungría",63,15,48,78,1,"2013-1",67
2013,"Enero","India",314,113,201,427,1,"2013-1",39
2013,"Enero","Indonesia",28,24,4,52,1,"2013-1",73
2013,"Enero","Irán",12,7,5,19,1,"2013-1",96
2013,"Enero","República de Irlanda",211,27,184,238,1,"2013-1",50
2013,"Enero","Islandia",9,5,4,14,1,"2013-1",104
2013,"Enero","Isla de Man",281,4,277,285,1,"2013-1",47
2013,"Enero","Isla Johnston",1,0,1,1,1,"2013-1",178
2013,"Enero","Israel",541,204,337,745,1,"2013-1",35
2013,"Enero","Islas Aland/Provincia de Finlandia",2,1,1,3,1,"2013-1",142
2013,"Enero","Italia",3092,1729,1363,4821,1,"2013-1",18
2013,"Enero","Jamaica",43,227,-184,270,1,"2013-1",48
2013,"Enero","Islas Marianas del Norte",1,0,1,1,1,"2013-1",178
2013,"Enero","Japón",632,117,515,749,1,"2013-1",34
2013,"Enero","Jordania",2,3,-1,5,1,"2013-1",126
2013,"Enero","Kenia",7,9,-2,16,1,"2013-1",101
2013,"Enero","Kirguistán",4,0,4,4,1,"2013-1",132
2013,"Enero","Kuwait",1,16,-15,17,1,"2013-1",99
2013,"Enero","Letonia",41,0,41,41,1,"2013-1",79
2013,"Enero","Lituania",33,2,31,35,1,"2013-1",82
2013,"Enero","Líbano",60,27,33,87,1,"2013-1",62
2013,"Enero","Liechtenstein",1,1,0,2,1,"2013-1",157
2013,"Enero","Luxemburgo",21,13,8,34,1,"2013-1",85
2013,"Enero","Macedonia",2,0,2,2,1,"2013-1",157
2013,"Enero","Malasia",22,21,1,43,1,"2013-1",78
2013,"Enero","Malawi",1,0,1,1,1,"2013-1",178
2013,"Enero","Malta",1,12,-11,13,1,"2013-1",106
2013,"Enero","Marruecos",16,16,0,32,1,"2013-1",87
2013,"Enero","Mauricio",1,0,1,1,1,"2013-1",178
2013,"Enero","México",6327,21330,-15003,27657,1,"2013-1",5
2013,"Enero","República de Moldavia",2,0,2,2,1,"2013-1",157
2013,"Enero","Mónaco",2,2,0,4,1,"2013-1",132
2013,"Enero","Mongolia",2,0,2,2,1,"2013-1",157
2013,"Enero","Montenegro",2,1,1,3,1,"2013-1",142
2013,"Enero","Mozambique",4,14,-10,18,1,"2013-1",97
2013,"Enero","Myanmar",2,4,-2,6,1,"2013-1",124
2013,"Enero","Nepal",3,0,3,3,1,"2013-1",142
2013,"Enero","Nicaragua",168,212,-44,380,1,"2013-1",42
2013,"Enero","Nigeria",15,36,-21,51,1,"2013-1",74
2013,"Enero","Noruega",304,84,220,388,1,"2013-1",41
2013,"Enero","Nueva Zelanda",144,75,69,219,1,"2013-1",51
2013,"Enero","Pakistán",15,6,9,21,1,"2013-1",93
2013,"Enero","Panamá",2709,33410,-30701,36119,1,"2013-1",4
2013,"Enero","Paraguay",252,164,88,416,1,"2013-1",40
2013,"Enero","Perú",7079,11297,-4218,18376,1,"2013-1",8
2013,"Enero","Polonia",258,34,224,292,1,"2013-1",46
2013,"Enero","Portugal",608,64,544,672,1,"2013-1",37
2013,"Enero","Puerto Rico/Territorio de Estados Unidos",5,855,-850,860,1,"2013-1",32
2013,"Enero","Qatar",24,25,-1,49,1,"2013-1",76
2013,"Enero","Reino Unido de Gran Bretaña e Irlanda del Norte",2123,3141,-1018,5264,1,"2013-1",16
2013,"Enero","Federación de Rusia",781,56,725,837,1,"2013-1",33
2013,"Enero","República Dominicana",731,4207,-3476,4938,1,"2013-1",17
2013,"Enero","Rumania",94,16,78,110,1,"2013-1",58
2013,"Enero","Rwanda",1,3,-2,4,1,"2013-1",132
2013,"Enero","Samoa Occidental",1,0,1,1,1,"2013-1",178
2013,"Enero","San  Vicente y las Granadinas",2,0,2,2,1,"2013-1",157
2013,"Enero","Santa Lucia",14,0,14,14,1,"2013-1",104
2013,"Enero","Santa Sede/Ciudad del Vaticano",1,0,1,1,1,"2013-1",178
2013,"Enero","Senegal",1,7,-6,8,1,"2013-1",119
2013,"Enero","Serbia",10,0,10,10,1,"2013-1",112
2013,"Enero","Sierra Leona",2,0,2,2,1,"2013-1",157
2013,"Enero","Singapur",42,42,0,84,1,"2013-1",65
2013,"Enero","República Árabe Siria",4,0,4,4,1,"2013-1",132
2013,"Enero","Sri Lanka",9,2,7,11,1,"2013-1",109
2013,"Enero","Sudáfrica",118,66,52,184,1,"2013-1",54
2013,"Enero","Suecia",639,405,234,1044,1,"2013-1",27
2013,"Enero","Suiza",1170,858,312,2028,1,"2013-1",24
2013,"Enero","Surinam",31,12,19,43,1,"2013-1",78
2013,"Enero","Taiwán",111,10,101,121,1,"2013-1",57
2013,"Enero","Tailandia",6,11,-5,17,1,"2013-1",99
2013,"Enero","Tíbet/Región Autónoma de China",1,0,1,1,1,"2013-1",178
2013,"Enero","Territorio Antártico Británico/Territorio Británico de Ultramar",6,0,6,6,1,"2013-1",124
2013,"Enero","Tanzania",4,0,4,4,1,"2013-1",132
2013,"Enero","Togo",3,0,3,3,1,"2013-1",142
2013,"Enero","Trinidad y Tobago",100,208,-108,308,1,"2013-1",43
2013,"Enero","Túnez",4,6,-2,10,1,"2013-1",112
2013,"Enero","Turkmenistán",2,0,2,2,1,"2013-1",157
2013,"Enero","Turquía",208,37,171,245,1,"2013-1",49
2013,"Enero","Ucrania",83,1,82,84,1,"2013-1",65
2013,"Enero","Uganda",2,2,0,4,1,"2013-1",132
2013,"Enero","Uruguay",731,231,500,962,1,"2013-1",29
2013,"Enero","Uzbekistán",1,0,1,1,1,"2013-1",178
2013,"Enero","Venezuela",21423,79211,-57788,100634,1,"2013-1",2
2013,"Enero","Vietnam",2,9,-7,11,1,"2013-1",109
2013,"Enero","Yugoslavia",1,0,1,1,1,"2013-1",178
2013,"Enero","Zambia",1,0,1,1,1,"2013-1",178
2013,"Enero","Zimbabue",2,0,2,2,1,"2013-1",157
2013,"Enero","Desconocido",1,56,-55,57,1,"2013-1",71
2013,"Febrero","Afganistán",1,48,-47,49,2,"2013-2",72
2013,"Febrero","Albania",3,0,3,3,2,"2013-2",149
2013,"Febrero","Alemania",3967,1458,2509,5425,2,"2013-2",12
2013,"Febrero","Andorra",12,3,9,15,2,"2013-2",96
2013,"Febrero","Angola",2,12,-10,14,2,"2013-2",98
2013,"Febrero","Antigua y Barbuda",3,4,-1,7,2,"2013-2",117
2013,"Febrero","Países Bajos",2447,702,1745,3149,2,"2013-2",18
2013,"Febrero","Arabia Saudita",4,28,-24,32,2,"2013-2",79
2013,"Febrero","Argelia",3,8,-5,11,2,"2013-2",99
2013,"Febrero","Argentina",11773,6146,5627,17919,2,"2013-2",7
2013,"Febrero","República de Armenia",3,0,3,3,2,"2013-2",149
2013,"Febrero","Aruba",18,4584,-4566,4602,2,"2013-2",14
2013,"Febrero","Australia",887,687,200,1574,2,"2013-2",25
2013,"Febrero","Austria",405,58,347,463,2,"2013-2",38
2013,"Febrero","Azerbaiyán",3,4,-1,7,2,"2013-2",117
2013,"Febrero","Bahamas",18,97,-79,115,2,"2013-2",59
2013,"Febrero","Bangladesh",20,3,17,23,2,"2013-2",88
2013,"Febrero","Barbados",5,25,-20,30,2,"2013-2",81
2013,"Febrero","República de Belarús",6,13,-7,19,2,"2013-2",92
2013,"Febrero","Bélgica",506,115,391,621,2,"2013-2",33
2013,"Febrero","Belice",17,9,8,26,2,"2013-2",84
2013,"Febrero","Benín",1,4,-3,5,2,"2013-2",132
2013,"Febrero","Bermudas/Territorio Británico de Ultramar",3,1,2,4,2,"2013-2",139
2013,"Febrero","Bolivia",1930,630,1300,2560,2,"2013-2",21
2013,"Febrero","Bosnia y Herzegovina",2,0,2,2,2,"2013-2",161
2013,"Febrero","Brasil",6552,5002,1550,11554,2,"2013-2",10
2013,"Febrero","Bulgaria",20,3,17,23,2,"2013-2",88
2013,"Febrero","Burundi",1,0,1,1,2,"2013-2",181
2013,"Febrero","Islas Caimán/Territorio Británico de Ultramar",4,10,-6,14,2,"2013-2",98
2013,"Febrero","Camerún",6,3,3,9,2,"2013-2",106
2013,"Febrero","Canadá",4936,2456,2480,7392,2,"2013-2",11
2013,"Febrero","España",7401,13766,-6365,21167,2,"2013-2",5
2013,"Febrero","República Democrática del Congo",3,7,-4,10,2,"2013-2",103
2013,"Febrero","República de Corea",545,44,501,589,2,"2013-2",34
2013,"Febrero","Costa de Marfil",3,2,1,5,2,"2013-2",132
2013,"Febrero","Costa Rica",2115,2143,-28,4258,2,"2013-2",15
2013,"Febrero","Croacia",46,6,40,52,2,"2013-2",71
2013,"Febrero","Cuba",365,1271,-906,1636,2,"2013-2",24
2013,"Febrero","Curazao",27,1070,-1043,1097,2,"2013-2",27
2013,"Febrero","República Checa",130,17,113,147,2,"2013-2",52
2013,"Febrero","Chile",10188,4582,5606,14770,2,"2013-2",9
2013,"Febrero","China",590,652,-62,1242,2,"2013-2",26
2013,"Febrero","Chipre",5,2,3,7,2,"2013-2",117
2013,"Febrero","Dinamarca",279,25,254,304,2,"2013-2",41
2013,"Febrero","Dominica",6,2,4,8,2,"2013-2",112
2013,"Febrero","Ecuador",10086,18784,-8698,28870,2,"2013-2",3
2013,"Febrero","Egipto",16,63,-47,79,2,"2013-2",64
2013,"Febrero","El Salvador",1483,1361,122,2844,2,"2013-2",19
2013,"Febrero","Emiratos Árabes",8,170,-162,178,2,"2013-2",48
2013,"Febrero","Eslovaquia",44,2,42,46,2,"2013-2",75
2013,"Febrero","Eslovenia",64,1,63,65,2,"2013-2",67
2013,"Febrero","Estados Unidos de América",25655,62766,-37111,88421,2,"2013-2",1
2013,"Febrero","Estonia",34,1,33,35,2,"2013-2",78
2013,"Febrero","Etiopia",8,2,6,10,2,"2013-2",103
2013,"Febrero","Islas Fiji",2,0,2,2,2,"2013-2",161
2013,"Febrero","Filipinas",121,20,101,141,2,"2013-2",53
2013,"Febrero","Finlandia",157,17,140,174,2,"2013-2",49
2013,"Febrero","Francia",3288,1479,1809,4767,2,"2013-2",13
2013,"Febrero","Gabón",4,4,0,8,2,"2013-2",112
2013,"Febrero","Gambia",2,0,2,2,2,"2013-2",161
2013,"Febrero","Georgia",9,0,9,9,2,"2013-2",106
2013,"Febrero","Ghana",6,0,6,6,2,"2013-2",123
2013,"Febrero","Granada",1,0,1,1,2,"2013-2",181
2013,"Febrero","Grecia",103,13,90,116,2,"2013-2",58
2013,"Febrero","Guatemala",1081,654,427,1735,2,"2013-2",22
2013,"Febrero","Guyana",15,5,10,20,2,"2013-2",90
2013,"Febrero","Guinea Ecuatorial",1,9,-8,10,2,"2013-2",103
2013,"Febrero","Haití",35,30,5,65,2,"2013-2",67
2013,"Febrero","Honduras",516,328,188,844,2,"2013-2",29
2013,"Febrero","Hungría",78,3,75,81,2,"2013-2",63
2013,"Febrero","India",336,100,236,436,2,"2013-2",39
2013,"Febrero","Indonesia",33,13,20,46,2,"2013-2",75
2013,"Febrero","Irán",13,2,11,15,2,"2013-2",96
2013,"Febrero","República de Irlanda",185,23,162,208,2,"2013-2",46
2013,"Febrero","Islandia",7,1,6,8,2,"2013-2",112
2013,"Febrero","Isla de Man",251,2,249,253,2,"2013-2",45
2013,"Febrero","Israel",573,224,349,797,2,"2013-2",30
2013,"Febrero","Islas Aland/Provincia de Finlandia",1,0,1,1,2,"2013-2",181
2013,"Febrero","Italia",2637,1300,1337,3937,2,"2013-2",16
2013,"Febrero","Jamaica",49,111,-62,160,2,"2013-2",50
2013,"Febrero","Islas Salomón",1,0,1,1,2,"2013-2",181
2013,"Febrero","Japón",683,93,590,776,2,"2013-2",31
2013,"Febrero","Jordania",11,8,3,19,2,"2013-2",92
2013,"Febrero","Kazajistán",7,1,6,8,2,"2013-2",112
2013,"Febrero","Kenia",14,10,4,24,2,"2013-2",86
2013,"Febrero","Kirguistán",1,0,1,1,2,"2013-2",181
2013,"Febrero","Kuwait",6,2,4,8,2,"2013-2",112
2013,"Febrero","República de Kosovo",1,0,1,1,2,"2013-2",181
2013,"Febrero","Letonia",26,1,25,27,2,"2013-2",83
2013,"Febrero","Lituania",43,15,28,58,2,"2013-2",70
2013,"Febrero","Líbano",43,27,16,70,2,"2013-2",65
2013,"Febrero","Liberia",3,0,3,3,2,"2013-2",149
2013,"Febrero","Libia",2,0,2,2,2,"2013-2",161
2013,"Febrero","Liechtenstein",2,0,2,2,2,"2013-2",161
2013,"Febrero","Luxemburgo",18,2,16,20,2,"2013-2",90
2013,"Febrero","Macedonia",1,0,1,1,2,"2013-2",181
2013,"Febrero","Madagascar",1,0,1,1,2,"2013-2",181
2013,"Febrero","Malasia",37,21,16,58,2,"2013-2",70
2013,"Febrero","Malawi",1,1,0,2,2,"2013-2",161
2013,"Febrero","Malta",8,8,0,16,2,"2013-2",94
2013,"Febrero","Marruecos",10,6,4,16,2,"2013-2",94
2013,"Febrero","Mauricio",2,0,2,2,2,"2013-2",161
2013,"Febrero","Mauritania",4,0,4,4,2,"2013-2",139
2013,"Febrero","México",6008,10613,-4605,16621,2,"2013-2",8
2013,"Febrero","República de Moldavia",5,3,2,8,2,"2013-2",112
2013,"Febrero","Mongolia",1,0,1,1,2,"2013-2",181
2013,"Febrero","Mozambique",1,4,-3,5,2,"2013-2",132
2013,"Febrero","Nepal",4,1,3,5,2,"2013-2",132
2013,"Febrero","Nicaragua",147,155,-8,302,2,"2013-2",42
2013,"Febrero","Nigeria",19,12,7,31,2,"2013-2",80
2013,"Febrero","Níger",1,0,1,1,2,"2013-2",181
2013,"Febrero","Noruega",232,65,167,297,2,"2013-2",43
2013,"Febrero","Nueva Zelanda",124,70,54,194,2,"2013-2",47
2013,"Febrero","Omán",2,2,0,4,2,"2013-2",139
2013,"Febrero","Pakistán",23,2,21,25,2,"2013-2",85
2013,"Febrero","Panamá",2816,23370,-20554,26186,2,"2013-2",4
2013,"Febrero","Paraguay",423,146,277,569,2,"2013-2",35
2013,"Febrero","Perú",11114,7037,4077,18151,2,"2013-2",6
2013,"Febrero","Palestina",3,1,2,4,2,"2013-2",139
2013,"Febrero","Polonia",274,18,256,292,2,"2013-2",44
2013,"Febrero","Portugal",462,53,409,515,2,"2013-2",37
2013,"Febrero","Puerto Rico/Territorio de Estados Unidos",1,326,-325,327,2,"2013-2",40
2013,"Febrero","Qatar",79,11,68,90,2,"2013-2",62
2013,"Febrero","Reino Unido de Gran Bretaña e Irlanda del Norte",2103,1290,813,3393,2,"2013-2",17
2013,"Febrero","República CentroÁfricana",3,0,3,3,2,"2013-2",149
2013,"Febrero","Federación de Rusia",454,78,376,532,2,"2013-2",36
2013,"Febrero","República Dominicana",922,1851,-929,2773,2,"2013-2",20
2013,"Febrero","República Democrática Popular de Corea",1,0,1,1,2,"2013-2",181
2013,"Febrero","Rumania",118,5,113,123,2,"2013-2",57
2013,"Febrero","San Cristóbal y Nevis",3,0,3,3,2,"2013-2",149
2013,"Febrero","San  Vicente y las Granadinas",3,0,3,3,2,"2013-2",149
2013,"Febrero","Santa Lucia",3,0,3,3,2,"2013-2",149
2013,"Febrero","Senegal",1,2,-1,3,2,"2013-2",149
2013,"Febrero","Serbia",25,3,22,28,2,"2013-2",82
2013,"Febrero","Singapur",23,39,-16,62,2,"2013-2",68
2013,"Febrero","República Árabe Siria",3,0,3,3,2,"2013-2",149
2013,"Febrero","Sri Lanka",5,1,4,6,2,"2013-2",123
2013,"Febrero","Sudáfrica",94,44,50,138,2,"2013-2",54
2013,"Febrero","Sudán",5,1,4,6,2,"2013-2",123
2013,"Febrero","Suecia",620,154,466,774,2,"2013-2",32
2013,"Febrero","Suiza",1170,479,691,1649,2,"2013-2",23
2013,"Febrero","Surinam",33,6,27,39,2,"2013-2",77
2013,"Febrero","Suazilandia",1,0,1,1,2,"2013-2",181
2013,"Febrero","Taiwán",90,8,82,98,2,"2013-2",61
2013,"Febrero","República de Tayikistán",1,0,1,1,2,"2013-2",181
2013,"Febrero","Tailandia",30,18,12,48,2,"2013-2",73
2013,"Febrero","Tíbet/Región Autónoma de China",5,0,5,5,2,"2013-2",132
2013,"Febrero","Territorio Antártico Británico/Territorio Británico de Ultramar",9,0,9,9,2,"2013-2",106
2013,"Febrero","Tanzania",5,0,5,5,2,"2013-2",132
2013,"Febrero","Togo",2,0,2,2,2,"2013-2",161
2013,"Febrero","Trinidad y Tobago",76,82,-6,158,2,"2013-2",51
2013,"Febrero","Túnez",4,2,2,6,2,"2013-2",123
2013,"Febrero","Turquía",94,43,51,137,2,"2013-2",55
2013,"Febrero","Ucrania",40,3,37,43,2,"2013-2",76
2013,"Febrero","Uganda",4,1,3,5,2,"2013-2",132
2013,"Febrero","Uruguay",894,143,751,1037,2,"2013-2",28
2013,"Febrero","Venezuela",23928,45184,-21256,69112,2,"2013-2",2
2013,"Febrero","Vietnam",1,4,-3,5,2,"2013-2",132
2013,"Febrero","República Árabe de Yemen",1,0,1,1,2,"2013-2",181
2013,"Febrero","Zambia",2,0,2,2,2,"2013-2",161
2013,"Febrero","Zimbabue",1,0,1,1,2,"2013-2",181
2013,"Febrero","Desconocido",100,25,75,125,2,"2013-2",56
2013,"Marzo","Albania",4,0,4,4,3,"2013-3",133
2013,"Marzo","Alemania",4249,2158,2091,6407,3,"2013-3",12
2013,"Marzo","Andorra",11,0,11,11,3,"2013-3",104
2013,"Marzo","Angola",1,13,-12,14,3,"2013-3",96
2013,"Marzo","Antigua y Barbuda",2,1,1,3,3,"2013-3",143
2013,"Marzo","Países Bajos",2452,840,1612,3292,3,"2013-3",19
2013,"Marzo","Arabia Saudita",16,39,-23,55,3,"2013-3",70
2013,"Marzo","Argelia",5,10,-5,15,3,"2013-3",94
2013,"Marzo","Argentina",12145,8989,3156,21134,3,"2013-3",7
2013,"Marzo","República de Armenia",1,1,0,2,3,"2013-3",159
2013,"Marzo","Aruba",2,6087,-6085,6089,3,"2013-3",13
2013,"Marzo","Australia",853,455,398,1308,3,"2013-3",26
2013,"Marzo","Austria",403,90,313,493,3,"2013-3",36
2013,"Marzo","Azerbaiyán",1,0,1,1,3,"2013-3",177
2013,"Marzo","Bahamas",8,96,-88,104,3,"2013-3",61
2013,"Marzo","Bangladesh",4,3,1,7,3,"2013-3",114
2013,"Marzo","Barbados",16,17,-1,33,3,"2013-3",81
2013,"Marzo","República de Belarús",7,12,-5,19,3,"2013-3",88
2013,"Marzo","Bélgica",460,136,324,596,3,"2013-3",34
2013,"Marzo","Belice",18,7,11,25,3,"2013-3",84
2013,"Marzo","Bermudas/Territorio Británico de Ultramar",4,0,4,4,3,"2013-3",133
2013,"Marzo","Bolivia",821,722,99,1543,3,"2013-3",24
2013,"Marzo","Bosnia y Herzegovina",2,0,2,2,3,"2013-3",159
2013,"Marzo","Brasil",5696,7071,-1375,12767,3,"2013-3",10
2013,"Marzo","Bulgaria",17,0,17,17,3,"2013-3",91
2013,"Marzo","Bután",1,0,1,1,3,"2013-3",177
2013,"Marzo","Islas Caimán/Territorio Británico de Ultramar",19,43,-24,62,3,"2013-3",67
2013,"Marzo","Camboya",1,8,-7,9,3,"2013-3",107
2013,"Marzo","Camerún",1,3,-2,4,3,"2013-3",133
2013,"Marzo","Canadá",4387,2973,1414,7360,3,"2013-3",11
2013,"Marzo","España",7694,15490,-7796,23184,3,"2013-3",5
2013,"Marzo","República Democrática del Congo",1,4,-3,5,3,"2013-3",123
2013,"Marzo","República de Corea",679,34,645,713,3,"2013-3",31
2013,"Marzo","Costa Rica",2192,2127,65,4319,3,"2013-3",16
2013,"Marzo","Croacia",40,2,38,42,3,"2013-3",77
2013,"Marzo","Cuba",320,2638,-2318,2958,3,"2013-3",21
2013,"Marzo","Curazao",22,1168,-1146,1190,3,"2013-3",27
2013,"Marzo","República Checa",85,13,72,98,3,"2013-3",62
2013,"Marzo","Chile",6251,7528,-1277,13779,3,"2013-3",9
2013,"Marzo","China",731,972,-241,1703,3,"2013-3",22
2013,"Marzo","Chipre",3,1,2,4,3,"2013-3",133
2013,"Marzo","Dinamarca",266,44,222,310,3,"2013-3",43
2013,"Marzo","Dominica",3,0,3,3,3,"2013-3",143
2013,"Marzo","Ecuador",8497,28596,-20099,37093,3,"2013-3",3
2013,"Marzo","Egipto",33,132,-99,165,3,"2013-3",56
2013,"Marzo","El Salvador",1277,1773,-496,3050,3,"2013-3",20
2013,"Marzo","Emiratos Árabes",1,333,-332,334,3,"2013-3",42
2013,"Marzo","Eslovaquia",57,1,56,58,3,"2013-3",68
2013,"Marzo","Eslovenia",50,3,47,53,3,"2013-3",71
2013,"Marzo","Estados Unidos de América",26893,90709,-63816,117602,3,"2013-3",1
2013,"Marzo","Estonia",27,2,25,29,3,"2013-3",83
2013,"Marzo","Etiopia",5,4,1,9,3,"2013-3",107
2013,"Marzo","Islas Fiji",4,0,4,4,3,"2013-3",133
2013,"Marzo","Filipinas",195,15,180,210,3,"2013-3",52
2013,"Marzo","Finlandia",122,20,102,142,3,"2013-3",58
2013,"Marzo","Francia",3183,2154,1029,5337,3,"2013-3",14
2013,"Marzo","Gabón",2,1,1,3,3,"2013-3",143
2013,"Marzo","Georgia",8,1,7,9,3,"2013-3",107
2013,"Marzo","Ghana",6,2,4,8,3,"2013-3",110
2013,"Marzo","Grecia",94,28,66,122,3,"2013-3",59
2013,"Marzo","Guatemala",895,694,201,1589,3,"2013-3",23
2013,"Marzo","Guyana",32,7,25,39,3,"2013-3",78
2013,"Marzo","Guinea",1,3,-2,4,3,"2013-3",133
2013,"Marzo","Guayana Francesa/Departamento de Ultramar Francés",1,4,-3,5,3,"2013-3",123
2013,"Marzo","Haití",21,53,-32,74,3,"2013-3",63
2013,"Marzo","Honduras",419,286,133,705,3,"2013-3",32
2013,"Marzo","Hungría",138,5,133,143,3,"2013-3",57
2013,"Marzo","India",338,143,195,481,3,"2013-3",38
2013,"Marzo","Indonesia",29,14,15,43,3,"2013-3",76
2013,"Marzo","Iraq",2,10,-8,12,3,"2013-3",99
2013,"Marzo","Irán",41,7,34,48,3,"2013-3",72
2013,"Marzo","República de Irlanda",214,22,192,236,3,"2013-3",50
2013,"Marzo","Islandia",1,10,-9,11,3,"2013-3",104
2013,"Marzo","Isla de Man",279,1,278,280,3,"2013-3",44
2013,"Marzo","Isla Johnston",2,0,2,2,3,"2013-3",159
2013,"Marzo","Israel",577,264,313,841,3,"2013-3",30
2013,"Marzo","Islas Aland/Provincia de Finlandia",5,0,5,5,3,"2013-3",123
2013,"Marzo","Italia",2191,1252,939,3443,3,"2013-3",18
2013,"Marzo","Jamaica",64,194,-130,258,3,"2013-3",46
2013,"Marzo","Islas Salomón",1,0,1,1,3,"2013-3",177
2013,"Marzo","Japón",712,146,566,858,3,"2013-3",29
2013,"Marzo","Jordania",3,3,0,6,3,"2013-3",116
2013,"Marzo","Kazajistán",10,2,8,12,3,"2013-3",99
2013,"Marzo","Kenia",11,1,10,12,3,"2013-3",99
2013,"Marzo","Lesoto",2,0,2,2,3,"2013-3",159
2013,"Marzo","Letonia",12,2,10,14,3,"2013-3",96
2013,"Marzo","Lituania",37,20,17,57,3,"2013-3",69
2013,"Marzo","Líbano",47,19,28,66,3,"2013-3",65
2013,"Marzo","Liechtenstein",1,0,1,1,3,"2013-3",177
2013,"Marzo","Luxemburgo",28,5,23,33,3,"2013-3",81
2013,"Marzo","Macedonia",1,1,0,2,3,"2013-3",159
2013,"Marzo","Macedonia",1,1,0,2,3,"2013-3",159
2013,"Marzo","Malasia",43,22,21,65,3,"2013-3",66
2013,"Marzo","Malí",3,0,3,3,3,"2013-3",143
2013,"Marzo","Malta",7,11,-4,18,3,"2013-3",89
2013,"Marzo","Marruecos",13,9,4,22,3,"2013-3",87
2013,"Marzo","Mauricio",1,3,-2,4,3,"2013-3",133
2013,"Marzo","México",6881,15633,-8752,22514,3,"2013-3",6
2013,"Marzo","República de Moldavia",1,0,1,1,3,"2013-3",177
2013,"Marzo","Mónaco",1,4,-3,5,3,"2013-3",123
2013,"Marzo","Mongolia",10,1,9,11,3,"2013-3",104
2013,"Marzo","Montenegro",1,0,1,1,3,"2013-3",177
2013,"Marzo","Myanmar",2,0,2,2,3,"2013-3",159
2013,"Marzo","Namibia",1,0,1,1,3,"2013-3",177
2013,"Marzo","Nepal",2,2,0,4,3,"2013-3",133
2013,"Marzo","Nicaragua",135,132,3,267,3,"2013-3",45
2013,"Marzo","Nigeria",14,16,-2,30,3,"2013-3",82
2013,"Marzo","Noruega",308,36,272,344,3,"2013-3",41
2013,"Marzo","Nueva Zelanda",196,45,151,241,3,"2013-3",48
2013,"Marzo","Pakistán",15,0,15,15,3,"2013-3",94
2013,"Marzo","Panamá",2323,26265,-23942,28588,3,"2013-3",4
2013,"Marzo","Paraguay",209,210,-1,419,3,"2013-3",39
2013,"Marzo","Perú",7505,10405,-2900,17910,3,"2013-3",8
2013,"Marzo","Palestina",5,2,3,7,3,"2013-3",114
2013,"Marzo","Polonia",210,31,179,241,3,"2013-3",48
2013,"Marzo","Portugal",545,60,485,605,3,"2013-3",33
2013,"Marzo","Puerto Rico/Territorio de Estados Unidos",6,484,-478,490,3,"2013-3",37
2013,"Marzo","Reino Unido de Gran Bretaña e Irlanda del Norte",2253,1381,872,3634,3,"2013-3",17
2013,"Marzo","Federación de Rusia",368,49,319,417,3,"2013-3",40
2013,"Marzo","República Dominicana",808,3543,-2735,4351,3,"2013-3",15
2013,"Marzo","Rumania",110,7,103,117,3,"2013-3",60
2013,"Marzo","San Cristóbal y Nevis",2,0,2,2,3,"2013-3",159
2013,"Marzo","San Marino",4,1,3,5,3,"2013-3",123
2013,"Marzo","San  Vicente y las Granadinas",4,0,4,4,3,"2013-3",133
2013,"Marzo","Santa Lucia",6,1,5,7,3,"2013-3",114
2013,"Marzo","Santa Sede/Ciudad del Vaticano",1,0,1,1,3,"2013-3",177
2013,"Marzo","Senegal",1,21,-20,22,3,"2013-3",87
2013,"Marzo","Serbia",16,1,15,17,3,"2013-3",91
2013,"Marzo","Singapur",26,43,-17,69,3,"2013-3",64
2013,"Marzo","República Árabe Siria",2,0,2,2,3,"2013-3",159
2013,"Marzo","Sri Lanka",3,2,1,5,3,"2013-3",123
2013,"Marzo","Sudáfrica",135,59,76,194,3,"2013-3",53
2013,"Marzo","Suecia",448,114,334,562,3,"2013-3",35
2013,"Marzo","Suiza",1043,397,646,1440,3,"2013-3",25
2013,"Marzo","Surinam",31,13,18,44,3,"2013-3",74
2013,"Marzo","Taiwán",227,11,216,238,3,"2013-3",49
2013,"Marzo","Tailandia",8,30,-22,38,3,"2013-3",79
2013,"Marzo","Tíbet/Región Autónoma de China",2,0,2,2,3,"2013-3",159
2013,"Marzo","Territorio Antártico Británico/Territorio Británico de Ultramar",8,0,8,8,3,"2013-3",110
2013,"Marzo","Tanzania",2,0,2,2,3,"2013-3",159
2013,"Marzo","Trinidad y Tobago",88,137,-49,225,3,"2013-3",51
2013,"Marzo","Túnez",3,5,-2,8,3,"2013-3",110
2013,"Marzo","Turquía",89,81,8,170,3,"2013-3",55
2013,"Marzo","Ucrania",42,1,41,43,3,"2013-3",76
2013,"Marzo","Uganda",3,0,3,3,3,"2013-3",143
2013,"Marzo","Uruguay",789,227,562,1016,3,"2013-3",28
2013,"Marzo","Uzbekistán",1,1,0,2,3,"2013-3",159
2013,"Marzo","Venezuela",19928,51448,-31520,71376,3,"2013-3",2
2013,"Marzo","Vietnam",8,8,0,16,3,"2013-3",92
2013,"Marzo","Zambia",1,0,1,1,3,"2013-3",177
2013,"Marzo","Zimbabue",6,0,6,6,3,"2013-3",116
2013,"Marzo","Desconocido",2,22,-20,24,3,"2013-3",85
2013,"Abril","Albania",8,0,8,8,4,"2013-4",113
2013,"Abril","Alemania",3068,2238,830,5306,4,"2013-4",11
2013,"Abril","Andorra",14,0,14,14,4,"2013-4",97
2013,"Abril","Antigua y Barbuda",1,3,-2,4,4,"2013-4",128
2013,"Abril","Países Bajos",2633,635,1998,3268,4,"2013-4",18
2013,"Abril","Arabia Saudita",6,50,-44,56,4,"2013-4",70
2013,"Abril","Argelia",4,11,-7,15,4,"2013-4",95
2013,"Abril","Argentina",11041,5087,5954,16128,4,"2013-4",8
2013,"Abril","República de Armenia",1,1,0,2,4,"2013-4",155
2013,"Abril","Aruba",15,3481,-3466,3496,4,"2013-4",15
2013,"Abril","Australia",778,384,394,1162,4,"2013-4",27
2013,"Abril","Austria",285,67,218,352,4,"2013-4",40
2013,"Abril","Azerbaiyán",6,3,3,9,4,"2013-4",111
2013,"Abril","Bahamas",15,78,-63,93,4,"2013-4",61
2013,"Abril","Bangladesh",6,3,3,9,4,"2013-4",111
2013,"Abril","Barbados",11,15,-4,26,4,"2013-4",87
2013,"Abril","República de Belarús",11,10,1,21,4,"2013-4",90
2013,"Abril","Bélgica",459,154,305,613,4,"2013-4",33
2013,"Abril","Belice",18,7,11,25,4,"2013-4",88
2013,"Abril","Bermudas/Territorio Británico de Ultramar",3,2,1,5,4,"2013-4",125
2013,"Abril","Bolivia",918,639,279,1557,4,"2013-4",24
2013,"Abril","Botsuana",3,0,3,3,4,"2013-4",142
2013,"Abril","Brasil",6518,5658,860,12176,4,"2013-4",10
2013,"Abril","Bulgaria",31,3,28,34,4,"2013-4",81
2013,"Abril","Bután",1,0,1,1,4,"2013-4",180
2013,"Abril","Islas Caimán/Territorio Británico de Ultramar",13,49,-36,62,4,"2013-4",67
2013,"Abril","Camerún",5,2,3,7,4,"2013-4",119
2013,"Abril","Canadá",2448,2693,-245,5141,4,"2013-4",12
2013,"Abril","Chad",2,1,1,3,4,"2013-4",142
2013,"Abril","España",7624,13302,-5678,20926,4,"2013-4",5
2013,"Abril","República Democrática del Congo",4,6,-2,10,4,"2013-4",106
2013,"Abril","República de Corea",509,27,482,536,4,"2013-4",34
2013,"Abril","Costa de Marfil",1,1,0,2,4,"2013-4",155
2013,"Abril","Costa Rica",2236,2223,13,4459,4,"2013-4",14
2013,"Abril","Croacia",31,7,24,38,4,"2013-4",79
2013,"Abril","Cuba",330,1584,-1254,1914,4,"2013-4",22
2013,"Abril","Curazao",16,935,-919,951,4,"2013-4",29
2013,"Abril","República Checa",75,18,57,93,4,"2013-4",61
2013,"Abril","Chile",6771,5918,853,12689,4,"2013-4",9
2013,"Abril","China",872,1244,-372,2116,4,"2013-4",21
2013,"Abril","Chipre",6,1,5,7,4,"2013-4",119
2013,"Abril","Dinamarca",192,39,153,231,4,"2013-4",50
2013,"Abril","Dominica",10,1,9,11,4,"2013-4",102
2013,"Abril","Ecuador",10169,19086,-8917,29255,4,"2013-4",3
2013,"Abril","Egipto",30,250,-220,280,4,"2013-4",43
2013,"Abril","El Salvador",1509,1619,-110,3128,4,"2013-4",20
2013,"Abril","Emiratos Árabes",4,232,-228,236,4,"2013-4",48
2013,"Abril","Eslovaquia",30,2,28,32,4,"2013-4",83
2013,"Abril","Eslovenia",50,1,49,51,4,"2013-4",72
2013,"Abril","Estados Unidos de América",23589,72513,-48924,96102,4,"2013-4",1
2013,"Abril","Estonia",9,3,6,12,4,"2013-4",100
2013,"Abril","Etiopia",7,3,4,10,4,"2013-4",106
2013,"Abril","Filipinas",128,4,124,132,4,"2013-4",56
2013,"Abril","Finlandia",143,5,138,148,4,"2013-4",54
2013,"Abril","Francia",2800,1979,821,4779,4,"2013-4",13
2013,"Abril","Gabón",2,4,-2,6,4,"2013-4",121
2013,"Abril","Gambia",1,0,1,1,4,"2013-4",180
2013,"Abril","Georgia",3,0,3,3,4,"2013-4",142
2013,"Abril","Ghana",2,3,-1,5,4,"2013-4",125
2013,"Abril","Granada",1,0,1,1,4,"2013-4",180
2013,"Abril","Grecia",79,36,43,115,4,"2013-4",59
2013,"Abril","Guatemala",912,891,21,1803,4,"2013-4",23
2013,"Abril","Guyana",23,7,16,30,4,"2013-4",85
2013,"Abril","Guinea Ecuatorial",1,7,-6,8,4,"2013-4",113
2013,"Abril","Haití",20,38,-18,58,4,"2013-4",69
2013,"Abril","Honduras",454,349,105,803,4,"2013-4",30
2013,"Abril","Hungría",62,8,54,70,4,"2013-4",66
2013,"Abril","India",338,72,266,410,4,"2013-4",39
2013,"Abril","Indonesia",39,11,28,50,4,"2013-4",73
2013,"Abril","Iraq",18,21,-3,39,4,"2013-4",77
2013,"Abril","Irán",11,10,1,21,4,"2013-4",90
2013,"Abril","República de Irlanda",222,27,195,249,4,"2013-4",45
2013,"Abril","Islandia",16,1,15,17,4,"2013-4",94
2013,"Abril","Isla de Man",296,0,296,296,4,"2013-4",42
2013,"Abril","Israel",902,264,638,1166,4,"2013-4",26
2013,"Abril","Italia",2249,1182,1067,3431,4,"2013-4",17
2013,"Abril","Islas del Canal",1,0,1,1,4,"2013-4",180
2013,"Abril","Jamaica",42,86,-44,128,4,"2013-4",57
2013,"Abril","Japón",649,126,523,775,4,"2013-4",31
2013,"Abril","Jordania",6,12,-6,18,4,"2013-4",93
2013,"Abril","Kenia",8,11,-3,19,4,"2013-4",91
2013,"Abril","Kuwait",1,2,-1,3,4,"2013-4",142
2013,"Abril","Lesoto",3,0,3,3,4,"2013-4",142
2013,"Abril","Letonia",27,1,26,28,4,"2013-4",86
2013,"Abril","Lituania",32,10,22,42,4,"2013-4",74
2013,"Abril","Líbano",49,31,18,80,4,"2013-4",64
2013,"Abril","Liberia",1,0,1,1,4,"2013-4",180
2013,"Abril","Libia",1,0,1,1,4,"2013-4",180
2013,"Abril","Luxemburgo",20,10,10,30,4,"2013-4",85
2013,"Abril","Macedonia",3,0,3,3,4,"2013-4",142
2013,"Abril","Madagascar",3,0,3,3,4,"2013-4",142
2013,"Abril","Malasia",45,25,20,70,4,"2013-4",66
2013,"Abril","Malta",6,5,1,11,4,"2013-4",102
2013,"Abril","Marruecos",18,16,2,34,4,"2013-4",81
2013,"Abril","Mauricio",1,1,0,2,4,"2013-4",155
2013,"Abril","Mauritania",1,1,0,2,4,"2013-4",155
2013,"Abril","México",6756,12420,-5664,19176,4,"2013-4",6
2013,"Abril","República de Moldavia",2,0,2,2,4,"2013-4",155
2013,"Abril","Montenegro",2,0,2,2,4,"2013-4",155
2013,"Abril","Mozambique",6,4,2,10,4,"2013-4",106
2013,"Abril","Myanmar",2,0,2,2,4,"2013-4",155
2013,"Abril","Namibia",2,1,1,3,4,"2013-4",142
2013,"Abril","Nepal",1,0,1,1,4,"2013-4",180
2013,"Abril","Nicaragua",138,181,-43,319,4,"2013-4",41
2013,"Abril","Nigeria",13,19,-6,32,4,"2013-4",83
2013,"Abril","Noruega",225,40,185,265,4,"2013-4",44
2013,"Abril","Nueva Zelanda",145,33,112,178,4,"2013-4",53
2013,"Abril","Pakistán",8,6,2,14,4,"2013-4",97
2013,"Abril","Palau",1,0,1,1,4,"2013-4",180
2013,"Abril","Panamá",2641,22757,-20116,25398,4,"2013-4",4
2013,"Abril","Paraguay",304,193,111,497,4,"2013-4",37
2013,"Abril","Perú",8519,7937,582,16456,4,"2013-4",7
2013,"Abril","Palestina",7,2,5,9,4,"2013-4",111
2013,"Abril","Polonia",217,12,205,229,4,"2013-4",51
2013,"Abril","Portugal",602,70,532,672,4,"2013-4",32
2013,"Abril","Puerto Rico/Territorio de Estados Unidos",2,483,-481,485,4,"2013-4",38
2013,"Abril","Qatar",2,10,-8,12,4,"2013-4",100
2013,"Abril","Reino Unido de Gran Bretaña e Irlanda del Norte",1964,1517,447,3481,4,"2013-4",16
2013,"Abril","República CentroÁfricana",2,0,2,2,4,"2013-4",155
2013,"Abril","Federación de Rusia",431,78,353,509,4,"2013-4",35
2013,"Abril","República Dominicana",815,2373,-1558,3188,4,"2013-4",19
2013,"Abril","Rumania",109,12,97,121,4,"2013-4",58
2013,"Abril","San Cristóbal y Nevis",1,0,1,1,4,"2013-4",180
2013,"Abril","San  Vicente y las Granadinas",3,0,3,3,4,"2013-4",142
2013,"Abril","Santa Lucia",6,1,5,7,4,"2013-4",119
2013,"Abril","Senegal",2,85,-83,87,4,"2013-4",62
2013,"Abril","Serbia",11,2,9,13,4,"2013-4",98
2013,"Abril","Singapur",21,39,-18,60,4,"2013-4",68
2013,"Abril","República Árabe Siria",1,0,1,1,4,"2013-4",180
2013,"Abril","Sri Lanka",3,0,3,3,4,"2013-4",142
2013,"Abril","Sudáfrica",215,32,183,247,4,"2013-4",46
2013,"Abril","Suecia",388,120,268,508,4,"2013-4",36
2013,"Abril","Suiza",857,508,349,1365,4,"2013-4",25
2013,"Abril","Surinam",51,31,20,82,4,"2013-4",63
2013,"Abril","Suazilandia",1,0,1,1,4,"2013-4",180
2013,"Abril","Taiwán",126,9,117,135,4,"2013-4",55
2013,"Abril","Tailandia",14,26,-12,40,4,"2013-4",75
2013,"Abril","Tíbet/Región Autónoma de China",5,0,5,5,4,"2013-4",125
2013,"Abril","Territorio Antártico Británico/Territorio Británico de Ultramar",9,0,9,9,4,"2013-4",111
2013,"Abril","Tanzania",2,0,2,2,4,"2013-4",155
2013,"Abril","Trinidad y Tobago",92,120,-28,212,4,"2013-4",52
2013,"Abril","Túnez",4,0,4,4,4,"2013-4",128
2013,"Abril","Turquía",115,120,-5,235,4,"2013-4",49
2013,"Abril","Ucrania",49,3,46,52,4,"2013-4",71
2013,"Abril","Uganda",3,3,0,6,4,"2013-4",121
2013,"Abril","Uruguay",795,333,462,1128,4,"2013-4",28
2013,"Abril","Venezuela",16829,35148,-18319,51977,4,"2013-4",2
2013,"Abril","Vietnam",5,13,-8,18,4,"2013-4",93
2013,"Abril","Islas Vírgenes Británicas/Territorio Británico de Ultramar",1,0,1,1,4,"2013-4",180
2013,"Abril","República Árabe de Yemen",2,2,0,4,4,"2013-4",128
2013,"Abril","Yugoslavia",1,0,1,1,4,"2013-4",180
2013,"Abril","Zambia",7,0,7,7,4,"2013-4",119
2013,"Abril","Zimbabue",5,0,5,5,4,"2013-4",125
2013,"Abril","Desconocido",1,37,-36,38,4,"2013-4",79
2013,"Mayo","Albania",2,1,1,3,5,"2013-5",138
2013,"Mayo","Alemania",3069,2480,589,5549,5,"2013-5",12
2013,"Mayo","Andorra",14,6,8,20,5,"2013-5",90
2013,"Mayo","Angola",3,9,-6,12,5,"2013-5",102
2013,"Mayo","Antigua y Barbuda",2,2,0,4,5,"2013-5",129
2013,"Mayo","Países Bajos",2300,766,1534,3066,5,"2013-5",20
2013,"Mayo","Arabia Saudita",7,44,-37,51,5,"2013-5",68
2013,"Mayo","Argelia",2,9,-7,11,5,"2013-5",104
2013,"Mayo","Argentina",9820,5389,4431,15209,5,"2013-5",8
2013,"Mayo","República de Armenia",2,0,2,2,5,"2013-5",157
2013,"Mayo","Aruba",6,4824,-4818,4830,5,"2013-5",14
2013,"Mayo","Australia",809,374,435,1183,5,"2013-5",27
2013,"Mayo","Austria",241,50,191,291,5,"2013-5",44
2013,"Mayo","Azerbaiyán",3,2,1,5,5,"2013-5",123
2013,"Mayo","Bahamas",29,368,-339,397,5,"2013-5",40
2013,"Mayo","Bahréin",1,6,-5,7,5,"2013-5",111
2013,"Mayo","Bangladesh",6,2,4,8,5,"2013-5",109
2013,"Mayo","Barbados",6,25,-19,31,5,"2013-5",80
2013,"Mayo","República de Belarús",9,11,-2,20,5,"2013-5",90
2013,"Mayo","Bélgica",429,137,292,566,5,"2013-5",34
2013,"Mayo","Belice",23,12,11,35,5,"2013-5",77
2013,"Mayo","Benín",1,0,1,1,5,"2013-5",172
2013,"Mayo","Bermudas/Territorio Británico de Ultramar",2,3,-1,5,5,"2013-5",123
2013,"Mayo","Bolivia",861,655,206,1516,5,"2013-5",23
2013,"Mayo","Bosnia y Herzegovina",2,1,1,3,5,"2013-5",138
2013,"Mayo","Botsuana",2,0,2,2,5,"2013-5",157
2013,"Mayo","Brasil",7669,6354,1315,14023,5,"2013-5",9
2013,"Mayo","Bulgaria",17,3,14,20,5,"2013-5",90
2013,"Mayo","Burundi",1,0,1,1,5,"2013-5",172
2013,"Mayo","Bután",2,0,2,2,5,"2013-5",157
2013,"Mayo","Cabo Verde",1,1,0,2,5,"2013-5",157
2013,"Mayo","Islas Caimán/Territorio Británico de Ultramar",3,3,0,6,5,"2013-5",116
2013,"Mayo","Camerún",1,1,0,2,5,"2013-5",157
2013,"Mayo","Canadá",2579,3276,-697,5855,5,"2013-5",11
2013,"Mayo","España",7747,16997,-9250,24744,5,"2013-5",5
2013,"Mayo","República Democrática del Congo",4,6,-2,10,5,"2013-5",106
2013,"Mayo","República de Corea",642,94,548,736,5,"2013-5",32
2013,"Mayo","Costa de Marfil",1,1,0,2,5,"2013-5",157
2013,"Mayo","Costa Rica",2117,2057,60,4174,5,"2013-5",15
2013,"Mayo","Croacia",26,7,19,33,5,"2013-5",79
2013,"Mayo","Cuba",349,2273,-1924,2622,5,"2013-5",21
2013,"Mayo","Curazao",12,1178,-1166,1190,5,"2013-5",26
2013,"Mayo","República Checa",63,18,45,81,5,"2013-5",62
2013,"Mayo","Chile",7576,5135,2441,12711,5,"2013-5",10
2013,"Mayo","China",781,693,88,1474,5,"2013-5",24
2013,"Mayo","Chipre",3,2,1,5,5,"2013-5",123
2013,"Mayo","Dinamarca",184,60,124,244,5,"2013-5",47
2013,"Mayo","Dominica",5,9,-4,14,5,"2013-5",98
2013,"Mayo","Ecuador",9621,21468,-11847,31089,5,"2013-5",3
2013,"Mayo","Egipto",22,145,-123,167,5,"2013-5",54
2013,"Mayo","El Salvador",1290,1866,-576,3156,5,"2013-5",19
2013,"Mayo","Emiratos Árabes",6,286,-280,292,5,"2013-5",43
2013,"Mayo","Eslovaquia",28,8,20,36,5,"2013-5",75
2013,"Mayo","Eslovenia",34,3,31,37,5,"2013-5",74
2013,"Mayo","Estados Unidos de América",27516,86254,-58738,113770,5,"2013-5",1
2013,"Mayo","Estonia",20,5,15,25,5,"2013-5",83
2013,"Mayo","Etiopia",5,2,3,7,5,"2013-5",111
2013,"Mayo","Filipinas",167,12,155,179,5,"2013-5",53
2013,"Mayo","Finlandia",158,41,117,199,5,"2013-5",52
2013,"Mayo","Francia",2746,2505,241,5251,5,"2013-5",13
2013,"Mayo","Georgia",2,0,2,2,5,"2013-5",157
2013,"Mayo","Ghana",4,2,2,6,5,"2013-5",116
2013,"Mayo","Granada",2,0,2,2,5,"2013-5",157
2013,"Mayo","Grecia",86,55,31,141,5,"2013-5",56
2013,"Mayo","Guatemala",971,748,223,1719,5,"2013-5",22
2013,"Mayo","Guyana",21,14,7,35,5,"2013-5",77
2013,"Mayo","Haití",33,18,15,51,5,"2013-5",68
2013,"Mayo","Honduras",428,307,121,735,5,"2013-5",33
2013,"Mayo","Hungría",41,14,27,55,5,"2013-5",66
2013,"Mayo","India",352,52,300,404,5,"2013-5",39
2013,"Mayo","Indonesia",44,6,38,50,5,"2013-5",69
2013,"Mayo","Iraq",2,21,-19,23,5,"2013-5",84
2013,"Mayo","Irán",11,3,8,14,5,"2013-5",98
2013,"Mayo","República de Irlanda",198,26,172,224,5,"2013-5",49
2013,"Mayo","Islandia",20,5,15,25,5,"2013-5",83
2013,"Mayo","Isla de Man",244,0,244,244,5,"2013-5",47
2013,"Mayo","Israel",893,288,605,1181,5,"2013-5",28
2013,"Mayo","Islas Aland/Provincia de Finlandia",2,0,2,2,5,"2013-5",157
2013,"Mayo","Italia",2147,1477,670,3624,5,"2013-5",17
2013,"Mayo","Islas del Canal",6,0,6,6,5,"2013-5",116
2013,"Mayo","Jamaica",47,326,-279,373,5,"2013-5",41
2013,"Mayo","Japón",629,117,512,746,5,"2013-5",31
2013,"Mayo","Jordania",8,26,-18,34,5,"2013-5",78
2013,"Mayo","Kazajistán",1,3,-2,4,5,"2013-5",129
2013,"Mayo","Kenia",8,4,4,12,5,"2013-5",102
2013,"Mayo","Kirguistán",1,0,1,1,5,"2013-5",172
2013,"Mayo","Kuwait",4,9,-5,13,5,"2013-5",99
2013,"Mayo","República de Kosovo",2,0,2,2,5,"2013-5",157
2013,"Mayo","Letonia",22,0,22,22,5,"2013-5",86
2013,"Mayo","Lituania",26,16,10,42,5,"2013-5",72
2013,"Mayo","Líbano",51,48,3,99,5,"2013-5",61
2013,"Mayo","Liechtenstein",1,0,1,1,5,"2013-5",172
2013,"Mayo","Luxemburgo",9,5,4,14,5,"2013-5",98
2013,"Mayo","Macedonia",3,0,3,3,5,"2013-5",138
2013,"Mayo","Malasia",43,19,24,62,5,"2013-5",64
2013,"Mayo","Malta",8,11,-3,19,5,"2013-5",91
2013,"Mayo","Marruecos",9,11,-2,20,5,"2013-5",90
2013,"Mayo","Mauricio",2,1,1,3,5,"2013-5",138
2013,"Mayo","México",7506,14658,-7152,22164,5,"2013-5",6
2013,"Mayo","República de Moldavia",1,3,-2,4,5,"2013-5",129
2013,"Mayo","Mozambique",2,0,2,2,5,"2013-5",157
2013,"Mayo","Nepal",3,0,3,3,5,"2013-5",138
2013,"Mayo","Nicaragua",142,131,11,273,5,"2013-5",45
2013,"Mayo","Nigeria",30,11,19,41,5,"2013-5",73
2013,"Mayo","Noruega",142,66,76,208,5,"2013-5",51
2013,"Mayo","Nueva Zelanda",138,24,114,162,5,"2013-5",55
2013,"Mayo","Omán",8,6,2,14,5,"2013-5",98
2013,"Mayo","Pakistán",8,1,7,9,5,"2013-5",107
2013,"Mayo","Palau",1,1,0,2,5,"2013-5",157
2013,"Mayo","Panamá",3165,26691,-23526,29856,5,"2013-5",4
2013,"Mayo","Paraguay",255,178,77,433,5,"2013-5",37
2013,"Mayo","Perú",8700,8064,636,16764,5,"2013-5",7
2013,"Mayo","Palestina",4,1,3,5,5,"2013-5",123
2013,"Mayo","Polonia",167,58,109,225,5,"2013-5",48
2013,"Mayo","Portugal",714,84,630,798,5,"2013-5",30
2013,"Mayo","Puerto Rico/Territorio de Estados Unidos",4,425,-421,429,5,"2013-5",38
2013,"Mayo","Qatar",2,10,-8,12,5,"2013-5",102
2013,"Mayo","Reino Unido de Gran Bretaña e Irlanda del Norte",1958,1285,673,3243,5,"2013-5",18
2013,"Mayo","Federación de Rusia",316,121,195,437,5,"2013-5",36
2013,"Mayo","República Dominicana",855,3087,-2232,3942,5,"2013-5",16
2013,"Mayo","Rumania",89,12,77,101,5,"2013-5",60
2013,"Mayo","San Cristóbal y Nevis",5,0,5,5,5,"2013-5",123
2013,"Mayo","San  Vicente y las Granadinas",1,9,-8,10,5,"2013-5",106
2013,"Mayo","Santa Lucia",3,1,2,4,5,"2013-5",129
2013,"Mayo","Santa Sede/Ciudad del Vaticano",3,0,3,3,5,"2013-5",138
2013,"Mayo","Senegal",1,1,0,2,5,"2013-5",157
2013,"Mayo","Serbia",14,2,12,16,5,"2013-5",93
2013,"Mayo","Singapur",30,31,-1,61,5,"2013-5",65
2013,"Mayo","República Árabe Siria",1,0,1,1,5,"2013-5",172
2013,"Mayo","Sri Lanka",8,0,8,8,5,"2013-5",109
2013,"Mayo","Sudáfrica",115,22,93,137,5,"2013-5",57
2013,"Mayo","Suecia",323,150,173,473,5,"2013-5",35
2013,"Mayo","Suiza",927,426,501,1353,5,"2013-5",25
2013,"Mayo","Surinam",37,29,8,66,5,"2013-5",63
2013,"Mayo","Taiwán",126,5,121,131,5,"2013-5",58
2013,"Mayo","Tailandia",16,12,4,28,5,"2013-5",81
2013,"Mayo","Tíbet/Región Autónoma de China",3,0,3,3,5,"2013-5",138
2013,"Mayo","Territorio Antártico Británico/Territorio Británico de Ultramar",2,0,2,2,5,"2013-5",157
2013,"Mayo","Tanzania",4,0,4,4,5,"2013-5",129
2013,"Mayo","Togo",3,0,3,3,5,"2013-5",138
2013,"Mayo","Trinidad y Tobago",78,137,-59,215,5,"2013-5",50
2013,"Mayo","Túnez",3,1,2,4,5,"2013-5",129
2013,"Mayo","Turkmenistán",1,0,1,1,5,"2013-5",172
2013,"Mayo","Turquía",112,232,-120,344,5,"2013-5",42
2013,"Mayo","Ucrania",38,4,34,42,5,"2013-5",72
2013,"Mayo","Uganda",3,8,-5,11,5,"2013-5",104
2013,"Mayo","Uruguay",949,114,835,1063,5,"2013-5",29
2013,"Mayo","Uzbekistán",1,0,1,1,5,"2013-5",172
2013,"Mayo","Venezuela",17144,38257,-21113,55401,5,"2013-5",2
2013,"Mayo","Vietnam",13,2,11,15,5,"2013-5",94
2013,"Mayo","Islas Vírgenes Británicas/Territorio Británico de Ultramar",1,1,0,2,5,"2013-5",157
2013,"Mayo","Zimbabue",4,2,2,6,5,"2013-5",116
2013,"Mayo","Islas Turcas y Caicos/Territorio Británico de Ultramar",2,0,2,2,5,"2013-5",157
2013,"Junio","Afganistán",3,43,-40,46,6,"2013-6",74
2013,"Junio","Albania",5,3,2,8,6,"2013-6",107
2013,"Junio","Alemania",2997,3376,-379,6373,6,"2013-6",13
2013,"Junio","Andorra",12,2,10,14,6,"2013-6",99
2013,"Junio","Angola",3,12,-9,15,6,"2013-6",95
2013,"Junio","Antigua y Barbuda",2,2,0,4,6,"2013-6",137
2013,"Junio","Países Bajos",2460,1061,1399,3521,6,"2013-6",21
2013,"Junio","Arabia Saudita",12,24,-12,36,6,"2013-6",81
2013,"Junio","Argelia",4,8,-4,12,6,"2013-6",101
2013,"Junio","Argentina",9557,8918,639,18475,6,"2013-6",7
2013,"Junio","Aruba",10,6386,-6376,6396,6,"2013-6",12
2013,"Junio","Australia",826,367,459,1193,6,"2013-6",27
2013,"Junio","Austria",286,80,206,366,6,"2013-6",41
2013,"Junio","Azerbaiyán",3,2,1,5,6,"2013-6",129
2013,"Junio","Bahamas",11,148,-137,159,6,"2013-6",55
2013,"Junio","Bangladesh",4,0,4,4,6,"2013-6",137
2013,"Junio","Barbados",15,23,-8,38,6,"2013-6",80
2013,"Junio","República de Belarús",8,20,-12,28,6,"2013-6",84
2013,"Junio","Bélgica",578,228,350,806,6,"2013-6",31
2013,"Junio","Belice",20,4,16,24,6,"2013-6",86
2013,"Junio","Bermudas/Territorio Británico de Ultramar",4,3,1,7,6,"2013-6",117
2013,"Junio","Bolivia",920,716,204,1636,6,"2013-6",23
2013,"Junio","Bosnia y Herzegovina",10,1,9,11,6,"2013-6",105
2013,"Junio","Botsuana",2,0,2,2,6,"2013-6",153
2013,"Junio","Brasil",6952,8206,-1254,15158,6,"2013-6",9
2013,"Junio","Bulgaria",19,25,-6,44,6,"2013-6",75
2013,"Junio","Burkina Faso",2,0,2,2,6,"2013-6",153
2013,"Junio","Cabo Verde",2,0,2,2,6,"2013-6",153
2013,"Junio","Islas Caimán/Territorio Británico de Ultramar",8,51,-43,59,6,"2013-6",66
2013,"Junio","Camerún",6,0,6,6,6,"2013-6",124
2013,"Junio","Canadá",2480,3857,-1377,6337,6,"2013-6",14
2013,"Junio","España",8504,21611,-13107,30115,6,"2013-6",5
2013,"Junio","República Democrática del Congo",3,2,1,5,6,"2013-6",129
2013,"Junio","República de Corea",521,56,465,577,6,"2013-6",37
2013,"Junio","Costa de Marfil",4,0,4,4,6,"2013-6",137
2013,"Junio","Costa Rica",2221,2338,-117,4559,6,"2013-6",16
2013,"Junio","Croacia",39,12,27,51,6,"2013-6",71
2013,"Junio","Cuba",341,3407,-3066,3748,6,"2013-6",18
2013,"Junio","Curazao",11,1454,-1443,1465,6,"2013-6",25
2013,"Junio","República Checa",76,28,48,104,6,"2013-6",61
2013,"Junio","Chile",7003,5941,1062,12944,6,"2013-6",10
2013,"Junio","China",655,756,-101,1411,6,"2013-6",26
2013,"Junio","Chipre",3,3,0,6,6,"2013-6",124
2013,"Junio","Dinamarca",222,79,143,301,6,"2013-6",45
2013,"Junio","Dominica",5,1,4,6,6,"2013-6",124
2013,"Junio","Ecuador",8615,29412,-20797,38027,6,"2013-6",3
2013,"Junio","Egipto",17,199,-182,216,6,"2013-6",49
2013,"Junio","El Salvador",1248,2281,-1033,3529,6,"2013-6",20
2013,"Junio","Emiratos Árabes",14,282,-268,296,6,"2013-6",46
2013,"Junio","Eslovaquia",37,4,33,41,6,"2013-6",78
2013,"Junio","Eslovenia",38,5,33,43,6,"2013-6",76
2013,"Junio","Estados Unidos de América",37188,117974,-80786,155162,6,"2013-6",1
2013,"Junio","Estonia",6,2,4,8,6,"2013-6",107
2013,"Junio","Etiopia",4,1,3,5,6,"2013-6",129
2013,"Junio","Filipinas",196,8,188,204,6,"2013-6",51
2013,"Junio","Finlandia",92,25,67,117,6,"2013-6",60
2013,"Junio","Francia",2894,4062,-1168,6956,6,"2013-6",11
2013,"Junio","Georgia",2,0,2,2,6,"2013-6",153
2013,"Junio","Granada",3,4,-1,7,6,"2013-6",117
2013,"Junio","Grecia",81,50,31,131,6,"2013-6",58
2013,"Junio","Guatemala",1176,764,412,1940,6,"2013-6",22
2013,"Junio","Guyana",29,11,18,40,6,"2013-6",79
2013,"Junio","Guayana Francesa/Departamento de Ultramar Francés",1,1,0,2,6,"2013-6",153
2013,"Junio","Haití",23,35,-12,58,6,"2013-6",67
2013,"Junio","Honduras",484,408,76,892,6,"2013-6",30
2013,"Junio","Hong Kong",2,96,-94,98,6,"2013-6",62
2013,"Junio","Hungría",30,19,11,49,6,"2013-6",73
2013,"Junio","India",351,76,275,427,6,"2013-6",39
2013,"Junio","Indonesia",47,30,17,77,6,"2013-6",64
2013,"Junio","Iraq",1,17,-16,18,6,"2013-6",88
2013,"Junio","Irán",26,5,21,31,6,"2013-6",83
2013,"Junio","República de Irlanda",297,30,267,327,6,"2013-6",44
2013,"Junio","Islandia",10,4,6,14,6,"2013-6",99
2013,"Junio","Isla de Man",238,0,238,238,6,"2013-6",47
2013,"Junio","Isla Johnston",1,0,1,1,6,"2013-6",172
2013,"Junio","Israel",695,409,286,1104,6,"2013-6",29
2013,"Junio","Isla Wake",17,0,17,17,6,"2013-6",91
2013,"Junio","Italia",2168,1537,631,3705,6,"2013-6",19
2013,"Junio","Islas del Canal",3,0,3,3,6,"2013-6",143
2013,"Junio","Jamaica",70,166,-96,236,6,"2013-6",48
2013,"Junio","Japón",607,140,467,747,6,"2013-6",32
2013,"Junio","Jordania",4,21,-17,25,6,"2013-6",85
2013,"Junio","Kazajistán",6,1,5,7,6,"2013-6",117
2013,"Junio","Kenia",14,8,6,22,6,"2013-6",87
2013,"Junio","Kirguistán",1,0,1,1,6,"2013-6",172
2013,"Junio","Kuwait",4,0,4,4,6,"2013-6",137
2013,"Junio","República de Kosovo",1,0,1,1,6,"2013-6",172
2013,"Junio","Letonia",15,2,13,17,6,"2013-6",91
2013,"Junio","Lituania",31,20,11,51,6,"2013-6",71
2013,"Junio","Líbano",65,81,-16,146,6,"2013-6",57
2013,"Junio","Libia",1,0,1,1,6,"2013-6",172
2013,"Junio","Luxemburgo",7,10,-3,17,6,"2013-6",91
2013,"Junio","Macedonia",3,0,3,3,6,"2013-6",143
2013,"Junio","Madagascar",1,0,1,1,6,"2013-6",172
2013,"Junio","Malasia",34,31,3,65,6,"2013-6",65
2013,"Junio","Malí",1,3,-2,4,6,"2013-6",137
2013,"Junio","Malta",2,9,-7,11,6,"2013-6",105
2013,"Junio","Marruecos",13,37,-24,50,6,"2013-6",72
2013,"Junio","Mauricio",2,0,2,2,6,"2013-6",153
2013,"Junio","México",7648,21265,-13617,28913,6,"2013-6",6
2013,"Junio","República de Moldavia",3,0,3,3,6,"2013-6",143
2013,"Junio","Mónaco",1,5,-4,6,6,"2013-6",124
2013,"Junio","Montenegro",1,0,1,1,6,"2013-6",172
2013,"Junio","Mozambique",2,5,-3,7,6,"2013-6",117
2013,"Junio","Myanmar",5,1,4,6,6,"2013-6",124
2013,"Junio","Nepal",10,1,9,11,6,"2013-6",105
2013,"Junio","Nicaragua",157,185,-28,342,6,"2013-6",43
2013,"Junio","Nigeria",4,11,-7,15,6,"2013-6",95
2013,"Junio","Noruega",267,96,171,363,6,"2013-6",42
2013,"Junio","Nueva Zelanda",138,28,110,166,6,"2013-6",53
2013,"Junio","Pakistán",13,1,12,14,6,"2013-6",99
2013,"Junio","Panamá",2407,28883,-26476,31290,6,"2013-6",4
2013,"Junio","Paraguay",450,230,220,680,6,"2013-6",34
2013,"Junio","Perú",7499,9821,-2322,17320,6,"2013-6",8
2013,"Junio","Palestina",3,3,0,6,6,"2013-6",124
2013,"Junio","Polonia",143,70,73,213,6,"2013-6",50
2013,"Junio","Portugal",441,144,297,585,6,"2013-6",36
2013,"Junio","Puerto Rico/Territorio de Estados Unidos",4,478,-474,482,6,"2013-6",38
2013,"Junio","Qatar",6,8,-2,14,6,"2013-6",99
2013,"Junio","Reino Unido de Gran Bretaña e Irlanda del Norte",1988,2029,-41,4017,6,"2013-6",17
2013,"Junio","Federación de Rusia",292,297,-5,589,6,"2013-6",35
2013,"Junio","República Dominicana",877,4075,-3198,4952,6,"2013-6",15
2013,"Junio","Rumania",105,13,92,118,6,"2013-6",59
2013,"Junio","Rwanda",2,1,1,3,6,"2013-6",143
2013,"Junio","San Cristóbal y Nevis",7,0,7,7,6,"2013-6",117
2013,"Junio","Samoa Occidental",1,0,1,1,6,"2013-6",172
2013,"Junio","San  Vicente y las Granadinas",7,4,3,11,6,"2013-6",105
2013,"Junio","Santa Lucia",7,0,7,7,6,"2013-6",117
2013,"Junio","Senegal",2,1,1,3,6,"2013-6",143
2013,"Junio","Serbia",15,0,15,15,6,"2013-6",95
2013,"Junio","Singapur",40,40,0,80,6,"2013-6",63
2013,"Junio","República Árabe Siria",4,0,4,4,6,"2013-6",137
2013,"Junio","Sri Lanka",4,2,2,6,6,"2013-6",124
2013,"Junio","Sudáfrica",117,46,71,163,6,"2013-6",54
2013,"Junio","Suecia",496,189,307,685,6,"2013-6",33
2013,"Junio","Suiza",939,576,363,1515,6,"2013-6",24
2013,"Junio","Surinam",31,10,21,41,6,"2013-6",78
2013,"Junio","Taiwán",145,11,134,156,6,"2013-6",56
2013,"Junio","República de Tayikistán",1,0,1,1,6,"2013-6",172
2013,"Junio","Tailandia",6,51,-45,57,6,"2013-6",68
2013,"Junio","Territorio Antártico Británico/Territorio Británico de Ultramar",4,0,4,4,6,"2013-6",137
2013,"Junio","Tanzania",2,0,2,2,6,"2013-6",153
2013,"Junio","Trinidad y Tobago",101,98,3,199,6,"2013-6",52
2013,"Junio","Túnez",4,3,1,7,6,"2013-6",117
2013,"Junio","Turquía",127,264,-137,391,6,"2013-6",40
2013,"Junio","Ucrania",39,15,24,54,6,"2013-6",69
2013,"Junio","Uganda",3,4,-1,7,6,"2013-6",117
2013,"Junio","Uruguay",1011,124,887,1135,6,"2013-6",28
2013,"Junio","Venezuela",18155,50952,-32797,69107,6,"2013-6",2
2013,"Junio","Vietnam",2,5,-3,7,6,"2013-6",117
2013,"Junio","República Árabe de Yemen",1,0,1,1,6,"2013-6",172
2013,"Junio","Zambia",1,0,1,1,6,"2013-6",172
2013,"Junio","Zimbabue",2,0,2,2,6,"2013-6",153
2013,"Junio","Desconocido",2,31,-29,33,6,"2013-6",82
2013,"Julio","Afganistán",2,41,-39,43,7,"2013-7",83
2013,"Julio","Albania",4,0,4,4,7,"2013-7",152
2013,"Julio","Alemania",4546,2416,2130,6962,7,"2013-7",13
2013,"Julio","Andorra",14,2,12,16,7,"2013-7",106
2013,"Julio","Angola",3,17,-14,20,7,"2013-7",103
2013,"Julio","Antigua y Barbuda",5,7,-2,12,7,"2013-7",115
2013,"Julio","Países Bajos",3974,852,3122,4826,7,"2013-7",15
2013,"Julio","Arabia Saudita",19,37,-18,56,7,"2013-7",76
2013,"Julio","Argelia",10,4,6,14,7,"2013-7",110
2013,"Julio","Argentina",10534,5274,5260,15808,7,"2013-7",9
2013,"Julio","República de Armenia",9,0,9,9,7,"2013-7",130
2013,"Julio","Aruba",10,4600,-4590,4610,7,"2013-7",17
2013,"Julio","Australia",1060,524,536,1584,7,"2013-7",25
2013,"Julio","Austria",583,87,496,670,7,"2013-7",38
2013,"Julio","Azerbaiyán",16,7,9,23,7,"2013-7",98
2013,"Julio","Bahamas",19,103,-84,122,7,"2013-7",62
2013,"Julio","Bangladesh",11,1,10,12,7,"2013-7",115
2013,"Julio","Barbados",45,17,28,62,7,"2013-7",74
2013,"Julio","República de Belarús",40,10,30,50,7,"2013-7",79
2013,"Julio","Bélgica",942,235,707,1177,7,"2013-7",28
2013,"Julio","Belice",34,5,29,39,7,"2013-7",84
2013,"Julio","Benín",1,2,-1,3,7,"2013-7",159
2013,"Julio","Bermudas/Territorio Británico de Ultramar",7,5,2,12,7,"2013-7",115
2013,"Julio","Bolivia",988,783,205,1771,7,"2013-7",24
2013,"Julio","Bosnia y Herzegovina",9,1,8,10,7,"2013-7",125
2013,"Julio","Brasil",8816,8994,-178,17810,7,"2013-7",7
2013,"Julio","Bulgaria",39,5,34,44,7,"2013-7",81
2013,"Julio","Burkina Faso",3,0,3,3,7,"2013-7",159
2013,"Julio","Islas Caimán/Territorio Británico de Ultramar",8,19,-11,27,7,"2013-7",92
2013,"Julio","Camboya",1,1,0,2,7,"2013-7",171
2013,"Julio","Camerún",3,0,3,3,7,"2013-7",159
2013,"Julio","Canadá",3286,3786,-500,7072,7,"2013-7",12
2013,"Julio","España",8664,15858,-7194,24522,7,"2013-7",6
2013,"Julio","República Del Congo",2,0,2,2,7,"2013-7",171
2013,"Julio","República Democrática del Congo",5,6,-1,11,7,"2013-7",119
2013,"Julio","República de Corea",605,69,536,674,7,"2013-7",37
2013,"Julio","Costa de Marfil",2,2,0,4,7,"2013-7",152
2013,"Julio","Costa Rica",2859,2269,590,5128,7,"2013-7",14
2013,"Julio","Croacia",69,1,68,70,7,"2013-7",71
2013,"Julio","Cuba",530,2849,-2319,3379,7,"2013-7",21
2013,"Julio","Curazao",11,1419,-1408,1430,7,"2013-7",26
2013,"Julio","República Checa",207,40,167,247,7,"2013-7",53
2013,"Julio","Chile",8914,5181,3733,14095,7,"2013-7",10
2013,"Julio","China",833,521,312,1354,7,"2013-7",27
2013,"Julio","Chipre",19,5,14,24,7,"2013-7",96
2013,"Julio","Dinamarca",339,55,284,394,7,"2013-7",44
2013,"Julio","Dominica",4,0,4,4,7,"2013-7",152
2013,"Julio","Ecuador",11106,32644,-21538,43750,7,"2013-7",3
2013,"Julio","Egipto",42,138,-96,180,7,"2013-7",58
2013,"Julio","El Salvador",1547,2156,-609,3703,7,"2013-7",20
2013,"Julio","Emiratos Árabes",3,261,-258,264,7,"2013-7",51
2013,"Julio","Eritrea",2,3,-1,5,7,"2013-7",146
2013,"Julio","Eslovaquia",63,2,61,65,7,"2013-7",73
2013,"Julio","Eslovenia",62,5,57,67,7,"2013-7",72
2013,"Julio","Estados Unidos de América",36373,101860,-65487,138233,7,"2013-7",1
2013,"Julio","Estonia",44,1,43,45,7,"2013-7",80
2013,"Julio","Etiopia",3,3,0,6,7,"2013-7",141
2013,"Julio","Filipinas",350,11,339,361,7,"2013-7",46
2013,"Julio","Finlandia",124,16,108,140,7,"2013-7",60
2013,"Julio","Francia",5029,3259,1770,8288,7,"2013-7",11
2013,"Julio","Georgia",11,0,11,11,7,"2013-7",119
2013,"Julio","Ghana",2,3,-1,5,7,"2013-7",146
2013,"Julio","Granada",5,2,3,7,7,"2013-7",137
2013,"Julio","Grecia",94,78,16,172,7,"2013-7",59
2013,"Julio","Guatemala",1164,909,255,2073,7,"2013-7",23
2013,"Julio","Guyana",25,5,20,30,7,"2013-7",90
2013,"Julio","Guinea",1,6,-5,7,7,"2013-7",137
2013,"Julio","Guinea Ecuatorial",3,21,-18,24,7,"2013-7",96
2013,"Julio","Guinea Bissau",1,1,0,2,7,"2013-7",171
2013,"Julio","Haití",27,33,-6,60,7,"2013-7",75
2013,"Julio","Honduras",609,357,252,966,7,"2013-7",31
2013,"Julio","Hungría",161,28,133,189,7,"2013-7",57
2013,"Julio","India",411,86,325,497,7,"2013-7",41
2013,"Julio","Indonesia",61,12,49,73,7,"2013-7",70
2013,"Julio","Iraq",1,22,-21,23,7,"2013-7",98
2013,"Julio","Irán",52,3,49,55,7,"2013-7",78
2013,"Julio","República de Irlanda",382,21,361,403,7,"2013-7",43
2013,"Julio","Islandia",17,2,15,19,7,"2013-7",104
2013,"Julio","Isla de Man",420,0,420,420,7,"2013-7",42
2013,"Julio","Islas Pitcairn/Territorio Británico de Ultramar",1,0,1,1,7,"2013-7",188
2013,"Julio","Isla Johnston",2,0,2,2,7,"2013-7",171
2013,"Julio","Israel",823,229,594,1052,7,"2013-7",29
2013,"Julio","Islas Aland/Provincia de Finlandia",1,0,1,1,7,"2013-7",188
2013,"Julio","Isla Wake",6,0,6,6,7,"2013-7",141
2013,"Julio","Italia",2716,1191,1525,3907,7,"2013-7",19
2013,"Julio","Islas del Canal",8,0,8,8,7,"2013-7",133
2013,"Julio","Jamaica",76,196,-120,272,7,"2013-7",50
2013,"Julio","Islas Salomón",1,0,1,1,7,"2013-7",188
2013,"Julio","Japón",830,106,724,936,7,"2013-7",32
2013,"Julio","Jordania",11,10,1,21,7,"2013-7",101
2013,"Julio","Kazajistán",17,4,13,21,7,"2013-7",101
2013,"Julio","Kenia",18,4,14,22,7,"2013-7",99
2013,"Julio","Kirguistán",11,0,11,11,7,"2013-7",119
2013,"Julio","Kuwait",1,10,-9,11,7,"2013-7",119
2013,"Julio","República de Kosovo",9,1,8,10,7,"2013-7",125
2013,"Julio","Letonia",73,1,72,74,7,"2013-7",69
2013,"Julio","Lituania",45,10,35,55,7,"2013-7",78
2013,"Julio","Líbano",58,50,8,108,7,"2013-7",63
2013,"Julio","Liechtenstein",10,0,10,10,7,"2013-7",125
2013,"Julio","Luxemburgo",34,9,25,43,7,"2013-7",83
2013,"Julio","Macedonia",13,0,13,13,7,"2013-7",112
2013,"Julio","Madagascar",3,3,0,6,7,"2013-7",141
2013,"Julio","Malasia",69,27,42,96,7,"2013-7",65
2013,"Julio","Malta",5,4,1,9,7,"2013-7",130
2013,"Julio","Marruecos",23,14,9,37,7,"2013-7",86
2013,"Julio","Mauricio",5,0,5,5,7,"2013-7",146
2013,"Julio","Mauritania",1,2,-1,3,7,"2013-7",159
2013,"Julio","México",11089,18257,-7168,29346,7,"2013-7",5
2013,"Julio","Mayotte/Colectividad Territorial Francesa",1,0,1,1,7,"2013-7",188
2013,"Julio","República de Moldavia",9,1,8,10,7,"2013-7",125
2013,"Julio","Mónaco",1,0,1,1,7,"2013-7",188
2013,"Julio","Mongolia",30,0,30,30,7,"2013-7",90
2013,"Julio","Montenegro",13,2,11,15,7,"2013-7",107
2013,"Julio","Namibia",1,1,0,2,7,"2013-7",171
2013,"Julio","Nepal",2,0,2,2,7,"2013-7",171
2013,"Julio","Nicaragua",197,162,35,359,7,"2013-7",47
2013,"Julio","Nigeria",17,14,3,31,7,"2013-7",88
2013,"Julio","Noruega",449,69,380,518,7,"2013-7",40
2013,"Julio","Nueva Caledonia/Territorio francés",1,5,-4,6,7,"2013-7",141
2013,"Julio","Nueva Zelanda",213,88,125,301,7,"2013-7",49
2013,"Julio","Papúa Nueva Guinea",2,8,-6,10,7,"2013-7",125
2013,"Julio","Pakistán",22,4,18,26,7,"2013-7",93
2013,"Julio","Panamá",2912,27750,-24838,30662,7,"2013-7",4
2013,"Julio","Paraguay",591,158,433,749,7,"2013-7",36
2013,"Julio","Perú",9055,7965,1090,17020,7,"2013-7",8
2013,"Julio","Palestina",2,2,0,4,7,"2013-7",152
2013,"Julio","Polonia",289,45,244,334,7,"2013-7",48
2013,"Julio","Portugal",592,74,518,666,7,"2013-7",39
2013,"Julio","Puerto Rico/Territorio de Estados Unidos",4,828,-824,832,7,"2013-7",33
2013,"Julio","Qatar",16,12,4,28,7,"2013-7",91
2013,"Julio","Reino Unido de Gran Bretaña e Irlanda del Norte",2899,1768,1131,4667,7,"2013-7",16
2013,"Julio","República CentroÁfricana",2,0,2,2,7,"2013-7",171
2013,"Julio","Federación de Rusia",592,166,426,758,7,"2013-7",35
2013,"Julio","República Dominicana",963,3247,-2284,4210,7,"2013-7",18
2013,"Julio","República Democrática Popular de Corea",8,1,7,9,7,"2013-7",130
2013,"Julio","Rumania",122,14,108,136,7,"2013-7",61
2013,"Julio","San Cristóbal y Nevis",5,0,5,5,7,"2013-7",146
2013,"Julio","San  Vicente y las Granadinas",5,0,5,5,7,"2013-7",146
2013,"Julio","Santa Lucia",14,0,14,14,7,"2013-7",110
2013,"Julio","Santa Sede/Ciudad del Vaticano",3,0,3,3,7,"2013-7",159
2013,"Julio","Santo Tomé y Príncipe",1,0,1,1,7,"2013-7",188
2013,"Julio","Senegal",7,0,7,7,7,"2013-7",137
2013,"Julio","Serbia",31,1,30,32,7,"2013-7",87
2013,"Julio","Singapur",68,37,31,105,7,"2013-7",64
2013,"Julio","República Árabe Siria",4,0,4,4,7,"2013-7",152
2013,"Julio","Sri Lanka",13,0,13,13,7,"2013-7",112
2013,"Julio","Sudáfrica",195,30,165,225,7,"2013-7",56
2013,"Julio","Suecia",490,284,206,774,7,"2013-7",34
2013,"Julio","Suiza",1834,621,1213,2455,7,"2013-7",22
2013,"Julio","Surinam",41,39,2,80,7,"2013-7",68
2013,"Julio","Taiwán",246,5,241,251,7,"2013-7",52
2013,"Julio","República de Tayikistán",1,0,1,1,7,"2013-7",188
2013,"Julio","Tailandia",48,36,12,84,7,"2013-7",67
2013,"Julio","Tíbet/Región Autónoma de China",3,0,3,3,7,"2013-7",159
2013,"Julio","Territorio Antártico Británico/Territorio Británico de Ultramar",9,0,9,9,7,"2013-7",130
2013,"Julio","Tanzania",2,0,2,2,7,"2013-7",171
2013,"Julio","República Democrática de Timor Oriental",1,0,1,1,7,"2013-7",188
2013,"Julio","Trinidad y Tobago",240,143,97,383,7,"2013-7",45
2013,"Julio","Túnez",20,0,20,20,7,"2013-7",103
2013,"Julio","Turkmenistán",13,1,12,14,7,"2013-7",110
2013,"Julio","Turquía",165,68,97,233,7,"2013-7",55
2013,"Julio","Ucrania",219,18,201,237,7,"2013-7",54
2013,"Julio","Uganda",14,4,10,18,7,"2013-7",105
2013,"Julio","Uruguay",862,145,717,1007,7,"2013-7",30
2013,"Julio","Venezuela",22631,45444,-22813,68075,7,"2013-7",2
2013,"Julio","Vietnam",34,4,30,38,7,"2013-7",85
2013,"Julio","Zambia",1,1,0,2,7,"2013-7",171
2013,"Julio","Zimbabue",2,0,2,2,7,"2013-7",171
2013,"Julio","Desconocido",1,24,-23,25,7,"2013-7",94
2013,"Agosto","Albania",8,0,8,8,8,"2013-8",122
2013,"Agosto","Alemania",4451,2084,2367,6535,8,"2013-8",13
2013,"Agosto","Andorra",18,1,17,19,8,"2013-8",96
2013,"Agosto","Angola",2,14,-12,16,8,"2013-8",101
2013,"Agosto","Antigua y Barbuda",5,1,4,6,8,"2013-8",127
2013,"Agosto","Países Bajos",2261,694,1567,2955,8,"2013-8",21
2013,"Agosto","Arabia Saudita",5,80,-75,85,8,"2013-8",64
2013,"Agosto","Argelia",3,7,-4,10,8,"2013-8",114
2013,"Agosto","Argentina",10384,5719,4665,16103,8,"2013-8",9
2013,"Agosto","República de Armenia",3,0,3,3,8,"2013-8",152
2013,"Agosto","Aruba",8,5143,-5135,5151,8,"2013-8",14
2013,"Agosto","Australia",864,468,396,1332,8,"2013-8",26
2013,"Agosto","Austria",444,53,391,497,8,"2013-8",38
2013,"Agosto","Azerbaiyán",2,22,-20,24,8,"2013-8",86
2013,"Agosto","Bahamas",24,146,-122,170,8,"2013-8",56
2013,"Agosto","Bangladesh",3,0,3,3,8,"2013-8",152
2013,"Agosto","Barbados",22,19,3,41,8,"2013-8",76
2013,"Agosto","República de Belarús",5,17,-12,22,8,"2013-8",89
2013,"Agosto","Bélgica",529,387,142,916,8,"2013-8",32
2013,"Agosto","Belice",29,13,16,42,8,"2013-8",75
2013,"Agosto","Bermudas/Territorio Británico de Ultramar",3,3,0,6,8,"2013-8",127
2013,"Agosto","Bolivia",898,769,129,1667,8,"2013-8",24
2013,"Agosto","Bosnia y Herzegovina",4,0,4,4,8,"2013-8",141
2013,"Agosto","Botsuana",1,0,1,1,8,"2013-8",190
2013,"Agosto","Brasil",7853,8369,-516,16222,8,"2013-8",8
2013,"Agosto","Bulgaria",28,2,26,30,8,"2013-8",83
2013,"Agosto","Burkina Faso",1,0,1,1,8,"2013-8",190
2013,"Agosto","Burundi",5,0,5,5,8,"2013-8",131
2013,"Agosto","Bután",1,0,1,1,8,"2013-8",190
2013,"Agosto","Islas Caimán/Territorio Británico de Ultramar",6,27,-21,33,8,"2013-8",81
2013,"Agosto","Camboya",7,0,7,7,8,"2013-8",123
2013,"Agosto","Canadá",2918,4596,-1678,7514,8,"2013-8",12
2013,"Agosto","España",9075,14638,-5563,23713,8,"2013-8",6
2013,"Agosto","República Democrática del Congo",11,8,3,19,8,"2013-8",96
2013,"Agosto","República de Corea",762,78,684,840,8,"2013-8",34
2013,"Agosto","Costa de Marfil",1,1,0,2,8,"2013-8",165
2013,"Agosto","Costa Rica",2409,2299,110,4708,8,"2013-8",15
2013,"Agosto","Croacia",35,1,34,36,8,"2013-8",80
2013,"Agosto","Cuba",506,2589,-2083,3095,8,"2013-8",20
2013,"Agosto","Curazao",10,1473,-1463,1483,8,"2013-8",25
2013,"Agosto","República Checa",75,15,60,90,8,"2013-8",63
2013,"Agosto","Chile",7952,5939,2013,13891,8,"2013-8",10
2013,"Agosto","China",616,679,-63,1295,8,"2013-8",27
2013,"Agosto","Chipre",5,4,1,9,8,"2013-8",119
2013,"Agosto","Dinamarca",187,101,86,288,8,"2013-8",45
2013,"Agosto","Dominica",4,1,3,5,8,"2013-8",131
2013,"Agosto","Ecuador",11030,19984,-8954,31014,8,"2013-8",4
2013,"Agosto","Egipto",21,41,-20,62,8,"2013-8",67
2013,"Agosto","El Salvador",1660,2026,-366,3686,8,"2013-8",19
2013,"Agosto","Emiratos Árabes",11,478,-467,489,8,"2013-8",39
2013,"Agosto","Eslovaquia",35,2,33,37,8,"2013-8",79
2013,"Agosto","Eslovenia",38,1,37,39,8,"2013-8",78
2013,"Agosto","Estados Unidos de América",31947,98175,-66228,130122,8,"2013-8",1
2013,"Agosto","Estonia",11,3,8,14,8,"2013-8",106
2013,"Agosto","Etiopia",8,1,7,9,8,"2013-8",119
2013,"Agosto","Islas Fiji",1,2,-1,3,8,"2013-8",152
2013,"Agosto","Filipinas",233,2,231,235,8,"2013-8",50
2013,"Agosto","Finlandia",99,29,70,128,8,"2013-8",58
2013,"Agosto","Francia",4420,3533,887,7953,8,"2013-8",11
2013,"Agosto","Gabón",4,8,-4,12,8,"2013-8",108
2013,"Agosto","Georgia",5,0,5,5,8,"2013-8",131
2013,"Agosto","Ghana",7,8,-1,15,8,"2013-8",102
2013,"Agosto","Granada",2,2,0,4,8,"2013-8",141
2013,"Agosto","Grecia",95,52,43,147,8,"2013-8",57
2013,"Agosto","Guatemala",1026,927,99,1953,8,"2013-8",22
2013,"Agosto","Guyana",19,21,-2,40,8,"2013-8",77
2013,"Agosto","Guinea",1,9,-8,10,8,"2013-8",114
2013,"Agosto","Guinea Bissau",1,0,1,1,8,"2013-8",190
2013,"Agosto","Guayana Francesa/Departamento de Ultramar Francés",1,1,0,2,8,"2013-8",165
2013,"Agosto","Haití",22,31,-9,53,8,"2013-8",71
2013,"Agosto","Honduras",608,431,177,1039,8,"2013-8",30
2013,"Agosto","Hong Kong",1,177,-176,178,8,"2013-8",55
2013,"Agosto","Hungría",52,73,-21,125,8,"2013-8",59
2013,"Agosto","India",405,72,333,477,8,"2013-8",41
2013,"Agosto","Indonesia",45,33,12,78,8,"2013-8",66
2013,"Agosto","Iraq",21,11,10,32,8,"2013-8",82
2013,"Agosto","Irán",21,2,19,23,8,"2013-8",88
2013,"Agosto","República de Irlanda",285,33,252,318,8,"2013-8",44
2013,"Agosto","Islandia",7,9,-2,16,8,"2013-8",101
2013,"Agosto","Isla de Man",263,0,263,263,8,"2013-8",47
2013,"Agosto","Isla Johnston",2,0,2,2,8,"2013-8",165
2013,"Agosto","Israel",760,201,559,961,8,"2013-8",31
2013,"Agosto","Islas Aland/Provincia de Finlandia",1,0,1,1,8,"2013-8",190
2013,"Agosto","Isla Wake",3,0,3,3,8,"2013-8",152
2013,"Agosto","Italia",3124,1135,1989,4259,8,"2013-8",17
2013,"Agosto","Islas del Canal",10,0,10,10,8,"2013-8",114
2013,"Agosto","Jamaica",67,386,-319,453,8,"2013-8",42
2013,"Agosto","Japón",733,124,609,857,8,"2013-8",33
2013,"Agosto","Jordania",3,6,-3,9,8,"2013-8",119
2013,"Agosto","Kazajistán",1,2,-1,3,8,"2013-8",152
2013,"Agosto","Kenia",16,7,9,23,8,"2013-8",88
2013,"Agosto","Kirguistán",2,1,1,3,8,"2013-8",152
2013,"Agosto","Kuwait",2,8,-6,10,8,"2013-8",114
2013,"Agosto","República Democrática Popular  Lao",4,0,4,4,8,"2013-8",141
2013,"Agosto","Letonia",10,0,10,10,8,"2013-8",114
2013,"Agosto","Lituania",17,4,13,21,8,"2013-8",92
2013,"Agosto","Líbano",50,44,6,94,8,"2013-8",62
2013,"Agosto","Liberia",1,0,1,1,8,"2013-8",190
2013,"Agosto","Libia",2,0,2,2,8,"2013-8",165
2013,"Agosto","Liechtenstein",2,0,2,2,8,"2013-8",165
2013,"Agosto","Luxemburgo",23,4,19,27,8,"2013-8",85
2013,"Agosto","Macedonia",4,0,4,4,8,"2013-8",141
2013,"Agosto","Madagascar",1,0,1,1,8,"2013-8",190
2013,"Agosto","Malasia",33,25,8,58,8,"2013-8",70
2013,"Agosto","Malawi",1,0,1,1,8,"2013-8",190
2013,"Agosto","Maldivas",1,1,0,2,8,"2013-8",165
2013,"Agosto","Malta",4,13,-9,17,8,"2013-8",98
2013,"Agosto","Marruecos",10,11,-1,21,8,"2013-8",92
2013,"Agosto","Mauritania",2,2,0,4,8,"2013-8",141
2013,"Agosto","México",9654,20856,-11202,30510,8,"2013-8",5
2013,"Agosto","Mayotte/Colectividad Territorial Francesa",1,0,1,1,8,"2013-8",190
2013,"Agosto","Mónaco",8,6,2,14,8,"2013-8",106
2013,"Agosto","Mongolia",1,0,1,1,8,"2013-8",190
2013,"Agosto","Montenegro",1,0,1,1,8,"2013-8",190
2013,"Agosto","Mozambique",1,0,1,1,8,"2013-8",190
2013,"Agosto","Myanmar",5,3,2,8,8,"2013-8",122
2013,"Agosto","Namibia",1,0,1,1,8,"2013-8",190
2013,"Agosto","Nepal",2,1,1,3,8,"2013-8",152
2013,"Agosto","Nicaragua",204,158,46,362,8,"2013-8",43
2013,"Agosto","Nigeria",9,11,-2,20,8,"2013-8",93
2013,"Agosto","Noruega",164,68,96,232,8,"2013-8",51
2013,"Agosto","Nueva Zelanda",183,35,148,218,8,"2013-8",52
2013,"Agosto","Papúa Nueva Guinea",1,15,-14,16,8,"2013-8",101
2013,"Agosto","Pakistán",17,4,13,21,8,"2013-8",92
2013,"Agosto","Panamá",2974,29758,-26784,32732,8,"2013-8",3
2013,"Agosto","Paraguay",292,259,33,551,8,"2013-8",36
2013,"Agosto","Perú",9630,8132,1498,17762,8,"2013-8",7
2013,"Agosto","Palestina",3,1,2,4,8,"2013-8",141
2013,"Agosto","Polonia",232,28,204,260,8,"2013-8",48
2013,"Agosto","Portugal",497,58,439,555,8,"2013-8",35
2013,"Agosto","Puerto Rico/Territorio de Estados Unidos",2,1184,-1182,1186,8,"2013-8",28
2013,"Agosto","Qatar",1,57,-56,58,8,"2013-8",70
2013,"Agosto","Reino Unido de Gran Bretaña e Irlanda del Norte",2307,1777,530,4084,8,"2013-8",18
2013,"Agosto","Federación de Rusia",289,195,94,484,8,"2013-8",40
2013,"Agosto","República Dominicana",1031,3617,-2586,4648,8,"2013-8",16
2013,"Agosto","Rumania",92,23,69,115,8,"2013-8",60
2013,"Agosto","Rwanda",3,0,3,3,8,"2013-8",152
2013,"Agosto","San Cristóbal y Nevis",14,3,11,17,8,"2013-8",98
2013,"Agosto","San  Vicente y las Granadinas",6,0,6,6,8,"2013-8",127
2013,"Agosto","Santa Lucia",4,0,4,4,8,"2013-8",141
2013,"Agosto","Santa Sede/Ciudad del Vaticano",2,0,2,2,8,"2013-8",165
2013,"Agosto","Senegal",5,9,-4,14,8,"2013-8",106
2013,"Agosto","Serbia",16,3,13,19,8,"2013-8",96
2013,"Agosto","Singapur",36,47,-11,83,8,"2013-8",65
2013,"Agosto","República Árabe Siria",9,0,9,9,8,"2013-8",119
2013,"Agosto","Sri Lanka",3,0,3,3,8,"2013-8",152
2013,"Agosto","Sudáfrica",147,58,89,205,8,"2013-8",53
2013,"Agosto","Sudán",1,2,-1,3,8,"2013-8",152
2013,"Agosto","Suecia",305,229,76,534,8,"2013-8",37
2013,"Agosto","Suiza",920,831,89,1751,8,"2013-8",23
2013,"Agosto","Surinam",73,25,48,98,8,"2013-8",61
2013,"Agosto","Taiwán",164,14,150,178,8,"2013-8",55
2013,"Agosto","Tailandia",17,32,-15,49,8,"2013-8",72
2013,"Agosto","Territorio Antártico Británico/Territorio Británico de Ultramar",5,0,5,5,8,"2013-8",131
2013,"Agosto","Trinidad y Tobago",104,137,-33,241,8,"2013-8",49
2013,"Agosto","Túnez",7,1,6,8,8,"2013-8",122
2013,"Agosto","Turquía",113,167,-54,280,8,"2013-8",46
2013,"Agosto","Ucrania",58,3,55,61,8,"2013-8",68
2013,"Agosto","Uganda",10,3,7,13,8,"2013-8",107
2013,"Agosto","Uruguay",859,196,663,1055,8,"2013-8",29
2013,"Agosto","Uzbekistán",2,0,2,2,8,"2013-8",165
2013,"Agosto","Venezuela",24550,39068,-14518,63618,8,"2013-8",2
2013,"Agosto","Vietnam",9,5,4,14,8,"2013-8",106
2013,"Agosto","Islas Vírgenes Británicas/Territorio Británico de Ultramar",1,0,1,1,8,"2013-8",190
2013,"Agosto","República Árabe de Yemen",1,1,0,2,8,"2013-8",165
2013,"Agosto","Zambia",2,7,-5,9,8,"2013-8",119
2013,"Agosto","Zimbabue",3,1,2,4,8,"2013-8",141
2013,"Agosto","Anguila/Territorio Británico de Ultramar",1,0,1,1,8,"2013-8",190
2013,"Agosto","Desconocido",1,47,-46,48,8,"2013-8",73
2013,"Septiembre","Albania",6,0,6,6,9,"2013-9",134
2013,"Septiembre","Alemania",3290,2910,380,6200,9,"2013-9",11
2013,"Septiembre","Andorra",6,2,4,8,9,"2013-9",126
2013,"Septiembre","Antigua y Barbuda",13,3,10,16,9,"2013-9",96
2013,"Septiembre","Países Bajos",2283,422,1861,2705,9,"2013-9",21
2013,"Septiembre","Arabia Saudita",14,42,-28,56,9,"2013-9",69
2013,"Septiembre","Argelia",4,11,-7,15,9,"2013-9",100
2013,"Septiembre","Argentina",10024,5704,4320,15728,9,"2013-9",9
2013,"Septiembre","República de Armenia",2,0,2,2,9,"2013-9",168
2013,"Septiembre","Aruba",2,3939,-3937,3941,9,"2013-9",16
2013,"Septiembre","Australia",786,422,364,1208,9,"2013-9",25
2013,"Septiembre","Austria",299,100,199,399,9,"2013-9",40
2013,"Septiembre","Azerbaiyán",1,5,-4,6,9,"2013-9",134
2013,"Septiembre","Bahamas",19,86,-67,105,9,"2013-9",58
2013,"Septiembre","Bangladesh",7,0,7,7,9,"2013-9",127
2013,"Septiembre","Barbados",31,20,11,51,9,"2013-9",71
2013,"Septiembre","República de Belarús",9,6,3,15,9,"2013-9",100
2013,"Septiembre","Bélgica",507,203,304,710,9,"2013-9",33
2013,"Septiembre","Belice",31,11,20,42,9,"2013-9",74
2013,"Septiembre","Benín",1,1,0,2,9,"2013-9",168
2013,"Septiembre","Bermudas/Territorio Británico de Ultramar",3,6,-3,9,9,"2013-9",118
2013,"Septiembre","Bolivia",899,696,203,1595,9,"2013-9",23
2013,"Septiembre","Botsuana",3,0,3,3,9,"2013-9",154
2013,"Septiembre","Brasil",8901,7313,1588,16214,9,"2013-9",8
2013,"Septiembre","Bulgaria",24,13,11,37,9,"2013-9",80
2013,"Septiembre","Burkina Faso",11,0,11,11,9,"2013-9",108
2013,"Septiembre","Islas Caimán/Territorio Británico de Ultramar",1,9,-8,10,9,"2013-9",111
2013,"Septiembre","Camerún",6,0,6,6,9,"2013-9",134
2013,"Septiembre","Canadá",2211,3498,-1287,5709,9,"2013-9",13
2013,"Septiembre","Chad",2,1,1,3,9,"2013-9",154
2013,"Septiembre","España",8392,18441,-10049,26833,9,"2013-9",5
2013,"Septiembre","República Democrática del Congo",3,5,-2,8,9,"2013-9",126
2013,"Septiembre","República de Corea",534,55,479,589,9,"2013-9",34
2013,"Septiembre","Costa de Marfil",8,8,0,16,9,"2013-9",96
2013,"Septiembre","Costa Rica",2371,1915,456,4286,9,"2013-9",14
2013,"Septiembre","Croacia",36,5,31,41,9,"2013-9",75
2013,"Septiembre","Cuba",386,2659,-2273,3045,9,"2013-9",20
2013,"Septiembre","Curazao",6,772,-766,778,9,"2013-9",30
2013,"Septiembre","República Checa",81,22,59,103,9,"2013-9",61
2013,"Septiembre","Chile",7988,5405,2583,13393,9,"2013-9",10
2013,"Septiembre","China",512,646,-134,1158,9,"2013-9",28
2013,"Septiembre","Chipre",5,0,5,5,9,"2013-9",140
2013,"Septiembre","Dinamarca",168,71,97,239,9,"2013-9",47
2013,"Septiembre","Dominica",10,4,6,14,9,"2013-9",102
2013,"Septiembre","Ecuador",10548,20099,-9551,30647,9,"2013-9",3
2013,"Septiembre","Egipto",28,95,-67,123,9,"2013-9",55
2013,"Septiembre","El Salvador",1400,1903,-503,3303,9,"2013-9",19
2013,"Septiembre","Emiratos Árabes",10,263,-253,273,9,"2013-9",46
2013,"Septiembre","Eslovaquia",34,2,32,36,9,"2013-9",81
2013,"Septiembre","Eslovenia",28,9,19,37,9,"2013-9",80
2013,"Septiembre","Estados Unidos de América",22065,83024,-60959,105089,9,"2013-9",1
2013,"Septiembre","Estonia",10,0,10,10,9,"2013-9",111
2013,"Septiembre","Etiopia",10,0,10,10,9,"2013-9",111
2013,"Septiembre","Filipinas",287,6,281,293,9,"2013-9",44
2013,"Septiembre","Finlandia",93,7,86,100,9,"2013-9",63
2013,"Septiembre","Francia",2588,3574,-986,6162,9,"2013-9",12
2013,"Septiembre","Gabón",5,3,2,8,9,"2013-9",126
2013,"Septiembre","Georgia",2,0,2,2,9,"2013-9",168
2013,"Septiembre","Ghana",8,9,-1,17,9,"2013-9",93
2013,"Septiembre","Gibraltar/Territorio Británico de Ultramar",1,1,0,2,9,"2013-9",168
2013,"Septiembre","Granada",7,2,5,9,9,"2013-9",118
2013,"Septiembre","Grecia",96,71,25,167,9,"2013-9",52
2013,"Septiembre","Guatemala",1060,807,253,1867,9,"2013-9",22
2013,"Septiembre","Guyana",33,5,28,38,9,"2013-9",78
2013,"Septiembre","Guinea Ecuatorial",2,7,-5,9,9,"2013-9",118
2013,"Septiembre","Haití",48,40,8,88,9,"2013-9",64
2013,"Septiembre","Honduras",577,418,159,995,9,"2013-9",29
2013,"Septiembre","Hong Kong",1,102,-101,103,9,"2013-9",61
2013,"Septiembre","Hungría",57,19,38,76,9,"2013-9",66
2013,"Septiembre","India",291,78,213,369,9,"2013-9",41
2013,"Septiembre","Indonesia",48,13,35,61,9,"2013-9",68
2013,"Septiembre","Iraq",1,16,-15,17,9,"2013-9",93
2013,"Septiembre","Irán",12,11,1,23,9,"2013-9",87
2013,"Septiembre","República de Irlanda",266,21,245,287,9,"2013-9",45
2013,"Septiembre","Islandia",36,4,32,40,9,"2013-9",76
2013,"Septiembre","Isla de Man",129,0,129,129,9,"2013-9",54
2013,"Septiembre","Isla Johnston",2,0,2,2,9,"2013-9",168
2013,"Septiembre","Israel",530,671,-141,1201,9,"2013-9",26
2013,"Septiembre","Italia",2103,1583,520,3686,9,"2013-9",17
2013,"Septiembre","Islas del Canal",8,0,8,8,9,"2013-9",126
2013,"Septiembre","Jamaica",65,103,-38,168,9,"2013-9",51
2013,"Septiembre","Japón",635,137,498,772,9,"2013-9",31
2013,"Septiembre","Jordania",5,15,-10,20,9,"2013-9",89
2013,"Septiembre","Kazajistán",10,3,7,13,9,"2013-9",105
2013,"Septiembre","Kenia",26,7,19,33,9,"2013-9",84
2013,"Septiembre","Kirguistán",1,0,1,1,9,"2013-9",190
2013,"Septiembre","Kuwait",6,2,4,8,9,"2013-9",126
2013,"Septiembre","República de Kosovo",1,0,1,1,9,"2013-9",190
2013,"Septiembre","Letonia",18,0,18,18,9,"2013-9",91
2013,"Septiembre","Lituania",30,1,29,31,9,"2013-9",86
2013,"Septiembre","Líbano",60,43,17,103,9,"2013-9",61
2013,"Septiembre","Liberia",1,1,0,2,9,"2013-9",168
2013,"Septiembre","Liechtenstein",5,0,5,5,9,"2013-9",140
2013,"Septiembre","Luxemburgo",12,10,2,22,9,"2013-9",88
2013,"Septiembre","Macedonia",2,1,1,3,9,"2013-9",154
2013,"Septiembre","Madagascar",1,0,1,1,9,"2013-9",190
2013,"Septiembre","Malasia",41,13,28,54,9,"2013-9",70
2013,"Septiembre","Malawi",3,0,3,3,9,"2013-9",154
2013,"Septiembre","Malí",4,4,0,8,9,"2013-9",126
2013,"Septiembre","Malta",6,9,-3,15,9,"2013-9",100
2013,"Septiembre","Marruecos",15,29,-14,44,9,"2013-9",73
2013,"Septiembre","Mauricio",1,0,1,1,9,"2013-9",190
2013,"Septiembre","Mauritania",4,1,3,5,9,"2013-9",140
2013,"Septiembre","México",9052,17449,-8397,26501,9,"2013-9",6
2013,"Septiembre","República de Moldavia",4,0,4,4,9,"2013-9",143
2013,"Septiembre","Mongolia",2,0,2,2,9,"2013-9",168
2013,"Septiembre","Mozambique",5,4,1,9,9,"2013-9",118
2013,"Septiembre","Namibia",7,2,5,9,9,"2013-9",118
2013,"Septiembre","Nepal",3,0,3,3,9,"2013-9",154
2013,"Septiembre","Nicaragua",208,154,54,362,9,"2013-9",42
2013,"Septiembre","Nigeria",23,11,12,34,9,"2013-9",82
2013,"Septiembre","Níger",5,0,5,5,9,"2013-9",140
2013,"Septiembre","Noruega",160,43,117,203,9,"2013-9",49
2013,"Septiembre","Nueva Zelanda",133,23,110,156,9,"2013-9",53
2013,"Septiembre","Omán",1,12,-11,13,9,"2013-9",105
2013,"Septiembre","Pakistán",11,4,7,15,9,"2013-9",100
2013,"Septiembre","Panamá",2863,26649,-23786,29512,9,"2013-9",4
2013,"Septiembre","Paraguay",335,217,118,552,9,"2013-9",35
2013,"Septiembre","Perú",8230,8528,-298,16758,9,"2013-9",7
2013,"Septiembre","Palestina",1,0,1,1,9,"2013-9",190
2013,"Septiembre","Polonia",192,35,157,227,9,"2013-9",48
2013,"Septiembre","Portugal",483,62,421,545,9,"2013-9",36
2013,"Septiembre","Qatar",2,14,-12,16,9,"2013-9",96
2013,"Septiembre","Reino Unido de Gran Bretaña e Irlanda del Norte",2122,1933,189,4055,9,"2013-9",15
2013,"Septiembre","República CentroÁfricana",6,0,6,6,9,"2013-9",134
2013,"Septiembre","Federación de Rusia",390,135,255,525,9,"2013-9",37
2013,"Septiembre","República Dominicana",951,2661,-1710,3612,9,"2013-9",18
2013,"Septiembre","República Democrática Popular de Corea",1,1,0,2,9,"2013-9",168
2013,"Septiembre","Rumania",96,9,87,105,9,"2013-9",58
2013,"Septiembre","San Cristóbal y Nevis",12,0,12,12,9,"2013-9",106
2013,"Septiembre","San  Vicente y las Granadinas",6,0,6,6,9,"2013-9",134
2013,"Septiembre","Santa Lucia",13,0,13,13,9,"2013-9",105
2013,"Septiembre","Senegal",11,3,8,14,9,"2013-9",102
2013,"Septiembre","Serbia",7,2,5,9,9,"2013-9",118
2013,"Septiembre","Seychelles",1,0,1,1,9,"2013-9",190
2013,"Septiembre","Singapur",37,33,4,70,9,"2013-9",67
2013,"Septiembre","República Árabe Siria",1,1,0,2,9,"2013-9",168
2013,"Septiembre","Sri Lanka",4,1,3,5,9,"2013-9",140
2013,"Septiembre","Sudáfrica",127,49,78,176,9,"2013-9",50
2013,"Septiembre","Sudán",3,2,1,5,9,"2013-9",140
2013,"Septiembre","Suecia",326,135,191,461,9,"2013-9",38
2013,"Septiembre","Suiza",801,357,444,1158,9,"2013-9",28
2013,"Septiembre","Surinam",61,17,44,78,9,"2013-9",65
2013,"Septiembre","Taiwán",109,8,101,117,9,"2013-9",56
2013,"Septiembre","Tailandia",12,19,-7,31,9,"2013-9",86
2013,"Septiembre","Territorio Antártico Británico/Territorio Británico de Ultramar",3,0,3,3,9,"2013-9",154
2013,"Septiembre","Tanzania",9,2,7,11,9,"2013-9",108
2013,"Septiembre","Togo",4,0,4,4,9,"2013-9",143
2013,"Septiembre","Trinidad y Tobago",165,139,26,304,9,"2013-9",43
2013,"Septiembre","Túnez",3,1,2,4,9,"2013-9",143
2013,"Septiembre","Turkmenistán",1,1,0,2,9,"2013-9",168
2013,"Septiembre","Turquía",194,257,-63,451,9,"2013-9",39
2013,"Septiembre","Ucrania",94,6,88,100,9,"2013-9",63
2013,"Septiembre","Uganda",16,2,14,18,9,"2013-9",91
2013,"Septiembre","Uruguay",870,402,468,1272,9,"2013-9",24
2013,"Septiembre","Uzbekistán",3,0,3,3,9,"2013-9",154
2013,"Septiembre","Venezuela",20084,40888,-20804,60972,9,"2013-9",2
2013,"Septiembre","Vietnam",26,7,19,33,9,"2013-9",84
2013,"Septiembre","Islas Vírgenes Británicas/Territorio Británico de Ultramar",1,0,1,1,9,"2013-9",190
2013,"Septiembre","Yugoslavia",1,0,1,1,9,"2013-9",190
2013,"Septiembre","Zambia",8,1,7,9,9,"2013-9",118
2013,"Septiembre","Zimbabue",8,0,8,8,9,"2013-9",126
2013,"Septiembre","Desconocido",28,10,18,38,9,"2013-9",78
2013,"Octubre","Afganistán",4,36,-32,40,10,"2013-10",75
2013,"Octubre","Albania",2,1,1,3,10,"2013-10",166
2013,"Octubre","Alemania",3601,2670,931,6271,10,"2013-10",11
2013,"Octubre","Andorra",19,3,16,22,10,"2013-10",90
2013,"Octubre","Angola",34,12,22,46,10,"2013-10",73
2013,"Octubre","Antigua y Barbuda",11,6,5,17,10,"2013-10",99
2013,"Octubre","Países Bajos",2772,364,2408,3136,10,"2013-10",20
2013,"Octubre","Arabia Saudita",10,31,-21,41,10,"2013-10",74
2013,"Octubre","Argelia",10,7,3,17,10,"2013-10",99
2013,"Octubre","Argentina",9602,6808,2794,16410,10,"2013-10",9
2013,"Octubre","República de Armenia",2,1,1,3,10,"2013-10",166
2013,"Octubre","Aruba",4,5414,-5410,5418,10,"2013-10",12
2013,"Octubre","Australia",790,305,485,1095,10,"2013-10",26
2013,"Octubre","Austria",313,49,264,362,10,"2013-10",42
2013,"Octubre","Azerbaiyán",6,1,5,7,10,"2013-10",131
2013,"Octubre","Bahamas",14,194,-180,208,10,"2013-10",50
2013,"Octubre","Bahréin",5,4,1,9,10,"2013-10",118
2013,"Octubre","Bangladesh",4,1,3,5,10,"2013-10",144
2013,"Octubre","Barbados",21,16,5,37,10,"2013-10",79
2013,"Octubre","República de Belarús",7,14,-7,21,10,"2013-10",92
2013,"Octubre","Bélgica",560,135,425,695,10,"2013-10",36
2013,"Octubre","Belice",20,7,13,27,10,"2013-10",86
2013,"Octubre","Benín",4,1,3,5,10,"2013-10",144
2013,"Octubre","Bermudas/Territorio Británico de Ultramar",4,5,-1,9,10,"2013-10",118
2013,"Octubre","Bolivia",858,844,14,1702,10,"2013-10",23
2013,"Octubre","Bosnia y Herzegovina",3,1,2,4,10,"2013-10",152
2013,"Octubre","Botsuana",5,0,5,5,10,"2013-10",144
2013,"Octubre","Brasil",8442,8337,105,16779,10,"2013-10",8
2013,"Octubre","Brunei Darussalam",5,0,5,5,10,"2013-10",144
2013,"Octubre","Bulgaria",33,4,29,37,10,"2013-10",79
2013,"Octubre","Burkina Faso",2,1,1,3,10,"2013-10",166
2013,"Octubre","Burundi",3,0,3,3,10,"2013-10",166
2013,"Octubre","Bután",2,0,2,2,10,"2013-10",180
2013,"Octubre","Cabo Verde",1,0,1,1,10,"2013-10",202
2013,"Octubre","Islas Caimán/Territorio Británico de Ultramar",3,10,-7,13,10,"2013-10",108
2013,"Octubre","Camboya",1,0,1,1,10,"2013-10",202
2013,"Octubre","Camerún",13,0,13,13,10,"2013-10",108
2013,"Octubre","Canadá",2319,2092,227,4411,10,"2013-10",15
2013,"Octubre","Chad",1,2,-1,3,10,"2013-10",166
2013,"Octubre","España",8695,15325,-6630,24020,10,"2013-10",6
2013,"Octubre","República Del Congo",2,0,2,2,10,"2013-10",180
2013,"Octubre","Comoras",2,0,2,2,10,"2013-10",180
2013,"Octubre","República Democrática del Congo",23,8,15,31,10,"2013-10",81
2013,"Octubre","República de Corea",630,105,525,735,10,"2013-10",35
2013,"Octubre","Costa de Marfil",7,13,-6,20,10,"2013-10",94
2013,"Octubre","Costa Rica",1712,2124,-412,3836,10,"2013-10",17
2013,"Octubre","Croacia",50,5,45,55,10,"2013-10",72
2013,"Octubre","Cuba",426,2597,-2171,3023,10,"2013-10",21
2013,"Octubre","Curazao",2,972,-970,974,10,"2013-10",30
2013,"Octubre","República Checa",104,7,97,111,10,"2013-10",61
2013,"Octubre","Chile",8958,6624,2334,15582,10,"2013-10",10
2013,"Octubre","China",665,968,-303,1633,10,"2013-10",24
2013,"Octubre","Chipre",5,3,2,8,10,"2013-10",124
2013,"Octubre","Dinamarca",176,24,152,200,10,"2013-10",51
2013,"Octubre","Dominica",7,1,6,8,10,"2013-10",124
2013,"Octubre","Ecuador",10765,23841,-13076,34606,10,"2013-10",3
2013,"Octubre","Egipto",21,69,-48,90,10,"2013-10",62
2013,"Octubre","El Salvador",1576,2536,-960,4112,10,"2013-10",16
2013,"Octubre","Emiratos Árabes",15,288,-273,303,10,"2013-10",43
2013,"Octubre","Eslovaquia",35,1,34,36,10,"2013-10",80
2013,"Octubre","Eslovenia",36,3,33,39,10,"2013-10",76
2013,"Octubre","Estados Unidos de América",22731,93660,-70929,116391,10,"2013-10",1
2013,"Octubre","Estonia",13,3,10,16,10,"2013-10",101
2013,"Octubre","Etiopia",13,6,7,19,10,"2013-10",95
2013,"Octubre","Islas Fiji",7,0,7,7,10,"2013-10",131
2013,"Octubre","Filipinas",289,7,282,296,10,"2013-10",44
2013,"Octubre","Finlandia",107,10,97,117,10,"2013-10",59
2013,"Octubre","Francia",3083,2277,806,5360,10,"2013-10",13
2013,"Octubre","Gabón",3,7,-4,10,10,"2013-10",112
2013,"Octubre","Georgia",7,0,7,7,10,"2013-10",131
2013,"Octubre","Ghana",5,4,1,9,10,"2013-10",118
2013,"Octubre","Granada",1,0,1,1,10,"2013-10",202
2013,"Octubre","Grecia",93,28,65,121,10,"2013-10",57
2013,"Octubre","Guatemala",1050,841,209,1891,10,"2013-10",22
2013,"Octubre","Guyana",19,9,10,28,10,"2013-10",84
2013,"Octubre","Guinea",4,4,0,8,10,"2013-10",124
2013,"Octubre","Guinea Ecuatorial",1,8,-7,9,10,"2013-10",118
2013,"Octubre","Guinea Bissau",2,0,2,2,10,"2013-10",180
2013,"Octubre","Haití",40,23,17,63,10,"2013-10",69
2013,"Octubre","Honduras",541,294,247,835,10,"2013-10",31
2013,"Octubre","Hong Kong",1,155,-154,156,10,"2013-10",55
2013,"Octubre","Hungría",65,5,60,70,10,"2013-10",67
2013,"Octubre","India",334,102,232,436,10,"2013-10",39
2013,"Octubre","Indonesia",64,21,43,85,10,"2013-10",63
2013,"Octubre","Iraq",9,11,-2,20,10,"2013-10",94
2013,"Octubre","Irán",29,8,21,37,10,"2013-10",79
2013,"Octubre","República de Irlanda",204,19,185,223,10,"2013-10",48
2013,"Octubre","Islandia",12,0,12,12,10,"2013-10",109
2013,"Octubre","Isla de Man",21,0,21,21,10,"2013-10",92
2013,"Octubre","Israel",569,484,85,1053,10,"2013-10",27
2013,"Octubre","Italia",2426,1087,1339,3513,10,"2013-10",18
2013,"Octubre","Islas del Canal",3,0,3,3,10,"2013-10",166
2013,"Octubre","Jamaica",58,136,-78,194,10,"2013-10",52
2013,"Octubre","Japón",612,153,459,765,10,"2013-10",32
2013,"Octubre","Jordania",8,70,-62,78,10,"2013-10",65
2013,"Octubre","Kazajistán",1,4,-3,5,10,"2013-10",144
2013,"Octubre","Kenia",18,10,8,28,10,"2013-10",84
2013,"Octubre","Kirguistán",3,0,3,3,10,"2013-10",166
2013,"Octubre","Kuwait",10,5,5,15,10,"2013-10",104
2013,"Octubre","República de Kosovo",1,0,1,1,10,"2013-10",202
2013,"Octubre","Lesoto",4,0,4,4,10,"2013-10",152
2013,"Octubre","Letonia",23,1,22,24,10,"2013-10",88
2013,"Octubre","Lituania",16,1,15,17,10,"2013-10",99
2013,"Octubre","Líbano",52,18,34,70,10,"2013-10",67
2013,"Octubre","Liberia",1,1,0,2,10,"2013-10",180
2013,"Octubre","Libia",1,0,1,1,10,"2013-10",202
2013,"Octubre","Liechtenstein",4,0,4,4,10,"2013-10",152
2013,"Octubre","Luxemburgo",22,3,19,25,10,"2013-10",87
2013,"Octubre","Macedonia",3,1,2,4,10,"2013-10",152
2013,"Octubre","Madagascar",4,0,4,4,10,"2013-10",152
2013,"Octubre","Malasia",45,15,30,60,10,"2013-10",70
2013,"Octubre","Malawi",7,0,7,7,10,"2013-10",131
2013,"Octubre","Malí",3,0,3,3,10,"2013-10",166
2013,"Octubre","Malta",10,5,5,15,10,"2013-10",104
2013,"Octubre","Marruecos",12,16,-4,28,10,"2013-10",84
2013,"Octubre","Islas Marshall",1,0,1,1,10,"2013-10",202
2013,"Octubre","Mauritania",2,0,2,2,10,"2013-10",180
2013,"Octubre","México",8684,23636,-14952,32320,10,"2013-10",5
2013,"Octubre","República de Moldavia",5,0,5,5,10,"2013-10",144
2013,"Octubre","Mónaco",5,2,3,7,10,"2013-10",131
2013,"Octubre","Mongolia",5,0,5,5,10,"2013-10",144
2013,"Octubre","Montenegro",2,0,2,2,10,"2013-10",180
2013,"Octubre","Mozambique",8,3,5,11,10,"2013-10",110
2013,"Octubre","Myanmar",3,0,3,3,10,"2013-10",166
2013,"Octubre","Namibia",8,0,8,8,10,"2013-10",124
2013,"Octubre","Nepal",6,0,6,6,10,"2013-10",134
2013,"Octubre","Nicaragua",253,137,116,390,10,"2013-10",40
2013,"Octubre","Nigeria",16,11,5,27,10,"2013-10",86
2013,"Octubre","Níger",3,2,1,5,10,"2013-10",144
2013,"Octubre","Noruega",206,30,176,236,10,"2013-10",47
2013,"Octubre","Nueva Caledonia/Territorio francés",1,0,1,1,10,"2013-10",202
2013,"Octubre","Nueva Zelanda",141,76,65,217,10,"2013-10",49
2013,"Octubre","Omán",3,4,-1,7,10,"2013-10",131
2013,"Octubre","Pakistán",13,4,9,17,10,"2013-10",99
2013,"Octubre","Panamá",2740,30231,-27491,32971,10,"2013-10",4
2013,"Octubre","Paraguay",281,454,-173,735,10,"2013-10",35
2013,"Octubre","Perú",8721,9461,-740,18182,10,"2013-10",7
2013,"Octubre","Palestina",6,2,4,8,10,"2013-10",124
2013,"Octubre","Polonia",208,34,174,242,10,"2013-10",46
2013,"Octubre","Portugal",604,157,447,761,10,"2013-10",33
2013,"Octubre","Puerto Rico/Territorio de Estados Unidos",2,1019,-1017,1021,10,"2013-10",28
2013,"Octubre","Qatar",5,9,-4,14,10,"2013-10",106
2013,"Octubre","Reino Unido de Gran Bretaña e Irlanda del Norte",2145,1067,1078,3212,10,"2013-10",19
2013,"Octubre","República CentroÁfricana",1,6,-5,7,10,"2013-10",131
2013,"Octubre","Federación de Rusia",442,109,333,551,10,"2013-10",37
2013,"Octubre","República Dominicana",784,3689,-2905,4473,10,"2013-10",14
2013,"Octubre","Rumania",152,5,147,157,10,"2013-10",54
2013,"Octubre","Rwanda",3,0,3,3,10,"2013-10",166
2013,"Octubre","Sahara Occidental/Desierto Sahara",1,0,1,1,10,"2013-10",202
2013,"Octubre","San Cristóbal y Nevis",4,0,4,4,10,"2013-10",152
2013,"Octubre","Samoa Occidental",1,0,1,1,10,"2013-10",202
2013,"Octubre","San Marino",1,0,1,1,10,"2013-10",202
2013,"Octubre","San  Vicente y las Granadinas",6,0,6,6,10,"2013-10",134
2013,"Octubre","Santa Lucia",5,0,5,5,10,"2013-10",144
2013,"Octubre","Santa Sede/Ciudad del Vaticano",2,0,2,2,10,"2013-10",180
2013,"Octubre","Senegal",4,1,3,5,10,"2013-10",144
2013,"Octubre","Serbia",22,0,22,22,10,"2013-10",90
2013,"Octubre","Sierra Leona",2,0,2,2,10,"2013-10",180
2013,"Octubre","Singapur",66,47,19,113,10,"2013-10",60
2013,"Octubre","República Árabe Siria",3,0,3,3,10,"2013-10",166
2013,"Octubre","Sri Lanka",8,1,7,9,10,"2013-10",118
2013,"Octubre","Sudáfrica",119,51,68,170,10,"2013-10",53
2013,"Octubre","Sudán",16,0,16,16,10,"2013-10",101
2013,"Octubre","Suecia",410,83,327,493,10,"2013-10",38
2013,"Octubre","Suiza",1021,340,681,1361,10,"2013-10",25
2013,"Octubre","Surinam",39,20,19,59,10,"2013-10",71
2013,"Octubre","Suazilandia",2,0,2,2,10,"2013-10",180
2013,"Octubre","Taiwán",131,10,121,141,10,"2013-10",56
2013,"Octubre","Tailandia",16,62,-46,78,10,"2013-10",65
2013,"Octubre","Tíbet/Región Autónoma de China",1,0,1,1,10,"2013-10",202
2013,"Octubre","Territorio Antártico Británico/Territorio Británico de Ultramar",2,0,2,2,10,"2013-10",180
2013,"Octubre","Tanzania",7,3,4,10,10,"2013-10",112
2013,"Octubre","Togo",1,0,1,1,10,"2013-10",202
2013,"Octubre","Trinidad y Tobago",158,130,28,288,10,"2013-10",45
2013,"Octubre","Túnez",2,2,0,4,10,"2013-10",152
2013,"Octubre","Turkmenistán",3,0,3,3,10,"2013-10",166
2013,"Octubre","Turquía",149,227,-78,376,10,"2013-10",41
2013,"Octubre","Ucrania",53,13,40,66,10,"2013-10",68
2013,"Octubre","Uganda",12,3,9,15,10,"2013-10",104
2013,"Octubre","Uruguay",772,229,543,1001,10,"2013-10",29
2013,"Octubre","Uzbekistán",1,0,1,1,10,"2013-10",202
2013,"Octubre","Venezuela",22301,54711,-32410,77012,10,"2013-10",2
2013,"Octubre","Vietnam",11,3,8,14,10,"2013-10",106
2013,"Octubre","República Árabe de Yemen",1,0,1,1,10,"2013-10",202
2013,"Octubre","Zambia",6,0,6,6,10,"2013-10",134
2013,"Octubre","Zimbabue",8,0,8,8,10,"2013-10",124
2013,"Octubre","Islas Turcas y Caicos/Territorio Británico de Ultramar",3,0,3,3,10,"2013-10",166
2013,"Octubre","Desconocido",116,2,114,118,10,"2013-10",58
2013,"Noviembre","Afganistán",1,36,-35,37,11,"2013-11",77
2013,"Noviembre","Albania",3,1,2,4,11,"2013-11",129
2013,"Noviembre","Alemania",3848,1755,2093,5603,11,"2013-11",12
2013,"Noviembre","Andorra",8,1,7,9,11,"2013-11",107
2013,"Noviembre","Angola",4,15,-11,19,11,"2013-11",91
2013,"Noviembre","Antigua y Barbuda",5,2,3,7,11,"2013-11",110
2013,"Noviembre","Países Bajos",2408,371,2037,2779,11,"2013-11",21
2013,"Noviembre","Arabia Saudita",6,37,-31,43,11,"2013-11",76
2013,"Noviembre","Argelia",5,13,-8,18,11,"2013-11",92
2013,"Noviembre","Argentina",10936,6912,4024,17848,11,"2013-11",8
2013,"Noviembre","República de Armenia",2,1,1,3,11,"2013-11",139
2013,"Noviembre","Aruba",1,6240,-6239,6241,11,"2013-11",11
2013,"Noviembre","Australia",1023,433,590,1456,11,"2013-11",24
2013,"Noviembre","Austria",387,33,354,420,11,"2013-11",40
2013,"Noviembre","Azerbaiyán",2,1,1,3,11,"2013-11",139
2013,"Noviembre","Bahamas",22,115,-93,137,11,"2013-11",56
2013,"Noviembre","Bahréin",2,7,-5,9,11,"2013-11",107
2013,"Noviembre","Bangladesh",1,0,1,1,11,"2013-11",175
2013,"Noviembre","Barbados",12,31,-19,43,11,"2013-11",76
2013,"Noviembre","República de Belarús",2,33,-31,35,11,"2013-11",78
2013,"Noviembre","Bélgica",568,135,433,703,11,"2013-11",34
2013,"Noviembre","Belice",25,3,22,28,11,"2013-11",82
2013,"Noviembre","Bermudas/Territorio Británico de Ultramar",4,5,-1,9,11,"2013-11",107
2013,"Noviembre","Bolivia",1366,798,568,2164,11,"2013-11",23
2013,"Noviembre","Bosnia y Herzegovina",2,0,2,2,11,"2013-11",154
2013,"Noviembre","Brasil",9072,7821,1251,16893,11,"2013-11",9
2013,"Noviembre","Bulgaria",32,1,31,33,11,"2013-11",80
2013,"Noviembre","Burkina Faso",2,0,2,2,11,"2013-11",154
2013,"Noviembre","Burundi",1,1,0,2,11,"2013-11",154
2013,"Noviembre","Bután",1,0,1,1,11,"2013-11",175
2013,"Noviembre","Islas Caimán/Territorio Británico de Ultramar",4,10,-6,14,11,"2013-11",95
2013,"Noviembre","Camboya",2,3,-1,5,11,"2013-11",120
2013,"Noviembre","Antártida",1,0,1,1,11,"2013-11",175
2013,"Noviembre","Camerún",2,2,0,4,11,"2013-11",129
2013,"Noviembre","Canadá",3068,1704,1364,4772,11,"2013-11",13
2013,"Noviembre","España",9814,10860,-1046,20674,11,"2013-11",6
2013,"Noviembre","República Democrática del Congo",3,5,-2,8,11,"2013-11",108
2013,"Noviembre","República de Corea",683,68,615,751,11,"2013-11",33
2013,"Noviembre","Costa de Marfil",7,10,-3,17,11,"2013-11",93
2013,"Noviembre","Costa Rica",1979,2091,-112,4070,11,"2013-11",16
2013,"Noviembre","Croacia",47,2,45,49,11,"2013-11",73
2013,"Noviembre","Cuba",395,2583,-2188,2978,11,"2013-11",20
2013,"Noviembre","Curazao",1,837,-836,838,11,"2013-11",30
2013,"Noviembre","República Checa",139,20,119,159,11,"2013-11",54
2013,"Noviembre","Chile",6842,6834,8,13676,11,"2013-11",10
2013,"Noviembre","China",737,477,260,1214,11,"2013-11",26
2013,"Noviembre","Chipre",6,0,6,6,11,"2013-11",117
2013,"Noviembre","Dinamarca",195,30,165,225,11,"2013-11",48
2013,"Noviembre","Dominica",5,1,4,6,11,"2013-11",117
2013,"Noviembre","Ecuador",9837,23071,-13234,32908,11,"2013-11",4
2013,"Noviembre","Egipto",10,52,-42,62,11,"2013-11",70
2013,"Noviembre","El Salvador",1721,2597,-876,4318,11,"2013-11",15
2013,"Noviembre","Emiratos Árabes",2,357,-355,359,11,"2013-11",42
2013,"Noviembre","Eslovaquia",49,1,48,50,11,"2013-11",72
2013,"Noviembre","Eslovenia",58,3,55,61,11,"2013-11",71
2013,"Noviembre","Estados Unidos de América",26226,93252,-67026,119478,11,"2013-11",1
2013,"Noviembre","Estonia",13,0,13,13,11,"2013-11",99
2013,"Noviembre","Etiopia",3,10,-7,13,11,"2013-11",99
2013,"Noviembre","Islas Fiji",1,0,1,1,11,"2013-11",175
2013,"Noviembre","Filipinas",209,7,202,216,11,"2013-11",49
2013,"Noviembre","Finlandia",136,18,118,154,11,"2013-11",55
2013,"Noviembre","Francia",3048,1660,1388,4708,11,"2013-11",14
2013,"Noviembre","Georgia",2,0,2,2,11,"2013-11",154
2013,"Noviembre","Ghana",8,3,5,11,11,"2013-11",103
2013,"Noviembre","Granada",1,0,1,1,11,"2013-11",175
2013,"Noviembre","Grecia",89,9,80,98,11,"2013-11",60
2013,"Noviembre","Guatemala",1412,1285,127,2697,11,"2013-11",22
2013,"Noviembre","Guyana",22,3,19,25,11,"2013-11",85
2013,"Noviembre","Guinea",1,3,-2,4,11,"2013-11",129
2013,"Noviembre","Guinea Bissau",1,0,1,1,11,"2013-11",175
2013,"Noviembre","Haití",47,44,3,91,11,"2013-11",62
2013,"Noviembre","Honduras",480,293,187,773,11,"2013-11",32
2013,"Noviembre","Hong Kong",1,79,-78,80,11,"2013-11",64
2013,"Noviembre","Hungría",86,6,80,92,11,"2013-11",61
2013,"Noviembre","India",337,163,174,500,11,"2013-11",39
2013,"Noviembre","Indonesia",43,20,23,63,11,"2013-11",69
2013,"Noviembre","Iraq",4,10,-6,14,11,"2013-11",95
2013,"Noviembre","Irán",23,6,17,29,11,"2013-11",81
2013,"Noviembre","República de Irlanda",264,19,245,283,11,"2013-11",45
2013,"Noviembre","Islandia",12,1,11,13,11,"2013-11",99
2013,"Noviembre","Israel",496,385,111,881,11,"2013-11",29
2013,"Noviembre","Italia",2790,651,2139,3441,11,"2013-11",18
2013,"Noviembre","Jamaica",59,154,-95,213,11,"2013-11",50
2013,"Noviembre","Japón",698,127,571,825,11,"2013-11",31
2013,"Noviembre","Jordania",8,15,-7,23,11,"2013-11",87
2013,"Noviembre","Kazajistán",9,2,7,11,11,"2013-11",103
2013,"Noviembre","Kenia",12,11,1,23,11,"2013-11",87
2013,"Noviembre","Kirguistán",2,0,2,2,11,"2013-11",154
2013,"Noviembre","Kuwait",2,4,-2,6,11,"2013-11",117
2013,"Noviembre","Letonia",34,0,34,34,11,"2013-11",79
2013,"Noviembre","Lituania",39,4,35,43,11,"2013-11",76
2013,"Noviembre","Líbano",51,13,38,64,11,"2013-11",68
2013,"Noviembre","Liechtenstein",3,0,3,3,11,"2013-11",139
2013,"Noviembre","Luxemburgo",13,13,0,26,11,"2013-11",84
2013,"Noviembre","Madagascar",1,1,0,2,11,"2013-11",154
2013,"Noviembre","Malasia",40,25,15,65,11,"2013-11",67
2013,"Noviembre","Malta",7,5,2,12,11,"2013-11",101
2013,"Noviembre","Marruecos",18,8,10,26,11,"2013-11",84
2013,"Noviembre","Mauricio",2,2,0,4,11,"2013-11",129
2013,"Noviembre","Mauritania",2,0,2,2,11,"2013-11",154
2013,"Noviembre","México",10705,19541,-8836,30246,11,"2013-11",5
2013,"Noviembre","República de Moldavia",5,0,5,5,11,"2013-11",120
2013,"Noviembre","Mónaco",4,5,-1,9,11,"2013-11",107
2013,"Noviembre","Mongolia",1,0,1,1,11,"2013-11",175
2013,"Noviembre","Mozambique",2,1,1,3,11,"2013-11",139
2013,"Noviembre","Myanmar",1,1,0,2,11,"2013-11",154
2013,"Noviembre","Namibia",1,0,1,1,11,"2013-11",175
2013,"Noviembre","Nepal",2,0,2,2,11,"2013-11",154
2013,"Noviembre","Nicaragua",240,157,83,397,11,"2013-11",41
2013,"Noviembre","Nigeria",14,5,9,19,11,"2013-11",91
2013,"Noviembre","Noruega",235,30,205,265,11,"2013-11",46
2013,"Noviembre","Nueva Zelanda",184,24,160,208,11,"2013-11",51
2013,"Noviembre","Pakistán",21,1,20,22,11,"2013-11",88
2013,"Noviembre","Panamá",3185,31070,-27885,34255,11,"2013-11",3
2013,"Noviembre","Paraguay",343,201,142,544,11,"2013-11",38
2013,"Noviembre","Perú",8017,9975,-1958,17992,11,"2013-11",7
2013,"Noviembre","Palestina",1,1,0,2,11,"2013-11",154
2013,"Noviembre","Polonia",266,42,224,308,11,"2013-11",44
2013,"Noviembre","Portugal",588,31,557,619,11,"2013-11",36
2013,"Noviembre","Puerto Rico/Territorio de Estados Unidos",1,917,-916,918,11,"2013-11",28
2013,"Noviembre","Qatar",1,3,-2,4,11,"2013-11",129
2013,"Noviembre","Reino Unido de Gran Bretaña e Irlanda del Norte",2388,782,1606,3170,11,"2013-11",19
2013,"Noviembre","República CentroÁfricana",1,2,-1,3,11,"2013-11",139
2013,"Noviembre","Federación de Rusia",498,55,443,553,11,"2013-11",37
2013,"Noviembre","República Dominicana",976,3023,-2047,3999,11,"2013-11",17
2013,"Noviembre","República Democrática Popular de Corea",1,1,0,2,11,"2013-11",154
2013,"Noviembre","Rumania",118,15,103,133,11,"2013-11",57
2013,"Noviembre","San Cristóbal y Nevis",1,1,0,2,11,"2013-11",154
2013,"Noviembre","Samoa Occidental",1,0,1,1,11,"2013-11",175
2013,"Noviembre","San Marino",1,3,-2,4,11,"2013-11",129
2013,"Noviembre","San  Vicente y las Granadinas",3,0,3,3,11,"2013-11",139
2013,"Noviembre","Santa Lucia",6,0,6,6,11,"2013-11",117
2013,"Noviembre","Senegal",2,3,-1,5,11,"2013-11",120
2013,"Noviembre","Serbia",16,4,12,20,11,"2013-11",89
2013,"Noviembre","Singapur",29,42,-13,71,11,"2013-11",66
2013,"Noviembre","República Árabe Siria",1,1,0,2,11,"2013-11",154
2013,"Noviembre","Sri Lanka",1,0,1,1,11,"2013-11",175
2013,"Noviembre","Sudáfrica",199,33,166,232,11,"2013-11",47
2013,"Noviembre","Sudán",1,1,0,2,11,"2013-11",154
2013,"Noviembre","Suecia",536,98,438,634,11,"2013-11",35
2013,"Noviembre","Suiza",1002,284,718,1286,11,"2013-11",25
2013,"Noviembre","Surinam",55,43,12,98,11,"2013-11",60
2013,"Noviembre","Taiwán",154,18,136,172,11,"2013-11",53
2013,"Noviembre","Tailandia",18,54,-36,72,11,"2013-11",65
2013,"Noviembre","Tanzania",1,3,-2,4,11,"2013-11",129
2013,"Noviembre","Togo",1,0,1,1,11,"2013-11",175
2013,"Noviembre","Trinidad y Tobago",98,96,2,194,11,"2013-11",52
2013,"Noviembre","Túnez",4,3,1,7,11,"2013-11",110
2013,"Noviembre","Turquía",176,145,31,321,11,"2013-11",43
2013,"Noviembre","Ucrania",76,6,70,82,11,"2013-11",63
2013,"Noviembre","Uganda",2,1,1,3,11,"2013-11",139
2013,"Noviembre","Uruguay",871,199,672,1070,11,"2013-11",27
2013,"Noviembre","Venezuela",22839,63699,-40860,86538,11,"2013-11",2
2013,"Noviembre","Vietnam",7,5,2,12,11,"2013-11",101
2013,"Noviembre","República Árabe de Yemen",1,2,-1,3,11,"2013-11",139
2013,"Noviembre","Zimbabue",3,0,3,3,11,"2013-11",139
2013,"Noviembre","Desconocido",131,0,131,131,11,"2013-11",58
2013,"Diciembre","Albania",5,0,5,5,12,"2013-12",126
2013,"Diciembre","Alemania",4115,1914,2201,6029,12,"2013-12",14
2013,"Diciembre","Andorra",4,2,2,6,12,"2013-12",118
2013,"Diciembre","Angola",1,6,-5,7,12,"2013-12",112
2013,"Diciembre","Antigua y Barbuda",7,2,5,9,12,"2013-12",109
2013,"Diciembre","Países Bajos",2957,724,2233,3681,12,"2013-12",21
2013,"Diciembre","Arabia Saudita",28,30,-2,58,12,"2013-12",72
2013,"Diciembre","Argelia",7,6,1,13,12,"2013-12",100
2013,"Diciembre","Argentina",8651,8649,2,17300,12,"2013-12",8
2013,"Diciembre","República de Armenia",1,0,1,1,12,"2013-12",177
2013,"Diciembre","Australia",1371,524,847,1895,12,"2013-12",25
2013,"Diciembre","Austria",423,59,364,482,12,"2013-12",38
2013,"Diciembre","Azerbaiyán",3,8,-5,11,12,"2013-12",106
2013,"Diciembre","Bahamas",5,167,-162,172,12,"2013-12",53
2013,"Diciembre","Bahréin",4,7,-3,11,12,"2013-12",106
2013,"Diciembre","Bangladesh",3,0,3,3,12,"2013-12",145
2013,"Diciembre","Barbados",19,24,-5,43,12,"2013-12",78
2013,"Diciembre","República de Belarús",5,0,5,5,12,"2013-12",126
2013,"Diciembre","Bélgica",625,157,468,782,12,"2013-12",33
2013,"Diciembre","Belice",26,12,14,38,12,"2013-12",81
2013,"Diciembre","Benín",4,2,2,6,12,"2013-12",118
2013,"Diciembre","Bermudas/Territorio Británico de Ultramar",2,0,2,2,12,"2013-12",158
2013,"Diciembre","Bolivia",1197,797,400,1994,12,"2013-12",23
2013,"Diciembre","Bosnia y Herzegovina",1,2,-1,3,12,"2013-12",145
2013,"Diciembre","Brasil",8639,7910,729,16549,12,"2013-12",9
2013,"Diciembre","Bulgaria",38,6,32,44,12,"2013-12",77
2013,"Diciembre","Burkina Faso",1,0,1,1,12,"2013-12",177
2013,"Diciembre","Burundi",1,0,1,1,12,"2013-12",177
2013,"Diciembre","Cabo Verde",1,0,1,1,12,"2013-12",177
2013,"Diciembre","Islas Caimán/Territorio Británico de Ultramar",14,138,-124,152,12,"2013-12",56
2013,"Diciembre","Camboya",1,0,1,1,12,"2013-12",177
2013,"Diciembre","Camerún",1,0,1,1,12,"2013-12",177
2013,"Diciembre","Canadá",5771,2512,3259,8283,12,"2013-12",12
2013,"Diciembre","España",8979,15136,-6157,24115,12,"2013-12",6
2013,"Diciembre","República Democrática del Congo",9,6,3,15,12,"2013-12",96
2013,"Diciembre","República de Corea",547,21,526,568,12,"2013-12",36
2013,"Diciembre","Costa de Marfil",1,12,-11,13,12,"2013-12",100
2013,"Diciembre","Costa Rica",2956,2359,597,5315,12,"2013-12",16
2013,"Diciembre","Croacia",46,4,42,50,12,"2013-12",75
2013,"Diciembre","Cuba",419,3741,-3322,4160,12,"2013-12",17
2013,"Diciembre","Curazao",7,1229,-1222,1236,12,"2013-12",27
2013,"Diciembre","República Checa",98,6,92,104,12,"2013-12",62
2013,"Diciembre","Chile",5131,8816,-3685,13947,12,"2013-12",10
2013,"Diciembre","China",556,270,286,826,12,"2013-12",31
2013,"Diciembre","Chipre",12,1,11,13,12,"2013-12",100
2013,"Diciembre","Dinamarca",291,37,254,328,12,"2013-12",43
2013,"Diciembre","Dominica",3,6,-3,9,12,"2013-12",109
2013,"Diciembre","Ecuador",11744,36913,-25169,48657,12,"2013-12",3
2013,"Diciembre","Egipto",15,107,-92,122,12,"2013-12",59
2013,"Diciembre","El Salvador",1321,2602,-1281,3923,12,"2013-12",19
2013,"Diciembre","Emiratos Árabes",9,376,-367,385,12,"2013-12",42
2013,"Diciembre","Eslovaquia",26,2,24,28,12,"2013-12",86
2013,"Diciembre","Eslovenia",57,1,56,58,12,"2013-12",72
2013,"Diciembre","Estados Unidos de América",40688,127430,-86742,168118,12,"2013-12",1
2013,"Diciembre","Estonia",19,1,18,20,12,"2013-12",90
2013,"Diciembre","Filipinas",186,10,176,196,12,"2013-12",52
2013,"Diciembre","Finlandia",189,10,179,199,12,"2013-12",51
2013,"Diciembre","Francia",4214,2742,1472,6956,12,"2013-12",13
2013,"Diciembre","Gabón",1,4,-3,5,12,"2013-12",126
2013,"Diciembre","Georgia",4,0,4,4,12,"2013-12",132
2013,"Diciembre","Ghana",2,0,2,2,12,"2013-12",158
2013,"Diciembre","Granada",4,1,3,5,12,"2013-12",126
2013,"Diciembre","Grecia",122,10,112,132,12,"2013-12",57
2013,"Diciembre","Guatemala",1219,1255,-36,2474,12,"2013-12",22
2013,"Diciembre","Guyana",32,8,24,40,12,"2013-12",80
2013,"Diciembre","Guinea Ecuatorial",2,9,-7,11,12,"2013-12",106
2013,"Diciembre","Haití",55,29,26,84,12,"2013-12",65
2013,"Diciembre","Honduras",528,319,209,847,12,"2013-12",29
2013,"Diciembre","Hungría",74,13,61,87,12,"2013-12",64
2013,"Diciembre","India",316,134,182,450,12,"2013-12",40
2013,"Diciembre","Indonesia",51,13,38,64,12,"2013-12",70
2013,"Diciembre","Iraq",2,14,-12,16,12,"2013-12",95
2013,"Diciembre","Irán",17,14,3,31,12,"2013-12",84
2013,"Diciembre","República de Irlanda",261,18,243,279,12,"2013-12",45
2013,"Diciembre","Islandia",29,4,25,33,12,"2013-12",82
2013,"Diciembre","Israel",509,278,231,787,12,"2013-12",32
2013,"Diciembre","Italia",2835,976,1859,3811,12,"2013-12",20
2013,"Diciembre","Jamaica",35,241,-206,276,12,"2013-12",47
2013,"Diciembre","Japón",629,99,530,728,12,"2013-12",34
2013,"Diciembre","Jordania",8,13,-5,21,12,"2013-12",88
2013,"Diciembre","Kazajistán",5,1,4,6,12,"2013-12",118
2013,"Diciembre","Kenia",21,10,11,31,12,"2013-12",84
2013,"Diciembre","Kirguistán",1,0,1,1,12,"2013-12",177
2013,"Diciembre","Kuwait",17,5,12,22,12,"2013-12",87
2013,"Diciembre","República de Kosovo",3,0,3,3,12,"2013-12",145
2013,"Diciembre","República Democrática Popular  Lao",1,0,1,1,12,"2013-12",177
2013,"Diciembre","Letonia",12,0,12,12,12,"2013-12",102
2013,"Diciembre","Lituania",44,1,43,45,12,"2013-12",76
2013,"Diciembre","Líbano",42,15,27,57,12,"2013-12",73
2013,"Diciembre","Liberia",3,0,3,3,12,"2013-12",145
2013,"Diciembre","Libia",2,1,1,3,12,"2013-12",145
2013,"Diciembre","Liechtenstein",7,0,7,7,12,"2013-12",112
2013,"Diciembre","Luxemburgo",14,3,11,17,12,"2013-12",92
2013,"Diciembre","Macedonia",2,1,1,3,12,"2013-12",145
2013,"Diciembre","Malasia",51,17,34,68,12,"2013-12",69
2013,"Diciembre","Malta",10,3,7,13,12,"2013-12",100
2013,"Diciembre","Marruecos",18,24,-6,42,12,"2013-12",79
2013,"Diciembre","Mauricio",2,1,1,3,12,"2013-12",145
2013,"Diciembre","Mauritania",4,0,4,4,12,"2013-12",132
2013,"Diciembre","México",9218,24413,-15195,33631,12,"2013-12",5
2013,"Diciembre","República de Moldavia",2,0,2,2,12,"2013-12",158
2013,"Diciembre","Mónaco",5,1,4,6,12,"2013-12",118
2013,"Diciembre","Mongolia",1,0,1,1,12,"2013-12",177
2013,"Diciembre","Montenegro",7,0,7,7,12,"2013-12",112
2013,"Diciembre","Mozambique",4,1,3,5,12,"2013-12",126
2013,"Diciembre","Myanmar",53,0,53,53,12,"2013-12",74
2013,"Diciembre","Nepal",4,1,3,5,12,"2013-12",126
2013,"Diciembre","Nicaragua",166,114,52,280,12,"2013-12",44
2013,"Diciembre","Nigeria",15,5,10,20,12,"2013-12",90
2013,"Diciembre","Noruega",450,47,403,497,12,"2013-12",37
2013,"Diciembre","Nueva Zelanda",200,36,164,236,12,"2013-12",49
2013,"Diciembre","Pakistán",13,3,10,16,12,"2013-12",95
2013,"Diciembre","Panamá",3382,34894,-31512,38276,12,"2013-12",4
2013,"Diciembre","Paraguay",229,215,14,444,12,"2013-12",41
2013,"Diciembre","Perú",7235,10984,-3749,18219,12,"2013-12",7
2013,"Diciembre","Palestina",1,2,-1,3,12,"2013-12",145
2013,"Diciembre","Polonia",256,21,235,277,12,"2013-12",46
2013,"Diciembre","Portugal",528,69,459,597,12,"2013-12",35
2013,"Diciembre","Puerto Rico/Territorio de Estados Unidos",3,1399,-1396,1402,12,"2013-12",26
2013,"Diciembre","Qatar",4,15,-11,19,12,"2013-12",91
2013,"Diciembre","Reino Unido de Gran Bretaña e Irlanda del Norte",2991,975,2016,3966,12,"2013-12",18
2013,"Diciembre","República CentroÁfricana",1,0,1,1,12,"2013-12",177
2013,"Diciembre","Federación de Rusia",383,76,307,459,12,"2013-12",39
2013,"Diciembre","República Dominicana",805,4517,-3712,5322,12,"2013-12",15
2013,"Diciembre","Rumania",153,9,144,162,12,"2013-12",54
2013,"Diciembre","Rwanda",1,1,0,2,12,"2013-12",158
2013,"Diciembre","San Cristóbal y Nevis",2,1,1,3,12,"2013-12",145
2013,"Diciembre","Santa Lucia",11,0,11,11,12,"2013-12",106
2013,"Diciembre","Santa Sede/Ciudad del Vaticano",1,2,-1,3,12,"2013-12",145
2013,"Diciembre","Senegal",2,2,0,4,12,"2013-12",132
2013,"Diciembre","Serbia",16,0,16,16,12,"2013-12",95
2013,"Diciembre","Singapur",47,29,18,76,12,"2013-12",67
2013,"Diciembre","República Árabe Siria",4,0,4,4,12,"2013-12",132
2013,"Diciembre","Somalia",1,1,0,2,12,"2013-12",158
2013,"Diciembre","Sri Lanka",6,0,6,6,12,"2013-12",118
2013,"Diciembre","Sudáfrica",101,53,48,154,12,"2013-12",55
2013,"Diciembre","Sudán",2,1,1,3,12,"2013-12",145
2013,"Diciembre","Suecia",999,93,906,1092,12,"2013-12",28
2013,"Diciembre","Suiza",1482,442,1040,1924,12,"2013-12",24
2013,"Diciembre","Surinam",86,44,42,130,12,"2013-12",58
2013,"Diciembre","Taiwán",113,8,105,121,12,"2013-12",60
2013,"Diciembre","Tailandia",12,90,-78,102,12,"2013-12",63
2013,"Diciembre","Tanzania",3,1,2,4,12,"2013-12",132
2013,"Diciembre","Tonga",5,0,5,5,12,"2013-12",126
2013,"Diciembre","Trinidad y Tobago",115,109,6,224,12,"2013-12",50
2013,"Diciembre","Túnez",2,1,1,3,12,"2013-12",145
2013,"Diciembre","Turkmenistán",1,1,0,2,12,"2013-12",158
2013,"Diciembre","Turquía",103,143,-40,246,12,"2013-12",48
2013,"Diciembre","Tuvalu",4,0,4,4,12,"2013-12",132
2013,"Diciembre","Ucrania",67,13,54,80,12,"2013-12",66
2013,"Diciembre","Uganda",12,0,12,12,12,"2013-12",102
2013,"Diciembre","Uruguay",605,221,384,826,12,"2013-12",31
2013,"Diciembre","Uzbekistán",2,0,2,2,12,"2013-12",158
2013,"Diciembre","Venezuela",31531,62841,-31310,94372,12,"2013-12",2
2013,"Diciembre","Vietnam",3,7,-4,10,12,"2013-12",107
2013,"Diciembre","República Árabe de Yemen",1,1,0,2,12,"2013-12",158
2013,"Diciembre","Zambia",2,0,2,2,12,"2013-12",158
2013,"Diciembre","Zimbabue",2,0,2,2,12,"2013-12",158
2013,"Diciembre","Anguila/Territorio Británico de Ultramar",1,0,1,1,12,"2013-12",177
2013,"Diciembre","Desconocido",118,0,118,118,12,"2013-12",61
2014,"Enero","Albania",6,0,6,6,1,"2014-1",131
2014,"Enero","Alemania",4140,2378,1762,6518,1,"2014-1",14
2014,"Enero","Andorra",9,8,1,17,1,"2014-1",98
2014,"Enero","Angola",1,41,-40,42,1,"2014-1",77
2014,"Enero","Antigua y Barbuda",2,2,0,4,1,"2014-1",140
2014,"Enero","Países Bajos",2543,734,1809,3277,1,"2014-1",21
2014,"Enero","Arabia Saudita",7,86,-79,93,1,"2014-1",60
2014,"Enero","Argelia",7,8,-1,15,1,"2014-1",100
2014,"Enero","Argentina",14234,7447,6787,21681,1,"2014-1",7
2014,"Enero","República de Armenia",2,0,2,2,1,"2014-1",164
2014,"Enero","Aruba",1,8446,-8445,8447,1,"2014-1",12
2014,"Enero","Australia",1005,1089,-84,2094,1,"2014-1",24
2014,"Enero","Austria",437,59,378,496,1,"2014-1",38
2014,"Enero","Bahamas",15,162,-147,177,1,"2014-1",52
2014,"Enero","Bahréin",1,10,-9,11,1,"2014-1",106
2014,"Enero","Bangladesh",4,2,2,6,1,"2014-1",131
2014,"Enero","Barbados",17,19,-2,36,1,"2014-1",81
2014,"Enero","República de Belarús",7,12,-5,19,1,"2014-1",95
2014,"Enero","Bélgica",618,261,357,879,1,"2014-1",32
2014,"Enero","Belice",6,9,-3,15,1,"2014-1",100
2014,"Enero","Benín",1,4,-3,5,1,"2014-1",135
2014,"Enero","Bermudas/Territorio Británico de Ultramar",1,4,-3,5,1,"2014-1",135
2014,"Enero","Bolivia",1429,1071,358,2500,1,"2014-1",23
2014,"Enero","Bosnia y Herzegovina",2,0,2,2,1,"2014-1",164
2014,"Enero","Brasil",10062,8004,2058,18066,1,"2014-1",9
2014,"Enero","Bulgaria",33,8,25,41,1,"2014-1",79
2014,"Enero","Burkina Faso",1,0,1,1,1,"2014-1",184
2014,"Enero","Burundi",7,1,6,8,1,"2014-1",112
2014,"Enero","Cabo Verde",1,2,-1,3,1,"2014-1",149
2014,"Enero","Islas Caimán/Territorio Británico de Ultramar",4,50,-46,54,1,"2014-1",71
2014,"Enero","Canadá",5580,7328,-1748,12908,1,"2014-1",11
2014,"Enero","Chad",1,2,-1,3,1,"2014-1",149
2014,"Enero","España",9088,18874,-9786,27962,1,"2014-1",6
2014,"Enero","República Democrática del Congo",15,7,8,22,1,"2014-1",93
2014,"Enero","República de Corea",672,18,654,690,1,"2014-1",37
2014,"Enero","Costa de Marfil",2,15,-13,17,1,"2014-1",98
2014,"Enero","Costa Rica",2714,3137,-423,5851,1,"2014-1",15
2014,"Enero","Croacia",58,3,55,61,1,"2014-1",69
2014,"Enero","Cuba",424,3229,-2805,3653,1,"2014-1",20
2014,"Enero","República Checa",126,10,116,136,1,"2014-1",56
2014,"Enero","Chile",7395,9390,-1995,16785,1,"2014-1",10
2014,"Enero","China",440,316,124,756,1,"2014-1",34
2014,"Enero","Chipre",7,0,7,7,1,"2014-1",118
2014,"Enero","Dinamarca",283,59,224,342,1,"2014-1",45
2014,"Enero","Dominica",6,0,6,6,1,"2014-1",131
2014,"Enero","Ecuador",8707,51874,-43167,60581,1,"2014-1",3
2014,"Enero","Egipto",17,28,-11,45,1,"2014-1",75
2014,"Enero","El Salvador",1382,2472,-1090,3854,1,"2014-1",19
2014,"Enero","Emiratos Árabes",1,487,-486,488,1,"2014-1",39
2014,"Enero","Eslovaquia",49,4,45,53,1,"2014-1",72
2014,"Enero","Eslovenia",57,0,57,57,1,"2014-1",70
2014,"Enero","Estados Unidos de América",24795,108054,-83259,132849,1,"2014-1",1
2014,"Enero","Estonia",20,2,18,22,1,"2014-1",93
2014,"Enero","Etiopia",1,6,-5,7,1,"2014-1",118
2014,"Enero","Filipinas",151,18,133,169,1,"2014-1",53
2014,"Enero","Finlandia",169,25,144,194,1,"2014-1",51
2014,"Enero","Francia",4158,2737,1421,6895,1,"2014-1",13
2014,"Enero","Georgia",4,0,4,4,1,"2014-1",140
2014,"Enero","Ghana",3,8,-5,11,1,"2014-1",106
2014,"Enero","Granada",1,0,1,1,1,"2014-1",184
2014,"Enero","Grecia",113,17,96,130,1,"2014-1",57
2014,"Enero","Guatemala",983,1548,-565,2531,1,"2014-1",22
2014,"Enero","Guyana",21,12,9,33,1,"2014-1",82
2014,"Enero","Guinea Ecuatorial",1,46,-45,47,1,"2014-1",73
2014,"Enero","Haití",35,31,4,66,1,"2014-1",68
2014,"Enero","Honduras",457,455,2,912,1,"2014-1",31
2014,"Enero","Hong Kong",1,78,-77,79,1,"2014-1",62
2014,"Enero","Hungría",80,3,77,83,1,"2014-1",61
2014,"Enero","India",362,68,294,430,1,"2014-1",43
2014,"Enero","Indonesia",25,20,5,45,1,"2014-1",75
2014,"Enero","Irán",12,1,11,13,1,"2014-1",103
2014,"Enero","República de Irlanda",267,34,233,301,1,"2014-1",46
2014,"Enero","Islandia",20,3,17,23,1,"2014-1",90
2014,"Enero","Israel",573,220,353,793,1,"2014-1",33
2014,"Enero","Italia",3088,1501,1587,4589,1,"2014-1",18
2014,"Enero","Jamaica",49,227,-178,276,1,"2014-1",48
2014,"Enero","Islas Salomón",1,0,1,1,1,"2014-1",184
2014,"Enero","Japón",632,102,530,734,1,"2014-1",35
2014,"Enero","Jordania",4,9,-5,13,1,"2014-1",103
2014,"Enero","Kazajistán",2,8,-6,10,1,"2014-1",107
2014,"Enero","Kenia",3,14,-11,17,1,"2014-1",98
2014,"Enero","Kuwait",2,6,-4,8,1,"2014-1",112
2014,"Enero","República de Kosovo",2,0,2,2,1,"2014-1",164
2014,"Enero","Letonia",42,1,41,43,1,"2014-1",76
2014,"Enero","Lituania",26,1,25,27,1,"2014-1",89
2014,"Enero","Líbano",36,42,-6,78,1,"2014-1",63
2014,"Enero","Liechtenstein",2,0,2,2,1,"2014-1",164
2014,"Enero","Luxemburgo",16,15,1,31,1,"2014-1",85
2014,"Enero","Macedonia",2,0,2,2,1,"2014-1",164
2014,"Enero","Madagascar",4,0,4,4,1,"2014-1",140
2014,"Enero","Malasia",20,55,-35,75,1,"2014-1",65
2014,"Enero","Malí",1,3,-2,4,1,"2014-1",140
2014,"Enero","Malta",15,21,-6,36,1,"2014-1",81
2014,"Enero","Marruecos",19,11,8,30,1,"2014-1",86
2014,"Enero","Mauricio",1,1,0,2,1,"2014-1",164
2014,"Enero","México",8157,24877,-16720,33034,1,"2014-1",5
2014,"Enero","República de Moldavia",7,0,7,7,1,"2014-1",118
2014,"Enero","Mónaco",2,4,-2,6,1,"2014-1",131
2014,"Enero","Mongolia",1,0,1,1,1,"2014-1",184
2014,"Enero","Montenegro",5,0,5,5,1,"2014-1",135
2014,"Enero","Nepal",1,1,0,2,1,"2014-1",164
2014,"Enero","Nicaragua",217,214,3,431,1,"2014-1",42
2014,"Enero","Nigeria",8,23,-15,31,1,"2014-1",85
2014,"Enero","Noruega",330,105,225,435,1,"2014-1",41
2014,"Enero","Nueva Zelanda",149,69,80,218,1,"2014-1",50
2014,"Enero","Pakistán",24,3,21,27,1,"2014-1",89
2014,"Enero","Panamá",2768,38633,-35865,41401,1,"2014-1",4
2014,"Enero","Paraguay",293,171,122,464,1,"2014-1",40
2014,"Enero","Perú",8576,10432,-1856,19008,1,"2014-1",8
2014,"Enero","Palestina",6,2,4,8,1,"2014-1",112
2014,"Enero","Polonia",351,13,338,364,1,"2014-1",44
2014,"Enero","Portugal",663,70,593,733,1,"2014-1",36
2014,"Enero","Qatar",2,26,-24,28,1,"2014-1",87
2014,"Enero","Reino Unido de Gran Bretaña e Irlanda del Norte",2633,2751,-118,5384,1,"2014-1",16
2014,"Enero","República CentroÁfricana",5,1,4,6,1,"2014-1",131
2014,"Enero","Federación de Rusia",897,56,841,953,1,"2014-1",29
2014,"Enero","República Dominicana",850,3997,-3147,4847,1,"2014-1",17
2014,"Enero","República Democrática Popular de Corea",1,0,1,1,1,"2014-1",184
2014,"Enero","Rumania",140,9,131,149,1,"2014-1",55
2014,"Enero","Rwanda",2,1,1,3,1,"2014-1",149
2014,"Enero","San Cristóbal y Nevis",3,0,3,3,1,"2014-1",149
2014,"Enero","Samoa Estadounidense/Territorio no incorporado de Estados Unidos",1,0,1,1,1,"2014-1",184
2014,"Enero","San Marino",1,0,1,1,1,"2014-1",184
2014,"Enero","San  Vicente y las Granadinas",3,3,0,6,1,"2014-1",131
2014,"Enero","Santa Lucia",2,0,2,2,1,"2014-1",164
2014,"Enero","Santa Sede/Ciudad del Vaticano",2,0,2,2,1,"2014-1",164
2014,"Enero","Senegal",1,7,-6,8,1,"2014-1",112
2014,"Enero","Serbia",21,1,20,22,1,"2014-1",93
2014,"Enero","Singapur",33,39,-6,72,1,"2014-1",67
2014,"Enero","República Árabe Siria",4,2,2,6,1,"2014-1",131
2014,"Enero","Somalia",2,0,2,2,1,"2014-1",164
2014,"Enero","Sri Lanka",4,2,2,6,1,"2014-1",131
2014,"Enero","Sudáfrica",97,60,37,157,1,"2014-1",54
2014,"Enero","Suecia",725,425,300,1150,1,"2014-1",28
2014,"Enero","Suiza",1142,814,328,1956,1,"2014-1",25
2014,"Enero","Surinam",58,17,41,75,1,"2014-1",65
2014,"Enero","Taiwán",96,7,89,103,1,"2014-1",59
2014,"Enero","Tailandia",4,37,-33,41,1,"2014-1",79
2014,"Enero","Tanzania",6,3,3,9,1,"2014-1",108
2014,"Enero","Togo",3,0,3,3,1,"2014-1",149
2014,"Enero","Trinidad y Tobago",82,200,-118,282,1,"2014-1",47
2014,"Enero","Túnez",2,0,2,2,1,"2014-1",164
2014,"Enero","Turquía",176,58,118,234,1,"2014-1",49
2014,"Enero","Ucrania",73,1,72,74,1,"2014-1",66
2014,"Enero","Uganda",1,6,-5,7,1,"2014-1",118
2014,"Enero","Uruguay",675,266,409,941,1,"2014-1",30
2014,"Enero","Uzbekistán",1,0,1,1,1,"2014-1",184
2014,"Enero","Venezuela",24662,95227,-70565,119889,1,"2014-1",2
2014,"Enero","Vietnam",4,7,-3,11,1,"2014-1",106
2014,"Enero","Zambia",1,0,1,1,1,"2014-1",184
2014,"Enero","Zimbabue",4,0,4,4,1,"2014-1",140
2014,"Enero","Desconocido",86,32,54,118,1,"2014-1",58
2014,"Febrero","Afganistán",2,21,-19,23,2,"2014-2",82
2014,"Febrero","Albania",8,0,8,8,2,"2014-2",112
2014,"Febrero","Alemania",4496,1616,2880,6112,2,"2014-2",12
2014,"Febrero","Andorra",17,3,14,20,2,"2014-2",89
2014,"Febrero","Antigua y Barbuda",3,0,3,3,2,"2014-2",143
2014,"Febrero","Países Bajos",2551,328,2223,2879,2,"2014-2",20
2014,"Febrero","Arabia Saudita",2,20,-18,22,2,"2014-2",85
2014,"Febrero","Argelia",5,3,2,8,2,"2014-2",112
2014,"Febrero","Argentina",11304,5888,5416,17192,2,"2014-2",8
2014,"Febrero","República de Armenia",1,0,1,1,2,"2014-2",183
2014,"Febrero","Aruba",1,5425,-5424,5426,2,"2014-2",14
2014,"Febrero","Australia",844,546,298,1390,2,"2014-2",26
2014,"Febrero","Austria",471,74,397,545,2,"2014-2",38
2014,"Febrero","Azerbaiyán",1,1,0,2,2,"2014-2",154
2014,"Febrero","Bahamas",15,61,-46,76,2,"2014-2",64
2014,"Febrero","Bahréin",1,5,-4,6,2,"2014-2",119
2014,"Febrero","Bangladesh",6,1,5,7,2,"2014-2",114
2014,"Febrero","Barbados",11,19,-8,30,2,"2014-2",79
2014,"Febrero","República de Belarús",29,12,17,41,2,"2014-2",78
2014,"Febrero","Bélgica",588,118,470,706,2,"2014-2",34
2014,"Febrero","Belice",10,8,2,18,2,"2014-2",92
2014,"Febrero","Benín",2,1,1,3,2,"2014-2",143
2014,"Febrero","Bermudas/Territorio Británico de Ultramar",4,0,4,4,2,"2014-2",128
2014,"Febrero","Bolivia",783,717,66,1500,2,"2014-2",25
2014,"Febrero","Bosnia y Herzegovina",1,0,1,1,2,"2014-2",183
2014,"Febrero","Botsuana",1,0,1,1,2,"2014-2",183
2014,"Febrero","Brasil",8927,7057,1870,15984,2,"2014-2",9
2014,"Febrero","Bulgaria",55,1,54,56,2,"2014-2",73
2014,"Febrero","Islas Caimán/Territorio Británico de Ultramar",6,12,-6,18,2,"2014-2",92
2014,"Febrero","Camboya",5,1,4,6,2,"2014-2",119
2014,"Febrero","Canadá",5356,2611,2745,7967,2,"2014-2",11
2014,"Febrero","España",7810,15048,-7238,22858,2,"2014-2",5
2014,"Febrero","República Democrática del Congo",2,9,-7,11,2,"2014-2",101
2014,"Febrero","República de Corea",725,36,689,761,2,"2014-2",32
2014,"Febrero","Costa de Marfil",2,15,-13,17,2,"2014-2",94
2014,"Febrero","Costa Rica",1869,1923,-54,3792,2,"2014-2",16
2014,"Febrero","Croacia",61,3,58,64,2,"2014-2",68
2014,"Febrero","Cuba",305,1734,-1429,2039,2,"2014-2",22
2014,"Febrero","Curazao",1,790,-789,791,2,"2014-2",30
2014,"Febrero","República Checa",162,11,151,173,2,"2014-2",54
2014,"Febrero","Chile",10631,5294,5337,15925,2,"2014-2",10
2014,"Febrero","China",685,852,-167,1537,2,"2014-2",24
2014,"Febrero","Chipre",6,1,5,7,2,"2014-2",114
2014,"Febrero","Dinamarca",338,40,298,378,2,"2014-2",44
2014,"Febrero","Dominica",3,1,2,4,2,"2014-2",128
2014,"Febrero","Ecuador",9362,24949,-15587,34311,2,"2014-2",3
2014,"Febrero","Egipto",30,127,-97,157,2,"2014-2",55
2014,"Febrero","El Salvador",1470,1960,-490,3430,2,"2014-2",18
2014,"Febrero","Emiratos Árabes",7,403,-396,410,2,"2014-2",43
2014,"Febrero","Eslovaquia",41,1,40,42,2,"2014-2",77
2014,"Febrero","Eslovenia",57,6,51,63,2,"2014-2",70
2014,"Febrero","Estados Unidos de América",28612,65733,-37121,94345,2,"2014-2",1
2014,"Febrero","Estonia",20,0,20,20,2,"2014-2",89
2014,"Febrero","Etiopia",4,5,-1,9,2,"2014-2",107
2014,"Febrero","Filipinas",197,3,194,200,2,"2014-2",51
2014,"Febrero","Finlandia",192,16,176,208,2,"2014-2",50
2014,"Febrero","Francia",3892,1693,2199,5585,2,"2014-2",13
2014,"Febrero","Gabón",1,9,-8,10,2,"2014-2",106
2014,"Febrero","Georgia",4,1,3,5,2,"2014-2",124
2014,"Febrero","Ghana",8,0,8,8,2,"2014-2",112
2014,"Febrero","Granada",1,0,1,1,2,"2014-2",183
2014,"Febrero","Grecia",119,14,105,133,2,"2014-2",58
2014,"Febrero","Guatemala",1056,1039,17,2095,2,"2014-2",21
2014,"Febrero","Guyana",11,2,9,13,2,"2014-2",99
2014,"Febrero","Guinea",2,3,-1,5,2,"2014-2",124
2014,"Febrero","Guinea Bissau",1,0,1,1,2,"2014-2",183
2014,"Febrero","Guayana Francesa/Departamento de Ultramar Francés",1,0,1,1,2,"2014-2",183
2014,"Febrero","Haití",25,17,8,42,2,"2014-2",77
2014,"Febrero","Honduras",400,287,113,687,2,"2014-2",35
2014,"Febrero","Hungría",85,5,80,90,2,"2014-2",62
2014,"Febrero","India",371,103,268,474,2,"2014-2",41
2014,"Febrero","Indonesia",54,9,45,63,2,"2014-2",70
2014,"Febrero","Iraq",1,9,-8,10,2,"2014-2",106
2014,"Febrero","Irán",14,3,11,17,2,"2014-2",94
2014,"Febrero","República de Irlanda",238,19,219,257,2,"2014-2",48
2014,"Febrero","Islandia",11,2,9,13,2,"2014-2",99
2014,"Febrero","Israel",633,248,385,881,2,"2014-2",28
2014,"Febrero","Italia",2716,1115,1601,3831,2,"2014-2",15
2014,"Febrero","Jamaica",39,54,-15,93,2,"2014-2",61
2014,"Febrero","Japón",766,85,681,851,2,"2014-2",29
2014,"Febrero","Jordania",6,15,-9,21,2,"2014-2",87
2014,"Febrero","Kazajistán",7,3,4,10,2,"2014-2",106
2014,"Febrero","Kenia",7,15,-8,22,2,"2014-2",85
2014,"Febrero","Kirguistán",1,0,1,1,2,"2014-2",183
2014,"Febrero","República de Kosovo",1,0,1,1,2,"2014-2",183
2014,"Febrero","República Democrática Popular  Lao",4,0,4,4,2,"2014-2",128
2014,"Febrero","Letonia",55,0,55,55,2,"2014-2",74
2014,"Febrero","Lituania",33,15,18,48,2,"2014-2",75
2014,"Febrero","Líbano",49,21,28,70,2,"2014-2",67
2014,"Febrero","Liechtenstein",3,0,3,3,2,"2014-2",143
2014,"Febrero","Luxemburgo",16,3,13,19,2,"2014-2",90
2014,"Febrero","Macedonia",4,0,4,4,2,"2014-2",128
2014,"Febrero","Malasia",48,25,23,73,2,"2014-2",65
2014,"Febrero","Malawi",1,0,1,1,2,"2014-2",183
2014,"Febrero","Malí",2,0,2,2,2,"2014-2",154
2014,"Febrero","Malta",12,4,8,16,2,"2014-2",95
2014,"Febrero","Marruecos",19,3,16,22,2,"2014-2",85
2014,"Febrero","Mauricio",1,0,1,1,2,"2014-2",183
2014,"Febrero","Mauritania",2,0,2,2,2,"2014-2",154
2014,"Febrero","México",8084,14293,-6209,22377,2,"2014-2",6
2014,"Febrero","República de Moldavia",3,0,3,3,2,"2014-2",143
2014,"Febrero","Mónaco",1,2,-1,3,2,"2014-2",143
2014,"Febrero","Mongolia",2,0,2,2,2,"2014-2",154
2014,"Febrero","Montenegro",2,0,2,2,2,"2014-2",154
2014,"Febrero","Myanmar",19,2,17,21,2,"2014-2",87
2014,"Febrero","Nepal",8,0,8,8,2,"2014-2",112
2014,"Febrero","Nicaragua",174,181,-7,355,2,"2014-2",45
2014,"Febrero","Nigeria",13,13,0,26,2,"2014-2",81
2014,"Febrero","Noruega",311,43,268,354,2,"2014-2",46
2014,"Febrero","Nueva Zelanda",136,45,91,181,2,"2014-2",53
2014,"Febrero","Omán",2,1,1,3,2,"2014-2",143
2014,"Febrero","Pakistán",11,1,10,12,2,"2014-2",100
2014,"Febrero","Panamá",2722,26982,-24260,29704,2,"2014-2",4
2014,"Febrero","Paraguay",342,176,166,518,2,"2014-2",40
2014,"Febrero","Perú",10340,7583,2757,17923,2,"2014-2",7
2014,"Febrero","Polonia",401,17,384,418,2,"2014-2",42
2014,"Febrero","Portugal",473,46,427,519,2,"2014-2",39
2014,"Febrero","Puerto Rico/Territorio de Estados Unidos",1,722,-721,723,2,"2014-2",33
2014,"Febrero","Reino Unido de Gran Bretaña e Irlanda del Norte",2619,1090,1529,3709,2,"2014-2",17
2014,"Febrero","Federación de Rusia",523,41,482,564,2,"2014-2",37
2014,"Febrero","República Dominicana",943,1948,-1005,2891,2,"2014-2",19
2014,"Febrero","Rumania",96,4,92,100,2,"2014-2",60
2014,"Febrero","San Cristóbal y Nevis",5,1,4,6,2,"2014-2",119
2014,"Febrero","San  Vicente y las Granadinas",5,0,5,5,2,"2014-2",124
2014,"Febrero","Santa Lucia",8,0,8,8,2,"2014-2",112
2014,"Febrero","Senegal",1,1,0,2,2,"2014-2",154
2014,"Febrero","Serbia",13,0,13,13,2,"2014-2",99
2014,"Febrero","Singapur",30,26,4,56,2,"2014-2",73
2014,"Febrero","República Árabe Siria",1,0,1,1,2,"2014-2",183
2014,"Febrero","Sri Lanka",2,1,1,3,2,"2014-2",143
2014,"Febrero","Sudáfrica",103,32,71,135,2,"2014-2",57
2014,"Febrero","Sudán",1,2,-1,3,2,"2014-2",143
2014,"Febrero","Suecia",629,148,481,777,2,"2014-2",31
2014,"Febrero","Suiza",1197,376,821,1573,2,"2014-2",23
2014,"Febrero","Surinam",35,43,-8,78,2,"2014-2",63
2014,"Febrero","Taiwán",182,8,174,190,2,"2014-2",52
2014,"Febrero","República de Tayikistán",1,0,1,1,2,"2014-2",183
2014,"Febrero","Tailandia",23,48,-25,71,2,"2014-2",66
2014,"Febrero","Tanzania",1,0,1,1,2,"2014-2",183
2014,"Febrero","Togo",4,1,3,5,2,"2014-2",124
2014,"Febrero","Trinidad y Tobago",121,93,28,214,2,"2014-2",49
2014,"Febrero","Túnez",8,2,6,10,2,"2014-2",106
2014,"Febrero","Turkmenistán",1,2,-1,3,2,"2014-2",143
2014,"Febrero","Turquía",159,185,-26,344,2,"2014-2",47
2014,"Febrero","Ucrania",58,4,54,62,2,"2014-2",71
2014,"Febrero","Uganda",3,3,0,6,2,"2014-2",119
2014,"Febrero","Uruguay",827,143,684,970,2,"2014-2",27
2014,"Febrero","Uzbekistán",2,0,2,2,2,"2014-2",154
2014,"Febrero","Venezuela",17198,32111,-14913,49309,2,"2014-2",2
2014,"Febrero","Vietnam",20,7,13,27,2,"2014-2",80
2014,"Febrero","República Árabe de Yemen",1,0,1,1,2,"2014-2",183
2014,"Febrero","Zambia",1,2,-1,3,2,"2014-2",143
2014,"Febrero","Zimbabue",3,0,3,3,2,"2014-2",143
2014,"Febrero","Desconocido",113,33,80,146,2,"2014-2",56
2014,"Febrero","Desconocido",113,460,-347,573,2,"2014-2",36
2014,"Marzo","Afganistán",5,26,-21,31,3,"2014-3",80
2014,"Marzo","Albania",5,0,5,5,3,"2014-3",122
2014,"Marzo","Alemania",4470,2074,2396,6544,3,"2014-3",13
2014,"Marzo","Andorra",8,3,5,11,3,"2014-3",98
2014,"Marzo","Angola",5,10,-5,15,3,"2014-3",94
2014,"Marzo","Antigua y Barbuda",4,3,1,7,3,"2014-3",112
2014,"Marzo","Países Bajos",2619,357,2262,2976,3,"2014-3",20
2014,"Marzo","Arabia Saudita",16,16,0,32,3,"2014-3",79
2014,"Marzo","Argelia",11,5,6,16,3,"2014-3",92
2014,"Marzo","Argentina",13308,6987,6321,20295,3,"2014-3",7
2014,"Marzo","República de Armenia",4,0,4,4,3,"2014-3",134
2014,"Marzo","Aruba",1,7122,-7121,7123,3,"2014-3",12
2014,"Marzo","Australia",863,367,496,1230,3,"2014-3",27
2014,"Marzo","Austria",390,88,302,478,3,"2014-3",41
2014,"Marzo","Azerbaiyán",7,3,4,10,3,"2014-3",99
2014,"Marzo","Bahamas",11,68,-57,79,3,"2014-3",64
2014,"Marzo","Bahréin",1,3,-2,4,3,"2014-3",134
2014,"Marzo","Bangladesh",5,0,5,5,3,"2014-3",122
2014,"Marzo","Barbados",17,24,-7,41,3,"2014-3",75
2014,"Marzo","República de Belarús",4,3,1,7,3,"2014-3",112
2014,"Marzo","Bélgica",542,169,373,711,3,"2014-3",35
2014,"Marzo","Belice",11,11,0,22,3,"2014-3",85
2014,"Marzo","Benín",7,1,6,8,3,"2014-3",108
2014,"Marzo","Bermudas/Territorio Británico de Ultramar",2,6,-4,8,3,"2014-3",108
2014,"Marzo","Bolivia",857,712,145,1569,3,"2014-3",24
2014,"Marzo","Bosnia y Herzegovina",1,0,1,1,3,"2014-3",171
2014,"Marzo","Botsuana",1,0,1,1,3,"2014-3",171
2014,"Marzo","Brasil",10156,7163,2993,17319,3,"2014-3",9
2014,"Marzo","Bulgaria",42,2,40,44,3,"2014-3",72
2014,"Marzo","Burundi",1,0,1,1,3,"2014-3",171
2014,"Marzo","Cabo Verde",5,0,5,5,3,"2014-3",122
2014,"Marzo","Islas Caimán/Territorio Británico de Ultramar",3,6,-3,9,3,"2014-3",102
2014,"Marzo","Camerún",2,3,-1,5,3,"2014-3",122
2014,"Marzo","Canadá",4734,2841,1893,7575,3,"2014-3",11
2014,"Marzo","España",8617,14363,-5746,22980,3,"2014-3",6
2014,"Marzo","República Del Congo",1,0,1,1,3,"2014-3",171
2014,"Marzo","República Democrática del Congo",3,5,-2,8,3,"2014-3",108
2014,"Marzo","República de Corea",695,55,640,750,3,"2014-3",34
2014,"Marzo","Costa de Marfil",3,17,-14,20,3,"2014-3",88
2014,"Marzo","Costa Rica",1817,2119,-302,3936,3,"2014-3",15
2014,"Marzo","Croacia",66,3,63,69,3,"2014-3",67
2014,"Marzo","Cuba",367,1969,-1602,2336,3,"2014-3",21
2014,"Marzo","República Checa",143,13,130,156,3,"2014-3",55
2014,"Marzo","Chile",9480,7376,2104,16856,3,"2014-3",10
2014,"Marzo","China",758,1021,-263,1779,3,"2014-3",23
2014,"Marzo","Chipre",9,4,5,13,3,"2014-3",95
2014,"Marzo","Dinamarca",267,26,241,293,3,"2014-3",43
2014,"Marzo","Dominica",7,1,6,8,3,"2014-3",108
2014,"Marzo","Ecuador",10999,21289,-10290,32288,3,"2014-3",3
2014,"Marzo","Egipto",21,22,-1,43,3,"2014-3",73
2014,"Marzo","El Salvador",1405,2271,-866,3676,3,"2014-3",18
2014,"Marzo","Emiratos Árabes",6,207,-201,213,3,"2014-3",49
2014,"Marzo","Eslovaquia",45,0,45,45,3,"2014-3",71
2014,"Marzo","Eslovenia",37,3,34,40,3,"2014-3",76
2014,"Marzo","Estados Unidos de América",30845,85798,-54953,116643,3,"2014-3",1
2014,"Marzo","Estonia",24,3,21,27,3,"2014-3",82
2014,"Marzo","Etiopia",2,7,-5,9,3,"2014-3",102
2014,"Marzo","Filipinas",172,9,163,181,3,"2014-3",52
2014,"Marzo","Finlandia",150,14,136,164,3,"2014-3",54
2014,"Marzo","Francia",3520,1887,1633,5407,3,"2014-3",14
2014,"Marzo","Georgia",3,0,3,3,3,"2014-3",143
2014,"Marzo","Ghana",2,1,1,3,3,"2014-3",143
2014,"Marzo","Grecia",109,19,90,128,3,"2014-3",58
2014,"Marzo","Guatemala",1097,1132,-35,2229,3,"2014-3",22
2014,"Marzo","Guyana",18,2,16,20,3,"2014-3",88
2014,"Marzo","Guinea",1,2,-1,3,3,"2014-3",143
2014,"Marzo","Guinea Bissau",4,0,4,4,3,"2014-3",134
2014,"Marzo","Haití",50,54,-4,104,3,"2014-3",62
2014,"Marzo","Honduras",491,366,125,857,3,"2014-3",32
2014,"Marzo","Hungría",81,3,78,84,3,"2014-3",63
2014,"Marzo","India",432,94,338,526,3,"2014-3",40
2014,"Marzo","Indonesia",29,9,20,38,3,"2014-3",77
2014,"Marzo","Irán",23,5,18,28,3,"2014-3",81
2014,"Marzo","República de Irlanda",252,24,228,276,3,"2014-3",45
2014,"Marzo","Islandia",14,10,4,24,3,"2014-3",84
2014,"Marzo","Israel",843,346,497,1189,3,"2014-3",28
2014,"Marzo","Italia",2579,1174,1405,3753,3,"2014-3",16
2014,"Marzo","Jamaica",69,104,-35,173,3,"2014-3",53
2014,"Marzo","Japón",724,151,573,875,3,"2014-3",31
2014,"Marzo","Jordania",2,4,-2,6,3,"2014-3",116
2014,"Marzo","Kazajistán",5,3,2,8,3,"2014-3",108
2014,"Marzo","Kenia",13,5,8,18,3,"2014-3",89
2014,"Marzo","Kirguistán",1,0,1,1,3,"2014-3",171
2014,"Marzo","Kuwait",1,3,-2,4,3,"2014-3",134
2014,"Marzo","República de Kosovo",2,0,2,2,3,"2014-3",151
2014,"Marzo","Letonia",21,0,21,21,3,"2014-3",86
2014,"Marzo","Lituania",44,16,28,60,3,"2014-3",70
2014,"Marzo","Líbano",40,27,13,67,3,"2014-3",68
2014,"Marzo","Liberia",3,0,3,3,3,"2014-3",143
2014,"Marzo","Liechtenstein",2,0,2,2,3,"2014-3",151
2014,"Marzo","Luxemburgo",10,7,3,17,3,"2014-3",91
2014,"Marzo","Macedonia",4,0,4,4,3,"2014-3",134
2014,"Marzo","Madagascar",3,0,3,3,3,"2014-3",143
2014,"Marzo","Malasia",43,27,16,70,3,"2014-3",66
2014,"Marzo","Malí",3,1,2,4,3,"2014-3",134
2014,"Marzo","Malta",6,11,-5,17,3,"2014-3",91
2014,"Marzo","Marruecos",8,137,-129,145,3,"2014-3",57
2014,"Marzo","México",8869,16495,-7626,25364,3,"2014-3",5
2014,"Marzo","República de Moldavia",6,0,6,6,3,"2014-3",116
2014,"Marzo","Mónaco",3,2,1,5,3,"2014-3",122
2014,"Marzo","Mongolia",1,0,1,1,3,"2014-3",171
2014,"Marzo","Montenegro",2,0,2,2,3,"2014-3",151
2014,"Marzo","Namibia",1,1,0,2,3,"2014-3",151
2014,"Marzo","Nepal",3,0,3,3,3,"2014-3",143
2014,"Marzo","Nicaragua",188,183,5,371,3,"2014-3",42
2014,"Marzo","Nigeria",22,12,10,34,3,"2014-3",78
2014,"Marzo","Noruega",221,49,172,270,3,"2014-3",47
2014,"Marzo","Nueva Zelanda",181,22,159,203,3,"2014-3",51
2014,"Marzo","Omán",2,4,-2,6,3,"2014-3",116
2014,"Marzo","Pakistán",11,1,10,12,3,"2014-3",96
2014,"Marzo","Panamá",2657,29028,-26371,31685,3,"2014-3",4
2014,"Marzo","Paraguay",376,215,161,591,3,"2014-3",38
2014,"Marzo","Perú",10256,8951,1305,19207,3,"2014-3",8
2014,"Marzo","Polonia",267,22,245,289,3,"2014-3",44
2014,"Marzo","Portugal",549,61,488,610,3,"2014-3",37
2014,"Marzo","Reino Unido de Gran Bretaña e Irlanda del Norte",2547,1182,1365,3729,3,"2014-3",17
2014,"Marzo","Federación de Rusia",503,68,435,571,3,"2014-3",39
2014,"Marzo","República Dominicana",938,2639,-1701,3577,3,"2014-3",19
2014,"Marzo","Rumania",116,6,110,122,3,"2014-3",60
2014,"Marzo","San Cristóbal y Nevis",3,1,2,4,3,"2014-3",134
2014,"Marzo","San  Vicente y las Granadinas",2,1,1,3,3,"2014-3",143
2014,"Marzo","Santa Lucia",4,4,0,8,3,"2014-3",108
2014,"Marzo","Senegal",2,2,0,4,3,"2014-3",134
2014,"Marzo","Serbia",26,0,26,26,3,"2014-3",83
2014,"Marzo","Singapur",34,41,-7,75,3,"2014-3",65
2014,"Marzo","República Árabe Siria",4,0,4,4,3,"2014-3",134
2014,"Marzo","Sri Lanka",2,0,2,2,3,"2014-3",151
2014,"Marzo","Sudáfrica",120,34,86,154,3,"2014-3",56
2014,"Marzo","Suecia",504,124,380,628,3,"2014-3",36
2014,"Marzo","Suiza",1018,373,645,1391,3,"2014-3",25
2014,"Marzo","Surinam",77,48,29,125,3,"2014-3",59
2014,"Marzo","Taiwán",194,10,184,204,3,"2014-3",50
2014,"Marzo","Tailandia",10,32,-22,42,3,"2014-3",74
2014,"Marzo","Tanzania",2,1,1,3,3,"2014-3",143
2014,"Marzo","Trinidad y Tobago",92,146,-54,238,3,"2014-3",48
2014,"Marzo","Túnez",2,2,0,4,3,"2014-3",134
2014,"Marzo","Turquía",192,79,113,271,3,"2014-3",46
2014,"Marzo","Ucrania",64,1,63,65,3,"2014-3",69
2014,"Marzo","Uganda",4,0,4,4,3,"2014-3",134
2014,"Marzo","Uruguay",924,309,615,1233,3,"2014-3",26
2014,"Marzo","Uzbekistán",2,0,2,2,3,"2014-3",151
2014,"Marzo","Venezuela",15451,24992,-9541,40443,3,"2014-3",2
2014,"Marzo","Vietnam",4,7,-3,11,3,"2014-3",98
2014,"Marzo","República Árabe de Yemen",1,1,0,2,3,"2014-3",151
2014,"Marzo","Zambia",1,0,1,1,3,"2014-3",171
2014,"Marzo","Desconocido",165,992,-827,1157,3,"2014-3",29
2014,"Abril","Afganistán",8,13,-5,21,4,"2014-4",98
2014,"Abril","Albania",4,2,2,6,4,"2014-4",144
2014,"Abril","Alemania",3914,2233,1681,6147,4,"2014-4",11
2014,"Abril","Andorra",10,3,7,13,4,"2014-4",118
2014,"Abril","Angola",37,8,29,45,4,"2014-4",82
2014,"Abril","Antigua y Barbuda",2,2,0,4,4,"2014-4",160
2014,"Abril","Países Bajos",2677,388,2289,3065,4,"2014-4",21
2014,"Abril","Arabia Saudita",24,48,-24,72,4,"2014-4",71
2014,"Abril","Argelia",7,15,-8,22,4,"2014-4",95
2014,"Abril","Argentina",9304,6351,2953,15655,4,"2014-4",9
2014,"Abril","República de Armenia",3,0,3,3,4,"2014-4",170
2014,"Abril","Australia",941,332,609,1273,4,"2014-4",26
2014,"Abril","Austria",316,51,265,367,4,"2014-4",43
2014,"Abril","Azerbaiyán",3,3,0,6,4,"2014-4",144
2014,"Abril","Bahamas",27,129,-102,156,4,"2014-4",58
2014,"Abril","Bahréin",3,1,2,4,4,"2014-4",160
2014,"Abril","Bangladesh",19,2,17,21,4,"2014-4",98
2014,"Abril","Barbados",9,14,-5,23,4,"2014-4",93
2014,"Abril","República de Belarús",4,10,-6,14,4,"2014-4",115
2014,"Abril","Bélgica",517,129,388,646,4,"2014-4",37
2014,"Abril","Belice",14,1,13,15,4,"2014-4",109
2014,"Abril","Benín",3,1,2,4,4,"2014-4",160
2014,"Abril","Bolivia",712,783,-71,1495,4,"2014-4",24
2014,"Abril","Bosnia y Herzegovina",4,0,4,4,4,"2014-4",160
2014,"Abril","Botsuana",13,0,13,13,4,"2014-4",118
2014,"Abril","Brasil",9913,7524,2389,17437,4,"2014-4",8
2014,"Abril","Brunei Darussalam",1,0,1,1,4,"2014-4",194
2014,"Abril","Bulgaria",52,10,42,62,4,"2014-4",76
2014,"Abril","Burkina Faso",6,0,6,6,4,"2014-4",144
2014,"Abril","Burundi",12,0,12,12,4,"2014-4",121
2014,"Abril","Bután",7,0,7,7,4,"2014-4",138
2014,"Abril","Cabo Verde",1,1,0,2,4,"2014-4",180
2014,"Abril","Islas Caimán/Territorio Británico de Ultramar",27,110,-83,137,4,"2014-4",61
2014,"Abril","Camboya",1,0,1,1,4,"2014-4",194
2014,"Abril","Camerún",31,2,29,33,4,"2014-4",88
2014,"Abril","Canadá",2614,2998,-384,5612,4,"2014-4",14
2014,"Abril","Chad",11,6,5,17,4,"2014-4",104
2014,"Abril","España",8219,15786,-7567,24005,4,"2014-4",6
2014,"Abril","República Del Congo",2,0,2,2,4,"2014-4",180
2014,"Abril","República Democrática del Congo",7,2,5,9,4,"2014-4",131
2014,"Abril","República de Corea",659,35,624,694,4,"2014-4",34
2014,"Abril","Costa de Marfil",5,2,3,7,4,"2014-4",138
2014,"Abril","Costa Rica",2192,2102,90,4294,4,"2014-4",17
2014,"Abril","Croacia",108,6,102,114,4,"2014-4",62
2014,"Abril","Cuba",404,3322,-2918,3726,4,"2014-4",19
2014,"Abril","República Checa",75,19,56,94,4,"2014-4",65
2014,"Abril","Chile",7112,6833,279,13945,4,"2014-4",10
2014,"Abril","China",943,1167,-224,2110,4,"2014-4",23
2014,"Abril","Chipre",5,2,3,7,4,"2014-4",138
2014,"Abril","Dinamarca",245,31,214,276,4,"2014-4",47
2014,"Abril","Dominica",5,0,5,5,4,"2014-4",147
2014,"Abril","Ecuador",10748,33540,-22792,44288,4,"2014-4",3
2014,"Abril","Egipto",35,154,-119,189,4,"2014-4",54
2014,"Abril","El Salvador",1265,1882,-617,3147,4,"2014-4",20
2014,"Abril","Emiratos Árabes",11,439,-428,450,4,"2014-4",40
2014,"Abril","Eritrea",2,2,0,4,4,"2014-4",160
2014,"Abril","Eslovaquia",49,8,41,57,4,"2014-4",77
2014,"Abril","Eslovenia",65,2,63,67,4,"2014-4",73
2014,"Abril","Estados Unidos de América",24990,101620,-76630,126610,4,"2014-4",1
2014,"Abril","Estonia",11,1,10,12,4,"2014-4",121
2014,"Abril","Etiopia",29,3,26,32,4,"2014-4",89
2014,"Abril","Islas Fiji",4,0,4,4,4,"2014-4",160
2014,"Abril","Filipinas",235,4,231,239,4,"2014-4",53
2014,"Abril","Finlandia",157,14,143,171,4,"2014-4",56
2014,"Abril","Francia",3550,2229,1321,5779,4,"2014-4",13
2014,"Abril","Gabón",1,10,-9,11,4,"2014-4",126
2014,"Abril","Gambia",14,0,14,14,4,"2014-4",115
2014,"Abril","Georgia",3,0,3,3,4,"2014-4",170
2014,"Abril","Ghana",73,1,72,74,4,"2014-4",70
2014,"Abril","Granada",3,0,3,3,4,"2014-4",170
2014,"Abril","Grecia",116,35,81,151,4,"2014-4",59
2014,"Abril","Guatemala",1286,1119,167,2405,4,"2014-4",22
2014,"Abril","Guyana",21,12,9,33,4,"2014-4",88
2014,"Abril","Haití",40,29,11,69,4,"2014-4",72
2014,"Abril","Honduras",554,349,205,903,4,"2014-4",32
2014,"Abril","Hungría",62,3,59,65,4,"2014-4",74
2014,"Abril","India",342,78,264,420,4,"2014-4",41
2014,"Abril","Indonesia",61,14,47,75,4,"2014-4",69
2014,"Abril","Iraq",8,13,-5,21,4,"2014-4",98
2014,"Abril","Irán",26,9,17,35,4,"2014-4",84
2014,"Abril","República de Irlanda",242,29,213,271,4,"2014-4",49
2014,"Abril","Islandia",11,0,11,11,4,"2014-4",126
2014,"Abril","Israel",873,328,545,1201,4,"2014-4",27
2014,"Abril","Italia",2203,1553,650,3756,4,"2014-4",18
2014,"Abril","Jamaica",55,187,-132,242,4,"2014-4",52
2014,"Abril","Japón",685,194,491,879,4,"2014-4",33
2014,"Abril","Jordania",17,14,3,31,4,"2014-4",90
2014,"Abril","Kazajistán",5,2,3,7,4,"2014-4",138
2014,"Abril","Kenia",89,8,81,97,4,"2014-4",64
2014,"Abril","Kiribati",2,0,2,2,4,"2014-4",180
2014,"Abril","Kuwait",8,6,2,14,4,"2014-4",115
2014,"Abril","República de Kosovo",3,0,3,3,4,"2014-4",170
2014,"Abril","República Democrática Popular  Lao",1,0,1,1,4,"2014-4",194
2014,"Abril","Lesoto",10,0,10,10,4,"2014-4",127
2014,"Abril","Letonia",14,0,14,14,4,"2014-4",115
2014,"Abril","Lituania",31,3,28,34,4,"2014-4",86
2014,"Abril","Líbano",59,33,26,92,4,"2014-4",66
2014,"Abril","Liberia",1,0,1,1,4,"2014-4",194
2014,"Abril","Libia",12,1,11,13,4,"2014-4",118
2014,"Abril","Liechtenstein",4,0,4,4,4,"2014-4",160
2014,"Abril","Luxemburgo",17,6,11,23,4,"2014-4",93
2014,"Abril","Macedonia",1,0,1,1,4,"2014-4",194
2014,"Abril","Madagascar",5,2,3,7,4,"2014-4",138
2014,"Abril","Malasia",65,14,51,79,4,"2014-4",68
2014,"Abril","Malawi",6,0,6,6,4,"2014-4",144
2014,"Abril","Maldivas",2,2,0,4,4,"2014-4",160
2014,"Abril","Malí",4,2,2,6,4,"2014-4",144
2014,"Abril","Malta",10,9,1,19,4,"2014-4",100
2014,"Abril","Marruecos",21,27,-6,48,4,"2014-4",81
2014,"Abril","Islas Marshall",1,0,1,1,4,"2014-4",194
2014,"Abril","Mauricio",3,0,3,3,4,"2014-4",170
2014,"Abril","México",9541,19884,-10343,29425,4,"2014-4",5
2014,"Abril","República de Moldavia",2,0,2,2,4,"2014-4",180
2014,"Abril","Mónaco",1,3,-2,4,4,"2014-4",160
2014,"Abril","Montenegro",4,0,4,4,4,"2014-4",160
2014,"Abril","Mozambique",14,2,12,16,4,"2014-4",107
2014,"Abril","Myanmar",14,0,14,14,4,"2014-4",115
2014,"Abril","Namibia",10,1,9,11,4,"2014-4",126
2014,"Abril","Nepal",13,4,9,17,4,"2014-4",104
2014,"Abril","Nicaragua",183,126,57,309,4,"2014-4",44
2014,"Abril","Nigeria",78,13,65,91,4,"2014-4",67
2014,"Abril","Níger",3,1,2,4,4,"2014-4",160
2014,"Abril","Noruega",256,37,219,293,4,"2014-4",45
2014,"Abril","Nueva Zelanda",149,36,113,185,4,"2014-4",55
2014,"Abril","Omán",2,7,-5,9,4,"2014-4",131
2014,"Abril","Papúa Nueva Guinea",1,2,-1,3,4,"2014-4",170
2014,"Abril","Pakistán",8,6,2,14,4,"2014-4",115
2014,"Abril","Panamá",2478,29369,-26891,31847,4,"2014-4",4
2014,"Abril","Paraguay",341,301,40,642,4,"2014-4",38
2014,"Abril","Perú",8683,10366,-1683,19049,4,"2014-4",7
2014,"Abril","Palestina",11,0,11,11,4,"2014-4",126
2014,"Abril","Polonia",245,37,208,282,4,"2014-4",46
2014,"Abril","Portugal",549,101,448,650,4,"2014-4",36
2014,"Abril","Puerto Rico/Territorio de Estados Unidos",2,1105,-1103,1107,4,"2014-4",29
2014,"Abril","Reino Unido de Gran Bretaña e Irlanda del Norte",2902,1528,1374,4430,4,"2014-4",16
2014,"Abril","República CentroÁfricana",3,2,1,5,4,"2014-4",147
2014,"Abril","Federación de Rusia",346,57,289,403,4,"2014-4",42
2014,"Abril","República Dominicana",931,4393,-3462,5324,4,"2014-4",15
2014,"Abril","República Democrática Popular de Corea",3,0,3,3,4,"2014-4",170
2014,"Abril","Rumania",107,5,102,112,4,"2014-4",63
2014,"Abril","Rwanda",4,0,4,4,4,"2014-4",160
2014,"Abril","San Cristóbal y Nevis",9,0,9,9,4,"2014-4",131
2014,"Abril","Samoa Occidental",1,0,1,1,4,"2014-4",194
2014,"Abril","San  Vicente y las Granadinas",2,2,0,4,4,"2014-4",160
2014,"Abril","Santa Lucia",6,0,6,6,4,"2014-4",144
2014,"Abril","Santa Sede/Ciudad del Vaticano",1,1,0,2,4,"2014-4",180
2014,"Abril","Senegal",15,1,14,16,4,"2014-4",107
2014,"Abril","Serbia",25,2,23,27,4,"2014-4",91
2014,"Abril","Sierra Leona",2,0,2,2,4,"2014-4",180
2014,"Abril","Singapur",25,39,-14,64,4,"2014-4",75
2014,"Abril","República Árabe Siria",3,0,3,3,4,"2014-4",170
2014,"Abril","Sri Lanka",13,2,11,15,4,"2014-4",109
2014,"Abril","Sudáfrica",216,26,190,242,4,"2014-4",52
2014,"Abril","Sudán",16,3,13,19,4,"2014-4",100
2014,"Abril","Suecia",523,159,364,682,4,"2014-4",35
2014,"Abril","Suiza",953,368,585,1321,4,"2014-4",25
2014,"Abril","Surinam",38,18,20,56,4,"2014-4",78
2014,"Abril","Suazilandia",7,0,7,7,4,"2014-4",138
2014,"Abril","Taiwán",125,13,112,138,4,"2014-4",60
2014,"Abril","República de Tayikistán",1,0,1,1,4,"2014-4",194
2014,"Abril","Tailandia",23,32,-9,55,4,"2014-4",80
2014,"Abril","Territorio Británico del Océano Índico/Territorios Británicos de Ultramar",1,0,1,1,4,"2014-4",194
2014,"Abril","Tanzania",34,0,34,34,4,"2014-4",86
2014,"Abril","Togo",8,0,8,8,4,"2014-4",132
2014,"Abril","Trinidad y Tobago",115,136,-21,251,4,"2014-4",50
2014,"Abril","Túnez",9,2,7,11,4,"2014-4",126
2014,"Abril","Turquía",113,159,-46,272,4,"2014-4",48
2014,"Abril","Tuvalu",2,0,2,2,4,"2014-4",180
2014,"Abril","Ucrania",55,0,55,55,4,"2014-4",80
2014,"Abril","Uganda",36,2,34,38,4,"2014-4",83
2014,"Abril","Uruguay",861,168,693,1029,4,"2014-4",30
2014,"Abril","Venezuela",20317,37817,-17500,58134,4,"2014-4",2
2014,"Abril","Vietnam",8,14,-6,22,4,"2014-4",95
2014,"Abril","República Árabe de Yemen",8,1,7,9,4,"2014-4",131
2014,"Abril","Zambia",12,0,12,12,4,"2014-4",121
2014,"Abril","Zimbabue",18,0,18,18,4,"2014-4",101
2014,"Abril","Desconocido",225,969,-744,1194,4,"2014-4",28
2014,"Abril","Desconocido",225,312,-87,537,4,"2014-4",39
2014,"Mayo","Albania",15,1,14,16,5,"2014-5",95
2014,"Mayo","Alemania",3242,2932,310,6174,5,"2014-5",11
2014,"Mayo","Andorra",6,2,4,8,5,"2014-5",110
2014,"Mayo","Angola",1,11,-10,12,5,"2014-5",100
2014,"Mayo","Antigua y Barbuda",5,1,4,6,5,"2014-5",119
2014,"Mayo","Países Bajos",2688,390,2298,3078,5,"2014-5",20
2014,"Mayo","Arabia Saudita",13,24,-11,37,5,"2014-5",75
2014,"Mayo","Argelia",6,2,4,8,5,"2014-5",110
2014,"Mayo","Argentina",9799,4990,4809,14789,5,"2014-5",10
2014,"Mayo","República de Armenia",3,0,3,3,5,"2014-5",140
2014,"Mayo","Australia",1014,333,681,1347,5,"2014-5",27
2014,"Mayo","Austria",304,72,232,376,5,"2014-5",42
2014,"Mayo","Azerbaiyán",3,4,-1,7,5,"2014-5",114
2014,"Mayo","Bahamas",4,75,-71,79,5,"2014-5",64
2014,"Mayo","Bahréin",4,1,3,5,5,"2014-5",124
2014,"Mayo","Bangladesh",10,0,10,10,5,"2014-5",103
2014,"Mayo","Barbados",20,9,11,29,5,"2014-5",81
2014,"Mayo","República de Belarús",5,4,1,9,5,"2014-5",105
2014,"Mayo","Bélgica",514,152,362,666,5,"2014-5",35
2014,"Mayo","Belice",18,8,10,26,5,"2014-5",83
2014,"Mayo","Benín",2,1,1,3,5,"2014-5",140
2014,"Mayo","Bermudas/Territorio Británico de Ultramar",2,0,2,2,5,"2014-5",153
2014,"Mayo","Bolivia",936,687,249,1623,5,"2014-5",24
2014,"Mayo","Bosnia y Herzegovina",1,0,1,1,5,"2014-5",176
2014,"Mayo","Botsuana",2,0,2,2,5,"2014-5",153
2014,"Mayo","Brasil",9373,7178,2195,16551,5,"2014-5",8
2014,"Mayo","Brunei Darussalam",1,0,1,1,5,"2014-5",176
2014,"Mayo","Bulgaria",53,2,51,55,5,"2014-5",70
2014,"Mayo","Burkina Faso",2,0,2,2,5,"2014-5",153
2014,"Mayo","Islas Caimán/Territorio Británico de Ultramar",6,10,-4,16,5,"2014-5",95
2014,"Mayo","Camerún",2,1,1,3,5,"2014-5",140
2014,"Mayo","Canadá",2561,2919,-358,5480,5,"2014-5",14
2014,"Mayo","España",7877,16971,-9094,24848,5,"2014-5",6
2014,"Mayo","República Democrática del Congo",1,3,-2,4,5,"2014-5",132
2014,"Mayo","República de Corea",650,50,600,700,5,"2014-5",34
2014,"Mayo","Costa Rica",1865,1942,-77,3807,5,"2014-5",16
2014,"Mayo","Croacia",49,3,46,52,5,"2014-5",72
2014,"Mayo","Cuba",414,2195,-1781,2609,5,"2014-5",21
2014,"Mayo","Curazao",1,1181,-1180,1182,5,"2014-5",29
2014,"Mayo","República Checa",60,15,45,75,5,"2014-5",65
2014,"Mayo","Chile",9450,5828,3622,15278,5,"2014-5",9
2014,"Mayo","China",802,663,139,1465,5,"2014-5",26
2014,"Mayo","Chipre",11,1,10,12,5,"2014-5",100
2014,"Mayo","Dinamarca",223,77,146,300,5,"2014-5",49
2014,"Mayo","República de Yibuti",1,0,1,1,5,"2014-5",176
2014,"Mayo","Dominica",4,0,4,4,5,"2014-5",132
2014,"Mayo","Ecuador",9350,21454,-12104,30804,5,"2014-5",3
2014,"Mayo","Egipto",30,198,-168,228,5,"2014-5",50
2014,"Mayo","El Salvador",1492,2288,-796,3780,5,"2014-5",17
2014,"Mayo","Emiratos Árabes",7,391,-384,398,5,"2014-5",41
2014,"Mayo","Eslovaquia",27,4,23,31,5,"2014-5",80
2014,"Mayo","Eslovenia",20,3,17,23,5,"2014-5",86
2014,"Mayo","Estados Unidos de América",28708,94413,-65705,123121,5,"2014-5",1
2014,"Mayo","Estonia",16,2,14,18,5,"2014-5",93
2014,"Mayo","Etiopia",3,15,-12,18,5,"2014-5",93
2014,"Mayo","Filipinas",303,6,297,309,5,"2014-5",47
2014,"Mayo","Finlandia",127,10,117,137,5,"2014-5",57
2014,"Mayo","Francia",3120,2788,332,5908,5,"2014-5",12
2014,"Mayo","Georgia",5,2,3,7,5,"2014-5",114
2014,"Mayo","Ghana",5,2,3,7,5,"2014-5",114
2014,"Mayo","Granada",2,0,2,2,5,"2014-5",153
2014,"Mayo","Grecia",92,52,40,144,5,"2014-5",56
2014,"Mayo","Guatemala",1097,1122,-25,2219,5,"2014-5",22
2014,"Mayo","Guyana",34,4,30,38,5,"2014-5",74
2014,"Mayo","Guinea",2,0,2,2,5,"2014-5",153
2014,"Mayo","Guinea Ecuatorial",2,17,-15,19,5,"2014-5",90
2014,"Mayo","Haití",19,23,-4,42,5,"2014-5",73
2014,"Mayo","Honduras",555,308,247,863,5,"2014-5",33
2014,"Mayo","Hungría",67,6,61,73,5,"2014-5",67
2014,"Mayo","India",387,62,325,449,5,"2014-5",39
2014,"Mayo","Indonesia",42,15,27,57,5,"2014-5",69
2014,"Mayo","Iraq",2,17,-15,19,5,"2014-5",90
2014,"Mayo","Irán",27,6,21,33,5,"2014-5",77
2014,"Mayo","República de Irlanda",310,22,288,332,5,"2014-5",45
2014,"Mayo","Islandia",17,2,15,19,5,"2014-5",90
2014,"Mayo","Israel",1148,377,771,1525,5,"2014-5",25
2014,"Mayo","Italia",2250,1279,971,3529,5,"2014-5",19
2014,"Mayo","Jamaica",88,262,-174,350,5,"2014-5",44
2014,"Mayo","Japón",740,184,556,924,5,"2014-5",32
2014,"Mayo","Jordania",8,5,3,13,5,"2014-5",97
2014,"Mayo","Kazajistán",6,4,2,10,5,"2014-5",103
2014,"Mayo","Kenia",25,6,19,31,5,"2014-5",80
2014,"Mayo","Kirguistán",1,0,1,1,5,"2014-5",176
2014,"Mayo","Kuwait",2,2,0,4,5,"2014-5",132
2014,"Mayo","República de Kosovo",2,0,2,2,5,"2014-5",153
2014,"Mayo","Letonia",22,1,21,23,5,"2014-5",86
2014,"Mayo","Lituania",15,11,4,26,5,"2014-5",83
2014,"Mayo","Líbano",49,61,-12,110,5,"2014-5",60
2014,"Mayo","Liberia",1,1,0,2,5,"2014-5",153
2014,"Mayo","Libia",1,0,1,1,5,"2014-5",176
2014,"Mayo","Liechtenstein",1,1,0,2,5,"2014-5",153
2014,"Mayo","Luxemburgo",16,7,9,23,5,"2014-5",86
2014,"Mayo","Macedonia",1,0,1,1,5,"2014-5",176
2014,"Mayo","Malasia",43,9,34,52,5,"2014-5",72
2014,"Mayo","Malta",5,13,-8,18,5,"2014-5",93
2014,"Mayo","Marruecos",23,50,-27,73,5,"2014-5",67
2014,"Mayo","Mauricio",4,1,3,5,5,"2014-5",124
2014,"Mayo","México",9534,20168,-10634,29702,5,"2014-5",5
2014,"Mayo","República de Moldavia",4,0,4,4,5,"2014-5",132
2014,"Mayo","Mongolia",1,1,0,2,5,"2014-5",153
2014,"Mayo","Mozambique",2,3,-1,5,5,"2014-5",124
2014,"Mayo","Myanmar",3,5,-2,8,5,"2014-5",110
2014,"Mayo","Nepal",5,1,4,6,5,"2014-5",119
2014,"Mayo","Nicaragua",200,154,46,354,5,"2014-5",43
2014,"Mayo","Nigeria",15,16,-1,31,5,"2014-5",80
2014,"Mayo","Noruega",170,50,120,220,5,"2014-5",52
2014,"Mayo","Nueva Zelanda",183,39,144,222,5,"2014-5",51
2014,"Mayo","Omán",2,7,-5,9,5,"2014-5",105
2014,"Mayo","Papúa Nueva Guinea",1,2,-1,3,5,"2014-5",140
2014,"Mayo","Pakistán",8,2,6,10,5,"2014-5",103
2014,"Mayo","Panamá",2643,27572,-24929,30215,5,"2014-5",4
2014,"Mayo","Paraguay",360,275,85,635,5,"2014-5",36
2014,"Mayo","Perú",10355,9102,1253,19457,5,"2014-5",7
2014,"Mayo","Palestina",4,0,4,4,5,"2014-5",132
2014,"Mayo","Polonia",253,47,206,300,5,"2014-5",49
2014,"Mayo","Portugal",495,104,391,599,5,"2014-5",37
2014,"Mayo","Puerto Rico/Territorio de Estados Unidos",1,968,-967,969,5,"2014-5",31
2014,"Mayo","Qatar",1,5,-4,6,5,"2014-5",119
2014,"Mayo","Reino Unido de Gran Bretaña e Irlanda del Norte",2505,1206,1299,3711,5,"2014-5",18
2014,"Mayo","República CentroÁfricana",1,0,1,1,5,"2014-5",176
2014,"Mayo","Federación de Rusia",346,78,268,424,5,"2014-5",40
2014,"Mayo","República Dominicana",874,3897,-3023,4771,5,"2014-5",15
2014,"Mayo","Rumania",98,17,81,115,5,"2014-5",59
2014,"Mayo","Rwanda",1,2,-1,3,5,"2014-5",140
2014,"Mayo","San Cristóbal y Nevis",4,0,4,4,5,"2014-5",132
2014,"Mayo","Santa Lucia",4,0,4,4,5,"2014-5",132
2014,"Mayo","Santa Sede/Ciudad del Vaticano",1,0,1,1,5,"2014-5",176
2014,"Mayo","Senegal",17,4,13,21,5,"2014-5",87
2014,"Mayo","Serbia",11,1,10,12,5,"2014-5",100
2014,"Mayo","Singapur",49,69,-20,118,5,"2014-5",58
2014,"Mayo","República Árabe Siria",7,0,7,7,5,"2014-5",114
2014,"Mayo","Sri Lanka",4,2,2,6,5,"2014-5",119
2014,"Mayo","Sudáfrica",128,48,80,176,5,"2014-5",54
2014,"Mayo","Suecia",358,151,207,509,5,"2014-5",38
2014,"Mayo","Suiza",910,389,521,1299,5,"2014-5",28
2014,"Mayo","Surinam",66,14,52,80,5,"2014-5",63
2014,"Mayo","Taiwán",140,11,129,151,5,"2014-5",55
2014,"Mayo","Tailandia",59,48,11,107,5,"2014-5",61
2014,"Mayo","Tanzania",1,2,-1,3,5,"2014-5",140
2014,"Mayo","Togo",1,0,1,1,5,"2014-5",176
2014,"Mayo","Trinidad y Tobago",100,97,3,197,5,"2014-5",53
2014,"Mayo","Túnez",5,3,2,8,5,"2014-5",110
2014,"Mayo","Turquía",105,210,-105,315,5,"2014-5",46
2014,"Mayo","Ucrania",56,3,53,59,5,"2014-5",68
2014,"Mayo","Uganda",2,1,1,3,5,"2014-5",140
2014,"Mayo","Uruguay",896,192,704,1088,5,"2014-5",30
2014,"Mayo","Uzbekistán",2,0,2,2,5,"2014-5",153
2014,"Mayo","Venezuela",16279,32488,-16209,48767,5,"2014-5",2
2014,"Mayo","Vietnam",4,10,-6,14,5,"2014-5",96
2014,"Mayo","Zambia",1,0,1,1,5,"2014-5",176
2014,"Mayo","Zimbabue",8,0,8,8,5,"2014-5",110
2014,"Mayo","Desconocido",139,1491,-1352,1630,5,"2014-5",23
2014,"Junio","Afganistán",1,15,-14,16,6,"2014-6",90
2014,"Junio","Albania",3,0,3,3,6,"2014-6",133
2014,"Junio","Alemania",2924,3275,-351,6199,6,"2014-6",14
2014,"Junio","Andorra",4,0,4,4,6,"2014-6",124
2014,"Junio","Antigua y Barbuda",3,2,1,5,6,"2014-6",118
2014,"Junio","Países Bajos",2521,482,2039,3003,6,"2014-6",21
2014,"Junio","Arabia Saudita",10,19,-9,29,6,"2014-6",78
2014,"Junio","Argelia",4,11,-7,15,6,"2014-6",93
2014,"Junio","Argentina",7901,6561,1340,14462,6,"2014-6",9
2014,"Junio","Aruba",1,3751,-3750,3752,6,"2014-6",18
2014,"Junio","Australia",1104,369,735,1473,6,"2014-6",26
2014,"Junio","Austria",323,68,255,391,6,"2014-6",44
2014,"Junio","Azerbaiyán",3,3,0,6,6,"2014-6",112
2014,"Junio","Bahamas",18,99,-81,117,6,"2014-6",59
2014,"Junio","Bahréin",1,0,1,1,6,"2014-6",172
2014,"Junio","Bangladesh",3,1,2,4,6,"2014-6",124
2014,"Junio","Barbados",8,10,-2,18,6,"2014-6",88
2014,"Junio","República de Belarús",7,6,1,13,6,"2014-6",100
2014,"Junio","Bélgica",583,197,386,780,6,"2014-6",35
2014,"Junio","Belice",12,9,3,21,6,"2014-6",86
2014,"Junio","Benín",1,0,1,1,6,"2014-6",172
2014,"Junio","Bermudas/Territorio Británico de Ultramar",1,7,-6,8,6,"2014-6",106
2014,"Junio","Bolivia",1131,875,256,2006,6,"2014-6",23
2014,"Junio","Brasil",6583,27526,-20943,34109,6,"2014-6",6
2014,"Junio","Bulgaria",37,9,28,46,6,"2014-6",73
2014,"Junio","Burkina Faso",1,0,1,1,6,"2014-6",172
2014,"Junio","Burundi",2,0,2,2,6,"2014-6",154
2014,"Junio","Cabo Verde",2,0,2,2,6,"2014-6",154
2014,"Junio","Islas Caimán/Territorio Británico de Ultramar",5,15,-10,20,6,"2014-6",87
2014,"Junio","Camerún",6,5,1,11,6,"2014-6",102
2014,"Junio","Canadá",2706,4440,-1734,7146,6,"2014-6",12
2014,"Junio","España",8726,20678,-11952,29404,6,"2014-6",7
2014,"Junio","República Democrática del Congo",2,3,-1,5,6,"2014-6",118
2014,"Junio","República de Corea",640,58,582,698,6,"2014-6",36
2014,"Junio","Costa Rica",1794,1936,-142,3730,6,"2014-6",19
2014,"Junio","Croacia",61,8,53,69,6,"2014-6",67
2014,"Junio","Cuba",406,3171,-2765,3577,6,"2014-6",20
2014,"Junio","Curazao",4,1105,-1101,1109,6,"2014-6",29
2014,"Junio","República Checa",61,26,35,87,6,"2014-6",64
2014,"Junio","Chile",5861,6423,-562,12284,6,"2014-6",10
2014,"Junio","China",653,688,-35,1341,6,"2014-6",27
2014,"Junio","Chipre",11,3,8,14,6,"2014-6",98
2014,"Junio","Dinamarca",200,99,101,299,6,"2014-6",49
2014,"Junio","Dominica",5,0,5,5,6,"2014-6",118
2014,"Junio","Ecuador",8913,29006,-20093,37919,6,"2014-6",3
2014,"Junio","Egipto",20,107,-87,127,6,"2014-6",58
2014,"Junio","El Salvador",1484,2658,-1174,4142,6,"2014-6",16
2014,"Junio","Emiratos Árabes",9,396,-387,405,6,"2014-6",42
2014,"Junio","Eslovaquia",31,2,29,33,6,"2014-6",76
2014,"Junio","Eslovenia",23,4,19,27,6,"2014-6",81
2014,"Junio","Estados Unidos de América",41715,125416,-83701,167131,6,"2014-6",1
2014,"Junio","Estonia",8,6,2,14,6,"2014-6",98
2014,"Junio","Etiopia",1,8,-7,9,6,"2014-6",105
2014,"Junio","Islas Fiji",2,1,1,3,6,"2014-6",133
2014,"Junio","Filipinas",231,8,223,239,6,"2014-6",52
2014,"Junio","Finlandia",135,18,117,153,6,"2014-6",56
2014,"Junio","Francia",3333,3981,-648,7314,6,"2014-6",11
2014,"Junio","Georgia",1,0,1,1,6,"2014-6",172
2014,"Junio","Ghana",11,3,8,14,6,"2014-6",98
2014,"Junio","Granada",4,0,4,4,6,"2014-6",124
2014,"Junio","Grecia",78,111,-33,189,6,"2014-6",54
2014,"Junio","Guatemala",1276,1311,-35,2587,6,"2014-6",22
2014,"Junio","Guyana",30,2,28,32,6,"2014-6",77
2014,"Junio","Guinea",2,1,1,3,6,"2014-6",133
2014,"Junio","Guinea Ecuatorial",1,6,-5,7,6,"2014-6",110
2014,"Junio","Haití",31,30,1,61,6,"2014-6",71
2014,"Junio","Honduras",510,340,170,850,6,"2014-6",33
2014,"Junio","Hong Kong",2,99,-97,101,6,"2014-6",62
2014,"Junio","Hungría",56,16,40,72,6,"2014-6",66
2014,"Junio","India",383,77,306,460,6,"2014-6",39
2014,"Junio","Indonesia",57,37,20,94,6,"2014-6",63
2014,"Junio","Iraq",1,14,-13,15,6,"2014-6",93
2014,"Junio","Irán",14,8,6,22,6,"2014-6",84
2014,"Junio","República de Irlanda",319,29,290,348,6,"2014-6",46
2014,"Junio","Islandia",26,2,24,28,6,"2014-6",80
2014,"Junio","Israel",905,405,500,1310,6,"2014-6",28
2014,"Junio","Italia",2358,1463,895,3821,6,"2014-6",17
2014,"Junio","Jamaica",78,196,-118,274,6,"2014-6",51
2014,"Junio","Japón",654,126,528,780,6,"2014-6",35
2014,"Junio","Jordania",12,11,1,23,6,"2014-6",83
2014,"Junio","Kazajistán",2,0,2,2,6,"2014-6",154
2014,"Junio","Kenia",8,9,-1,17,6,"2014-6",89
2014,"Junio","Kuwait",3,6,-3,9,6,"2014-6",105
2014,"Junio","Letonia",39,1,38,40,6,"2014-6",75
2014,"Junio","Lituania",18,3,15,21,6,"2014-6",86
2014,"Junio","Líbano",37,78,-41,115,6,"2014-6",60
2014,"Junio","Liechtenstein",6,0,6,6,6,"2014-6",112
2014,"Junio","Luxemburgo",7,7,0,14,6,"2014-6",98
2014,"Junio","Madagascar",1,1,0,2,6,"2014-6",154
2014,"Junio","Malasia",49,16,33,65,6,"2014-6",70
2014,"Junio","Malawi",1,1,0,2,6,"2014-6",154
2014,"Junio","Malta",12,11,1,23,6,"2014-6",83
2014,"Junio","Marruecos",15,13,2,28,6,"2014-6",80
2014,"Junio","Mauricio",1,1,0,2,6,"2014-6",154
2014,"Junio","Mauritania",2,0,2,2,6,"2014-6",154
2014,"Junio","México",9339,27007,-17668,36346,6,"2014-6",5
2014,"Junio","República de Moldavia",1,0,1,1,6,"2014-6",172
2014,"Junio","Mongolia",2,0,2,2,6,"2014-6",154
2014,"Junio","Montenegro",1,0,1,1,6,"2014-6",172
2014,"Junio","Mozambique",1,4,-3,5,6,"2014-6",118
2014,"Junio","Myanmar",2,0,2,2,6,"2014-6",154
2014,"Junio","Nepal",1,0,1,1,6,"2014-6",172
2014,"Junio","Nicaragua",182,155,27,337,6,"2014-6",47
2014,"Junio","Nigeria",35,7,28,42,6,"2014-6",74
2014,"Junio","Níger",1,0,1,1,6,"2014-6",172
2014,"Junio","Noruega",300,95,205,395,6,"2014-6",43
2014,"Junio","Nueva Zelanda",175,57,118,232,6,"2014-6",53
2014,"Junio","Pakistán",13,0,13,13,6,"2014-6",100
2014,"Junio","Panamá",2842,34433,-31591,37275,6,"2014-6",4
2014,"Junio","Paraguay",373,510,-137,883,6,"2014-6",32
2014,"Junio","Perú",8776,11616,-2840,20392,6,"2014-6",8
2014,"Junio","Palestina",2,2,0,4,6,"2014-6",124
2014,"Junio","Polonia",230,64,166,294,6,"2014-6",50
2014,"Junio","Portugal",546,73,473,619,6,"2014-6",38
2014,"Junio","Puerto Rico/Territorio de Estados Unidos",1,988,-987,989,6,"2014-6",30
2014,"Junio","Reino Unido de Gran Bretaña e Irlanda del Norte",2546,1751,795,4297,6,"2014-6",15
2014,"Junio","Federación de Rusia",279,166,113,445,6,"2014-6",41
2014,"Junio","República Dominicana",1080,5744,-4664,6824,6,"2014-6",13
2014,"Junio","Rumania",84,20,64,104,6,"2014-6",61
2014,"Junio","Rwanda",2,0,2,2,6,"2014-6",154
2014,"Junio","San Cristóbal y Nevis",7,0,7,7,6,"2014-6",110
2014,"Junio","San  Vicente y las Granadinas",5,0,5,5,6,"2014-6",118
2014,"Junio","Santa Lucia",4,0,4,4,6,"2014-6",124
2014,"Junio","Senegal",1,1,0,2,6,"2014-6",154
2014,"Junio","Serbia",14,0,14,14,6,"2014-6",98
2014,"Junio","Singapur",43,36,7,79,6,"2014-6",65
2014,"Junio","República Árabe Siria",3,0,3,3,6,"2014-6",133
2014,"Junio","Sri Lanka",2,0,2,2,6,"2014-6",154
2014,"Junio","Sudáfrica",115,72,43,187,6,"2014-6",55
2014,"Junio","Sudán",1,0,1,1,6,"2014-6",172
2014,"Junio","Suecia",484,174,310,658,6,"2014-6",37
2014,"Junio","Suiza",998,531,467,1529,6,"2014-6",25
2014,"Junio","Surinam",27,19,8,46,6,"2014-6",73
2014,"Junio","Taiwán",126,17,109,143,6,"2014-6",57
2014,"Junio","Tailandia",11,56,-45,67,6,"2014-6",69
2014,"Junio","Trinidad y Tobago",345,105,240,450,6,"2014-6",40
2014,"Junio","Túnez",1,4,-3,5,6,"2014-6",118
2014,"Junio","Turquía",129,238,-109,367,6,"2014-6",45
2014,"Junio","Ucrania",59,9,50,68,6,"2014-6",68
2014,"Junio","Uganda",1,2,-1,3,6,"2014-6",133
2014,"Junio","Uruguay",748,183,565,931,6,"2014-6",31
2014,"Junio","Venezuela",20974,50106,-29132,71080,6,"2014-6",2
2014,"Junio","Vietnam",4,11,-7,15,6,"2014-6",93
2014,"Junio","República Árabe de Yemen",1,1,0,2,6,"2014-6",154
2014,"Junio","Zambia",2,0,2,2,6,"2014-6",154
2014,"Junio","Zimbabue",2,0,2,2,6,"2014-6",154
2014,"Junio","Desconocido",120,1629,-1509,1749,6,"2014-6",24
2014,"Junio","Desconocido",120,194,-74,314,6,"2014-6",48
2014,"Julio","Albania",9,0,9,9,7,"2014-7",110
2014,"Julio","Alemania",4628,2900,1728,7528,7,"2014-7",13
2014,"Julio","Andorra",6,2,4,8,7,"2014-7",117
2014,"Julio","Antigua y Barbuda",2,5,-3,7,7,"2014-7",120
2014,"Julio","Países Bajos",4388,542,3846,4930,7,"2014-7",17
2014,"Julio","Arabia Saudita",12,51,-39,63,7,"2014-7",68
2014,"Julio","Argelia",3,5,-2,8,7,"2014-7",117
2014,"Julio","Argentina",9520,5433,4087,14953,7,"2014-7",10
2014,"Julio","República de Armenia",4,1,3,5,7,"2014-7",136
2014,"Julio","Aruba",2,5472,-5470,5474,7,"2014-7",15
2014,"Julio","Australia",1302,443,859,1745,7,"2014-7",26
2014,"Julio","Austria",556,90,466,646,7,"2014-7",37
2014,"Julio","Azerbaiyán",2,9,-7,11,7,"2014-7",107
2014,"Julio","Bahamas",8,125,-117,133,7,"2014-7",57
2014,"Julio","Bahréin",2,3,-1,5,7,"2014-7",136
2014,"Julio","Bangladesh",1,1,0,2,7,"2014-7",159
2014,"Julio","Barbados",16,1,15,17,7,"2014-7",98
2014,"Julio","República de Belarús",4,6,-2,10,7,"2014-7",109
2014,"Julio","Bélgica",898,253,645,1151,7,"2014-7",31
2014,"Julio","Belice",28,7,21,35,7,"2014-7",78
2014,"Julio","Bermudas/Territorio Británico de Ultramar",8,8,0,16,7,"2014-7",100
2014,"Julio","Bolivia",1194,801,393,1995,7,"2014-7",25
2014,"Julio","Bosnia y Herzegovina",2,0,2,2,7,"2014-7",159
2014,"Julio","Botsuana",5,0,5,5,7,"2014-7",136
2014,"Julio","Brasil",10186,7424,2762,17610,7,"2014-7",8
2014,"Julio","Bulgaria",47,3,44,50,7,"2014-7",74
2014,"Julio","Burkina Faso",1,0,1,1,7,"2014-7",176
2014,"Julio","Burundi",1,0,1,1,7,"2014-7",176
2014,"Julio","Cabo Verde",4,2,2,6,7,"2014-7",127
2014,"Julio","Islas Caimán/Territorio Británico de Ultramar",6,15,-9,21,7,"2014-7",87
2014,"Julio","Camerún",4,6,-2,10,7,"2014-7",109
2014,"Julio","Canadá",3289,4296,-1007,7585,7,"2014-7",12
2014,"Julio","España",8995,16634,-7639,25629,7,"2014-7",6
2014,"Julio","República Democrática del Congo",7,6,1,13,7,"2014-7",103
2014,"Julio","República de Corea",695,60,635,755,7,"2014-7",36
2014,"Julio","Costa de Marfil",7,9,-2,16,7,"2014-7",100
2014,"Julio","Costa Rica",2052,1954,98,4006,7,"2014-7",20
2014,"Julio","Croacia",58,1,57,59,7,"2014-7",70
2014,"Julio","Cuba",551,2465,-1914,3016,7,"2014-7",21
2014,"Julio","República Checa",113,14,99,127,7,"2014-7",59
2014,"Julio","Chile",8950,6357,2593,15307,7,"2014-7",9
2014,"Julio","China",734,681,53,1415,7,"2014-7",28
2014,"Julio","Chipre",16,1,15,17,7,"2014-7",98
2014,"Julio","Dinamarca",293,66,227,359,7,"2014-7",45
2014,"Julio","Dominica",4,2,2,6,7,"2014-7",127
2014,"Julio","Ecuador",12109,33140,-21031,45249,7,"2014-7",3
2014,"Julio","Egipto",37,62,-25,99,7,"2014-7",61
2014,"Julio","El Salvador",1622,2426,-804,4048,7,"2014-7",19
2014,"Julio","Emiratos Árabes",6,273,-267,279,7,"2014-7",50
2014,"Julio","Eritrea",3,2,1,5,7,"2014-7",136
2014,"Julio","Eslovaquia",30,2,28,32,7,"2014-7",79
2014,"Julio","Eslovenia",50,1,49,51,7,"2014-7",73
2014,"Julio","Estados Unidos de América",40738,114987,-74249,155725,7,"2014-7",1
2014,"Julio","Estonia",11,1,10,12,7,"2014-7",104
2014,"Julio","Etiopia",7,7,0,14,7,"2014-7",101
2014,"Julio","Islas Fiji",7,1,6,8,7,"2014-7",117
2014,"Julio","Filipinas",274,12,262,286,7,"2014-7",48
2014,"Julio","Finlandia",109,23,86,132,7,"2014-7",58
2014,"Julio","Francia",5511,3200,2311,8711,7,"2014-7",11
2014,"Julio","Georgia",8,0,8,8,7,"2014-7",117
2014,"Julio","Ghana",14,3,11,17,7,"2014-7",98
2014,"Julio","Granada",11,0,11,11,7,"2014-7",107
2014,"Julio","Grecia",133,46,87,179,7,"2014-7",54
2014,"Julio","Guatemala",1122,1275,-153,2397,7,"2014-7",22
2014,"Julio","Guyana",23,5,18,28,7,"2014-7",80
2014,"Julio","Guinea",1,1,0,2,7,"2014-7",159
2014,"Julio","Guinea Ecuatorial",4,14,-10,18,7,"2014-7",92
2014,"Julio","Haití",49,47,2,96,7,"2014-7",62
2014,"Julio","Honduras",593,382,211,975,7,"2014-7",35
2014,"Julio","Hong Kong",1,81,-80,82,7,"2014-7",64
2014,"Julio","Hungría",84,3,81,87,7,"2014-7",63
2014,"Julio","India",400,48,352,448,7,"2014-7",41
2014,"Julio","Indonesia",33,16,17,49,7,"2014-7",75
2014,"Julio","Iraq",4,9,-5,13,7,"2014-7",103
2014,"Julio","Irán",15,5,10,20,7,"2014-7",88
2014,"Julio","República de Irlanda",440,40,400,480,7,"2014-7",40
2014,"Julio","Islandia",21,1,20,22,7,"2014-7",84
2014,"Julio","Israel",955,212,743,1167,7,"2014-7",30
2014,"Julio","Italia",2810,1377,1433,4187,7,"2014-7",18
2014,"Julio","Jamaica",67,263,-196,330,7,"2014-7",47
2014,"Julio","Islas Salomón",1,0,1,1,7,"2014-7",176
2014,"Julio","Japón",1045,127,918,1172,7,"2014-7",29
2014,"Julio","Jordania",4,17,-13,21,7,"2014-7",87
2014,"Julio","Kazajistán",7,4,3,11,7,"2014-7",107
2014,"Julio","Kenia",19,5,14,24,7,"2014-7",83
2014,"Julio","Kirguistán",4,0,4,4,7,"2014-7",142
2014,"Julio","Kuwait",1,4,-3,5,7,"2014-7",136
2014,"Julio","República de Kosovo",1,0,1,1,7,"2014-7",176
2014,"Julio","República Democrática Popular  Lao",2,0,2,2,7,"2014-7",159
2014,"Julio","Letonia",23,30,-7,53,7,"2014-7",72
2014,"Julio","Lituania",42,4,38,46,7,"2014-7",76
2014,"Julio","Líbano",49,88,-39,137,7,"2014-7",56
2014,"Julio","Liechtenstein",4,0,4,4,7,"2014-7",142
2014,"Julio","Luxemburgo",18,3,15,21,7,"2014-7",87
2014,"Julio","Macedonia",6,0,6,6,7,"2014-7",127
2014,"Julio","Malasia",43,23,20,66,7,"2014-7",67
2014,"Julio","Malí",1,1,0,2,7,"2014-7",159
2014,"Julio","Malta",13,11,2,24,7,"2014-7",83
2014,"Julio","Marruecos",15,4,11,19,7,"2014-7",90
2014,"Julio","Mauricio",2,0,2,2,7,"2014-7",159
2014,"Julio","Mauritania",4,2,2,6,7,"2014-7",127
2014,"Julio","México",11682,21750,-10068,33432,7,"2014-7",5
2014,"Julio","República de Moldavia",2,0,2,2,7,"2014-7",159
2014,"Julio","Mónaco",2,4,-2,6,7,"2014-7",127
2014,"Julio","Mongolia",1,0,1,1,7,"2014-7",176
2014,"Julio","Montenegro",3,2,1,5,7,"2014-7",136
2014,"Julio","Nepal",6,2,4,8,7,"2014-7",117
2014,"Julio","Nicaragua",245,168,77,413,7,"2014-7",43
2014,"Julio","Nigeria",32,10,22,42,7,"2014-7",77
2014,"Julio","Noruega",298,56,242,354,7,"2014-7",46
2014,"Julio","Nueva Zelanda",229,56,173,285,7,"2014-7",49
2014,"Julio","Pakistán",14,3,11,17,7,"2014-7",98
2014,"Julio","Panamá",3009,31304,-28295,34313,7,"2014-7",4
2014,"Julio","Paraguay",374,265,109,639,7,"2014-7",38
2014,"Julio","Perú",12800,9261,3539,22061,7,"2014-7",7
2014,"Julio","Palestina",2,2,0,4,7,"2014-7",142
2014,"Julio","Polonia",351,40,311,391,7,"2014-7",44
2014,"Julio","Portugal",1150,392,758,1542,7,"2014-7",27
2014,"Julio","Qatar",8,18,-10,26,7,"2014-7",81
2014,"Julio","Reino Unido de Gran Bretaña e Irlanda del Norte",3649,3425,224,7074,7,"2014-7",14
2014,"Julio","Federación de Rusia",335,103,232,438,7,"2014-7",42
2014,"Julio","República Dominicana",1089,4336,-3247,5425,7,"2014-7",16
2014,"Julio","Rumania",86,23,63,109,7,"2014-7",60
2014,"Julio","Rwanda",1,0,1,1,7,"2014-7",176
2014,"Julio","San Cristóbal y Nevis",5,0,5,5,7,"2014-7",136
2014,"Julio","San  Vicente y las Granadinas",3,1,2,4,7,"2014-7",142
2014,"Julio","Santa Lucia",5,0,5,5,7,"2014-7",136
2014,"Julio","Senegal",5,1,4,6,7,"2014-7",127
2014,"Julio","Serbia",18,1,17,19,7,"2014-7",90
2014,"Julio","Sierra Leona",2,0,2,2,7,"2014-7",159
2014,"Julio","Singapur",42,39,3,81,7,"2014-7",65
2014,"Julio","República Árabe Siria",6,0,6,6,7,"2014-7",127
2014,"Julio","Sri Lanka",7,0,7,7,7,"2014-7",120
2014,"Julio","Sudáfrica",168,45,123,213,7,"2014-7",53
2014,"Julio","Suecia",429,202,227,631,7,"2014-7",39
2014,"Julio","Suiza",1652,612,1040,2264,7,"2014-7",23
2014,"Julio","Surinam",62,14,48,76,7,"2014-7",66
2014,"Julio","Taiwán",144,6,138,150,7,"2014-7",55
2014,"Julio","Tailandia",16,46,-30,62,7,"2014-7",69
2014,"Julio","Tanzania",1,7,-6,8,7,"2014-7",117
2014,"Julio","Trinidad y Tobago",149,126,23,275,7,"2014-7",51
2014,"Julio","Túnez",8,0,8,8,7,"2014-7",117
2014,"Julio","Turquía",135,114,21,249,7,"2014-7",52
2014,"Julio","Ucrania",53,2,51,55,7,"2014-7",71
2014,"Julio","Uganda",3,1,2,4,7,"2014-7",142
2014,"Julio","Uruguay",968,164,804,1132,7,"2014-7",32
2014,"Julio","Uzbekistán",2,0,2,2,7,"2014-7",159
2014,"Julio","Venezuela",26105,45515,-19410,71620,7,"2014-7",2
2014,"Julio","Vietnam",12,5,7,17,7,"2014-7",98
2014,"Julio","Zambia",1,1,0,2,7,"2014-7",159
2014,"Julio","Zimbabue",3,0,3,3,7,"2014-7",145
2014,"Julio","Anguila/Territorio Británico de Ultramar",1,0,1,1,7,"2014-7",176
2014,"Julio","Islas Turcas y Caicos/Territorio Británico de Ultramar",2,0,2,2,7,"2014-7",159
2014,"Julio","Desconocido",123,1915,-1792,2038,7,"2014-7",24
2014,"Agosto","Afganistán",1,13,-12,14,8,"2014-8",106
2014,"Agosto","Albania",3,0,3,3,8,"2014-8",156
2014,"Agosto","Alemania",5163,2317,2846,7480,8,"2014-8",13
2014,"Agosto","Andorra",7,0,7,7,8,"2014-8",131
2014,"Agosto","Angola",7,18,-11,25,8,"2014-8",91
2014,"Agosto","Antigua y Barbuda",10,2,8,12,8,"2014-8",114
2014,"Agosto","Países Bajos",2481,775,1706,3256,8,"2014-8",21
2014,"Agosto","Arabia Saudita",25,88,-63,113,8,"2014-8",59
2014,"Agosto","Argelia",7,13,-6,20,8,"2014-8",95
2014,"Agosto","Argentina",10567,5901,4666,16468,8,"2014-8",10
2014,"Agosto","República de Armenia",3,0,3,3,8,"2014-8",156
2014,"Agosto","Aruba",1,6605,-6604,6606,8,"2014-8",14
2014,"Agosto","Australia",1148,358,790,1506,8,"2014-8",28
2014,"Agosto","Austria",534,82,452,616,8,"2014-8",38
2014,"Agosto","Azerbaiyán",4,16,-12,20,8,"2014-8",95
2014,"Agosto","Bahamas",11,109,-98,120,8,"2014-8",58
2014,"Agosto","Bahréin",1,12,-11,13,8,"2014-8",110
2014,"Agosto","Bangladesh",7,6,1,13,8,"2014-8",110
2014,"Agosto","Barbados",29,24,5,53,8,"2014-8",75
2014,"Agosto","República de Belarús",6,4,2,10,8,"2014-8",120
2014,"Agosto","Bélgica",647,343,304,990,8,"2014-8",33
2014,"Agosto","Belice",29,13,16,42,8,"2014-8",80
2014,"Agosto","Benín",1,1,0,2,8,"2014-8",167
2014,"Agosto","Bermudas/Territorio Británico de Ultramar",3,1,2,4,8,"2014-8",151
2014,"Agosto","Bolivia",1205,733,472,1938,8,"2014-8",23
2014,"Agosto","Bosnia y Herzegovina",2,0,2,2,8,"2014-8",167
2014,"Agosto","Brasil",12140,7599,4541,19739,8,"2014-8",8
2014,"Agosto","Brunei Darussalam",3,1,2,4,8,"2014-8",151
2014,"Agosto","Bulgaria",47,4,43,51,8,"2014-8",76
2014,"Agosto","Burkina Faso",3,0,3,3,8,"2014-8",156
2014,"Agosto","Cabo Verde",4,0,4,4,8,"2014-8",151
2014,"Agosto","Islas Caimán/Territorio Británico de Ultramar",8,8,0,16,8,"2014-8",100
2014,"Agosto","Camboya",1,0,1,1,8,"2014-8",182
2014,"Agosto","Camerún",3,5,-2,8,8,"2014-8",126
2014,"Agosto","Canadá",2898,4996,-2098,7894,8,"2014-8",12
2014,"Agosto","España",10125,15255,-5130,25380,8,"2014-8",6
2014,"Agosto","República Del Congo",1,0,1,1,8,"2014-8",182
2014,"Agosto","República Democrática del Congo",8,5,3,13,8,"2014-8",110
2014,"Agosto","República de Corea",721,96,625,817,8,"2014-8",36
2014,"Agosto","Costa de Marfil",5,9,-4,14,8,"2014-8",106
2014,"Agosto","Costa Rica",2142,2446,-304,4588,8,"2014-8",18
2014,"Agosto","Croacia",50,17,33,67,8,"2014-8",70
2014,"Agosto","Cuba",593,2776,-2183,3369,8,"2014-8",20
2014,"Agosto","Curazao",1,1674,-1673,1675,8,"2014-8",26
2014,"Agosto","República Checa",87,21,66,108,8,"2014-8",60
2014,"Agosto","Chile",9666,7465,2201,17131,8,"2014-8",9
2014,"Agosto","China",804,788,16,1592,8,"2014-8",27
2014,"Agosto","Chipre",9,5,4,14,8,"2014-8",106
2014,"Agosto","Dinamarca",189,124,65,313,8,"2014-8",48
2014,"Agosto","Dominica",5,1,4,6,8,"2014-8",138
2014,"Agosto","Ecuador",14273,25443,-11170,39716,8,"2014-8",4
2014,"Agosto","Egipto",28,28,0,56,8,"2014-8",72
2014,"Agosto","El Salvador",1850,2587,-737,4437,8,"2014-8",19
2014,"Agosto","Emiratos Árabes",9,449,-440,458,8,"2014-8",41
2014,"Agosto","Eritrea",2,2,0,4,8,"2014-8",151
2014,"Agosto","Eslovaquia",32,3,29,35,8,"2014-8",83
2014,"Agosto","Eslovenia",32,1,31,33,8,"2014-8",85
2014,"Agosto","Estados Unidos de América",34050,110616,-76566,144666,8,"2014-8",1
2014,"Agosto","Estonia",11,0,11,11,8,"2014-8",119
2014,"Agosto","Etiopia",10,8,2,18,8,"2014-8",98
2014,"Agosto","Islas Fiji",5,0,5,5,8,"2014-8",143
2014,"Agosto","Filipinas",255,11,244,266,8,"2014-8",51
2014,"Agosto","Finlandia",125,36,89,161,8,"2014-8",56
2014,"Agosto","Francia",5042,3713,1329,8755,8,"2014-8",11
2014,"Agosto","Georgia",4,4,0,8,8,"2014-8",126
2014,"Agosto","Ghana",15,3,12,18,8,"2014-8",98
2014,"Agosto","Granada",11,0,11,11,8,"2014-8",119
2014,"Agosto","Grecia",111,40,71,151,8,"2014-8",57
2014,"Agosto","Guatemala",1389,1246,143,2635,8,"2014-8",22
2014,"Agosto","Guyana",24,16,8,40,8,"2014-8",81
2014,"Agosto","Guinea",2,6,-4,8,8,"2014-8",126
2014,"Agosto","Guinea Ecuatorial",8,23,-15,31,8,"2014-8",87
2014,"Agosto","Haití",48,42,6,90,8,"2014-8",63
2014,"Agosto","Honduras",649,378,271,1027,8,"2014-8",32
2014,"Agosto","Hong Kong",1,82,-81,83,8,"2014-8",65
2014,"Agosto","Hungría",65,13,52,78,8,"2014-8",67
2014,"Agosto","India",385,72,313,457,8,"2014-8",42
2014,"Agosto","Indonesia",51,26,25,77,8,"2014-8",68
2014,"Agosto","Iraq",1,10,-9,11,8,"2014-8",119
2014,"Agosto","Irán",23,10,13,33,8,"2014-8",85
2014,"Agosto","República de Irlanda",403,22,381,425,8,"2014-8",43
2014,"Agosto","Islandia",8,3,5,11,8,"2014-8",119
2014,"Agosto","Israel",814,160,654,974,8,"2014-8",34
2014,"Agosto","Italia",3601,1105,2496,4706,8,"2014-8",17
2014,"Agosto","Jamaica",82,260,-178,342,8,"2014-8",47
2014,"Agosto","Japón",817,146,671,963,8,"2014-8",35
2014,"Agosto","Jordania",4,10,-6,14,8,"2014-8",106
2014,"Agosto","Kazajistán",10,8,2,18,8,"2014-8",98
2014,"Agosto","Kenia",34,11,23,45,8,"2014-8",78
2014,"Agosto","Kirguistán",3,3,0,6,8,"2014-8",138
2014,"Agosto","Kuwait",8,5,3,13,8,"2014-8",110
2014,"Agosto","República de Kosovo",2,0,2,2,8,"2014-8",167
2014,"Agosto","República Democrática Popular  Lao",2,0,2,2,8,"2014-8",167
2014,"Agosto","Letonia",12,0,12,12,8,"2014-8",114
2014,"Agosto","Lituania",28,4,24,32,8,"2014-8",86
2014,"Agosto","Líbano",43,59,-16,102,8,"2014-8",62
2014,"Agosto","Libia",1,0,1,1,8,"2014-8",182
2014,"Agosto","Liechtenstein",16,1,15,17,8,"2014-8",99
2014,"Agosto","Luxemburgo",70,8,62,78,8,"2014-8",67
2014,"Agosto","Macedonia",6,0,6,6,8,"2014-8",138
2014,"Agosto","Malasia",49,39,10,88,8,"2014-8",64
2014,"Agosto","Malawi",1,4,-3,5,8,"2014-8",143
2014,"Agosto","Malí",4,3,1,7,8,"2014-8",131
2014,"Agosto","Malta",8,17,-9,25,8,"2014-8",91
2014,"Agosto","Marruecos",30,18,12,48,8,"2014-8",77
2014,"Agosto","Mauricio",1,0,1,1,8,"2014-8",182
2014,"Agosto","México",10262,27031,-16769,37293,8,"2014-8",5
2014,"Agosto","República de Moldavia",5,1,4,6,8,"2014-8",138
2014,"Agosto","Mónaco",1,1,0,2,8,"2014-8",167
2014,"Agosto","Micronesia",2,0,2,2,8,"2014-8",167
2014,"Agosto","Mozambique",6,1,5,7,8,"2014-8",131
2014,"Agosto","Myanmar",3,0,3,3,8,"2014-8",156
2014,"Agosto","Namibia",2,0,2,2,8,"2014-8",167
2014,"Agosto","Nepal",4,0,4,4,8,"2014-8",151
2014,"Agosto","Nicaragua",240,160,80,400,8,"2014-8",44
2014,"Agosto","Nigeria",24,15,9,39,8,"2014-8",82
2014,"Agosto","Noruega",181,62,119,243,8,"2014-8",52
2014,"Agosto","Nueva Zelanda",225,58,167,283,8,"2014-8",50
2014,"Agosto","Papúa Nueva Guinea",4,0,4,4,8,"2014-8",151
2014,"Agosto","Pakistán",17,4,13,21,8,"2014-8",93
2014,"Agosto","Palau",2,0,2,2,8,"2014-8",167
2014,"Agosto","Panamá",4625,43986,-39361,48611,8,"2014-8",3
2014,"Agosto","Paraguay",399,234,165,633,8,"2014-8",37
2014,"Agosto","Perú",14072,11137,2935,25209,8,"2014-8",7
2014,"Agosto","Palestina",11,1,10,12,8,"2014-8",114
2014,"Agosto","Polonia",336,26,310,362,8,"2014-8",45
2014,"Agosto","Portugal",950,371,579,1321,8,"2014-8",29
2014,"Agosto","Qatar",8,34,-26,42,8,"2014-8",80
2014,"Agosto","Reino Unido de Gran Bretaña e Irlanda del Norte",3055,3031,24,6086,8,"2014-8",16
2014,"Agosto","República CentroÁfricana",5,2,3,7,8,"2014-8",131
2014,"Agosto","Federación de Rusia",327,143,184,470,8,"2014-8",40
2014,"Agosto","República Dominicana",1251,5293,-4042,6544,8,"2014-8",15
2014,"Agosto","Rumania",96,9,87,105,8,"2014-8",61
2014,"Agosto","Rwanda",3,1,2,4,8,"2014-8",151
2014,"Agosto","San Cristóbal y Nevis",5,0,5,5,8,"2014-8",143
2014,"Agosto","Samoa Occidental",5,1,4,6,8,"2014-8",138
2014,"Agosto","San  Vicente y las Granadinas",8,1,7,9,8,"2014-8",122
2014,"Agosto","Santa Lucia",14,1,13,15,8,"2014-8",101
2014,"Agosto","Senegal",9,3,6,12,8,"2014-8",114
2014,"Agosto","Serbia",18,4,14,22,8,"2014-8",92
2014,"Agosto","Singapur",44,26,18,70,8,"2014-8",69
2014,"Agosto","República Árabe Siria",4,0,4,4,8,"2014-8",151
2014,"Agosto","Sri Lanka",13,1,12,14,8,"2014-8",106
2014,"Agosto","Sudáfrica",134,36,98,170,8,"2014-8",55
2014,"Agosto","Sudán",1,2,-1,3,8,"2014-8",156
2014,"Agosto","Suecia",342,186,156,528,8,"2014-8",39
2014,"Agosto","Suiza",1039,752,287,1791,8,"2014-8",25
2014,"Agosto","Surinam",44,19,25,63,8,"2014-8",71
2014,"Agosto","Taiwán",153,19,134,172,8,"2014-8",54
2014,"Agosto","Tailandia",21,33,-12,54,8,"2014-8",73
2014,"Agosto","Togo",1,0,1,1,8,"2014-8",182
2014,"Agosto","Trinidad y Tobago",144,145,-1,289,8,"2014-8",49
2014,"Agosto","Túnez",8,3,5,11,8,"2014-8",119
2014,"Agosto","Turquía",163,195,-32,358,8,"2014-8",46
2014,"Agosto","Ucrania",49,4,45,53,8,"2014-8",75
2014,"Agosto","Uganda",6,0,6,6,8,"2014-8",138
2014,"Agosto","Uruguay",1049,183,866,1232,8,"2014-8",30
2014,"Agosto","Uzbekistán",1,0,1,1,8,"2014-8",182
2014,"Agosto","Venezuela",32619,36265,-3646,68884,8,"2014-8",2
2014,"Agosto","Vietnam",12,14,-2,26,8,"2014-8",89
2014,"Agosto","República Árabe de Yemen",1,0,1,1,8,"2014-8",182
2014,"Agosto","Zambia",5,0,5,5,8,"2014-8",143
2014,"Agosto","Zimbabue",8,0,8,8,8,"2014-8",126
2014,"Agosto","Desconocido",129,1741,-1612,1870,8,"2014-8",24
2014,"Septiembre","Albania",1,3,-2,4,9,"2014-9",133
2014,"Septiembre","Alemania",3891,3357,534,7248,9,"2014-9",11
2014,"Septiembre","Andorra",9,1,8,10,9,"2014-9",109
2014,"Septiembre","Angola",1,12,-11,13,9,"2014-9",100
2014,"Septiembre","Antigua y Barbuda",8,1,7,9,9,"2014-9",115
2014,"Septiembre","Países Bajos",2490,406,2084,2896,9,"2014-9",21
2014,"Septiembre","Arabia Saudita",12,50,-38,62,9,"2014-9",68
2014,"Septiembre","Argelia",12,5,7,17,9,"2014-9",90
2014,"Septiembre","Argentina",9607,5565,4042,15172,9,"2014-9",10
2014,"Septiembre","República de Armenia",5,0,5,5,9,"2014-9",124
2014,"Septiembre","Australia",1041,303,738,1344,9,"2014-9",26
2014,"Septiembre","Austria",371,116,255,487,9,"2014-9",40
2014,"Septiembre","Azerbaiyán",2,10,-8,12,9,"2014-9",105
2014,"Septiembre","Bahamas",9,84,-75,93,9,"2014-9",64
2014,"Septiembre","Bangladesh",12,0,12,12,9,"2014-9",105
2014,"Septiembre","Barbados",10,6,4,16,9,"2014-9",94
2014,"Septiembre","República de Belarús",6,6,0,12,9,"2014-9",105
2014,"Septiembre","Bélgica",501,171,330,672,9,"2014-9",38
2014,"Septiembre","Belice",16,8,8,24,9,"2014-9",83
2014,"Septiembre","Benín",1,0,1,1,9,"2014-9",174
2014,"Septiembre","Bermudas/Territorio Británico de Ultramar",2,3,-1,5,9,"2014-9",124
2014,"Septiembre","Bolivia",1143,774,369,1917,9,"2014-9",23
2014,"Septiembre","Botsuana",4,0,4,4,9,"2014-9",133
2014,"Septiembre","Brasil",12904,6129,6775,19033,9,"2014-9",8
2014,"Septiembre","Bulgaria",42,6,36,48,9,"2014-9",76
2014,"Septiembre","Burkina Faso",1,0,1,1,9,"2014-9",174
2014,"Septiembre","Bután",1,0,1,1,9,"2014-9",174
2014,"Septiembre","Cabo Verde",1,1,0,2,9,"2014-9",157
2014,"Septiembre","Islas Caimán/Territorio Británico de Ultramar",6,13,-7,19,9,"2014-9",88
2014,"Septiembre","Camboya",1,4,-3,5,9,"2014-9",124
2014,"Septiembre","Camerún",5,5,0,10,9,"2014-9",109
2014,"Septiembre","Canadá",2220,3346,-1126,5566,9,"2014-9",14
2014,"Septiembre","España",8760,19938,-11178,28698,9,"2014-9",6
2014,"Septiembre","República Democrática del Congo",4,3,1,7,9,"2014-9",119
2014,"Septiembre","República de Corea",677,72,605,749,9,"2014-9",35
2014,"Septiembre","Costa de Marfil",6,10,-4,16,9,"2014-9",94
2014,"Septiembre","Costa Rica",2106,2067,39,4173,9,"2014-9",17
2014,"Septiembre","Croacia",54,7,47,61,9,"2014-9",69
2014,"Septiembre","Cuba",459,3042,-2583,3501,9,"2014-9",20
2014,"Septiembre","Curazao",1,1209,-1208,1210,9,"2014-9",28
2014,"Septiembre","República Checa",102,27,75,129,9,"2014-9",60
2014,"Septiembre","Chile",10042,6692,3350,16734,9,"2014-9",9
2014,"Septiembre","China",749,718,31,1467,9,"2014-9",25
2014,"Septiembre","Chipre",8,1,7,9,9,"2014-9",115
2014,"Septiembre","Dinamarca",187,44,143,231,9,"2014-9",52
2014,"Septiembre","Dominica",2,1,1,3,9,"2014-9",142
2014,"Septiembre","Ecuador",10232,21202,-10970,31434,9,"2014-9",5
2014,"Septiembre","Egipto",33,78,-45,111,9,"2014-9",62
2014,"Septiembre","El Salvador",1528,2515,-987,4043,9,"2014-9",19
2014,"Septiembre","Emiratos Árabes",5,296,-291,301,9,"2014-9",47
2014,"Septiembre","Eslovaquia",56,2,54,58,9,"2014-9",72
2014,"Septiembre","Eslovenia",36,3,33,39,9,"2014-9",78
2014,"Septiembre","Estados Unidos de América",22926,94833,-71907,117759,9,"2014-9",1
2014,"Septiembre","Estonia",8,7,1,15,9,"2014-9",96
2014,"Septiembre","Etiopia",5,7,-2,12,9,"2014-9",105
2014,"Septiembre","Islas Fiji",1,0,1,1,9,"2014-9",174
2014,"Septiembre","Filipinas",274,6,268,280,9,"2014-9",48
2014,"Septiembre","Finlandia",109,28,81,137,9,"2014-9",59
2014,"Septiembre","Francia",2948,3083,-135,6031,9,"2014-9",13
2014,"Septiembre","Georgia",36,2,34,38,9,"2014-9",79
2014,"Septiembre","Ghana",3,1,2,4,9,"2014-9",133
2014,"Septiembre","Granada",1,0,1,1,9,"2014-9",174
2014,"Septiembre","Grecia",93,47,46,140,9,"2014-9",58
2014,"Septiembre","Guatemala",1144,1235,-91,2379,9,"2014-9",22
2014,"Septiembre","Guyana",15,7,8,22,9,"2014-9",84
2014,"Septiembre","Guinea Ecuatorial",3,17,-14,20,9,"2014-9",87
2014,"Septiembre","Guinea Bissau",2,0,2,2,9,"2014-9",157
2014,"Septiembre","Haití",35,35,0,70,9,"2014-9",67
2014,"Septiembre","Honduras",630,307,323,937,9,"2014-9",31
2014,"Septiembre","Hong Kong",2,104,-102,106,9,"2014-9",63
2014,"Septiembre","Hungría",52,7,45,59,9,"2014-9",71
2014,"Septiembre","India",383,90,293,473,9,"2014-9",41
2014,"Septiembre","Indonesia",42,14,28,56,9,"2014-9",74
2014,"Septiembre","Irán",21,5,16,26,9,"2014-9",81
2014,"Septiembre","República de Irlanda",327,33,294,360,9,"2014-9",44
2014,"Septiembre","Islandia",11,5,6,16,9,"2014-9",94
2014,"Septiembre","Israel",621,229,392,850,9,"2014-9",34
2014,"Septiembre","Italia",2457,1689,768,4146,9,"2014-9",18
2014,"Septiembre","Jamaica",37,163,-126,200,9,"2014-9",53
2014,"Septiembre","Japón",757,135,622,892,9,"2014-9",33
2014,"Septiembre","Jordania",4,5,-1,9,9,"2014-9",115
2014,"Septiembre","Kazajistán",12,5,7,17,9,"2014-9",90
2014,"Septiembre","Kenia",39,13,26,52,9,"2014-9",75
2014,"Septiembre","Kuwait",2,2,0,4,9,"2014-9",133
2014,"Septiembre","República de Kosovo",1,0,1,1,9,"2014-9",174
2014,"Septiembre","República Democrática Popular  Lao",1,0,1,1,9,"2014-9",174
2014,"Septiembre","Letonia",8,1,7,9,9,"2014-9",115
2014,"Septiembre","Lituania",36,0,36,36,9,"2014-9",80
2014,"Septiembre","Líbano",54,87,-33,141,9,"2014-9",57
2014,"Septiembre","Liechtenstein",2,0,2,2,9,"2014-9",157
2014,"Septiembre","Luxemburgo",11,14,-3,25,9,"2014-9",82
2014,"Septiembre","Macedonia",1,0,1,1,9,"2014-9",174
2014,"Septiembre","Madagascar",1,0,1,1,9,"2014-9",174
2014,"Septiembre","Malasia",50,28,22,78,9,"2014-9",65
2014,"Septiembre","Malawi",1,1,0,2,9,"2014-9",157
2014,"Septiembre","Malí",3,1,2,4,9,"2014-9",133
2014,"Septiembre","Malta",8,12,-4,20,9,"2014-9",87
2014,"Septiembre","Marruecos",17,26,-9,43,9,"2014-9",77
2014,"Septiembre","Mauricio",1,1,0,2,9,"2014-9",157
2014,"Septiembre","Mauritania",1,2,-1,3,9,"2014-9",142
2014,"Septiembre","México",9896,24779,-14883,34675,9,"2014-9",4
2014,"Septiembre","República de Moldavia",5,0,5,5,9,"2014-9",124
2014,"Septiembre","Mónaco",1,3,-2,4,9,"2014-9",133
2014,"Septiembre","Mongolia",3,1,2,4,9,"2014-9",133
2014,"Septiembre","Mozambique",2,2,0,4,9,"2014-9",133
2014,"Septiembre","Myanmar",3,0,3,3,9,"2014-9",142
2014,"Septiembre","Namibia",2,0,2,2,9,"2014-9",157
2014,"Septiembre","Nepal",2,0,2,2,9,"2014-9",157
2014,"Septiembre","Nicaragua",189,143,46,332,9,"2014-9",46
2014,"Septiembre","Nigeria",12,8,4,20,9,"2014-9",87
2014,"Septiembre","Noruega",230,26,204,256,9,"2014-9",49
2014,"Septiembre","Nueva Zelanda",181,54,127,235,9,"2014-9",51
2014,"Septiembre","Omán",3,11,-8,14,9,"2014-9",97
2014,"Septiembre","Pakistán",12,1,11,13,9,"2014-9",100
2014,"Septiembre","Panamá",4204,36630,-32426,40834,9,"2014-9",3
2014,"Septiembre","Paraguay",425,252,173,677,9,"2014-9",37
2014,"Septiembre","Perú",10526,10324,202,20850,9,"2014-9",7
2014,"Septiembre","Palestina",13,0,13,13,9,"2014-9",100
2014,"Septiembre","Polonia",290,51,239,341,9,"2014-9",45
2014,"Septiembre","Portugal",814,670,144,1484,9,"2014-9",24
2014,"Septiembre","Reino Unido de Gran Bretaña e Irlanda del Norte",2476,3609,-1133,6085,9,"2014-9",12
2014,"Septiembre","República CentroÁfricana",3,0,3,3,9,"2014-9",142
2014,"Septiembre","Federación de Rusia",372,172,200,544,9,"2014-9",39
2014,"Septiembre","República Dominicana",988,4498,-3510,5486,9,"2014-9",15
2014,"Septiembre","Rumania",130,15,115,145,9,"2014-9",56
2014,"Septiembre","San Cristóbal y Nevis",2,0,2,2,9,"2014-9",157
2014,"Septiembre","San  Vicente y las Granadinas",1,0,1,1,9,"2014-9",174
2014,"Septiembre","Santa Sede/Ciudad del Vaticano",1,2,-1,3,9,"2014-9",142
2014,"Septiembre","Senegal",4,0,4,4,9,"2014-9",133
2014,"Septiembre","Serbia",15,1,14,16,9,"2014-9",94
2014,"Septiembre","Singapur",37,19,18,56,9,"2014-9",74
2014,"Septiembre","República Árabe Siria",2,0,2,2,9,"2014-9",157
2014,"Septiembre","Sri Lanka",4,2,2,6,9,"2014-9",120
2014,"Septiembre","Sudáfrica",134,41,93,175,9,"2014-9",55
2014,"Septiembre","Suecia",344,95,249,439,9,"2014-9",42
2014,"Septiembre","Suiza",834,374,460,1208,9,"2014-9",29
2014,"Septiembre","Surinam",97,18,79,115,9,"2014-9",61
2014,"Septiembre","Suazilandia",1,1,0,2,9,"2014-9",157
2014,"Septiembre","Taiwán",165,11,154,176,9,"2014-9",54
2014,"Septiembre","Tailandia",16,43,-27,59,9,"2014-9",71
2014,"Septiembre","Tanzania",11,1,10,12,9,"2014-9",105
2014,"Septiembre","Togo",2,0,2,2,9,"2014-9",157
2014,"Septiembre","Trinidad y Tobago",92,148,-56,240,9,"2014-9",50
2014,"Septiembre","Túnez",3,5,-2,8,9,"2014-9",116
2014,"Septiembre","Turquía",116,260,-144,376,9,"2014-9",43
2014,"Septiembre","Ucrania",69,2,67,71,9,"2014-9",66
2014,"Septiembre","Uganda",8,3,5,11,9,"2014-9",107
2014,"Septiembre","Uruguay",986,188,798,1174,9,"2014-9",30
2014,"Septiembre","Uzbekistán",2,1,1,3,9,"2014-9",142
2014,"Septiembre","Venezuela",26399,34193,-7794,60592,9,"2014-9",2
2014,"Septiembre","Vietnam",8,7,1,15,9,"2014-9",96
2014,"Septiembre","Islas Vírgenes Británicas/Territorio Británico de Ultramar",1,1,0,2,9,"2014-9",157
2014,"Septiembre","Zimbabue",7,0,7,7,9,"2014-9",119
2014,"Septiembre","Desconocido",150,1165,-1015,1315,9,"2014-9",27
2014,"Octubre","Albania",2,1,1,3,10,"2014-10",155
2014,"Octubre","Alemania",3946,2337,1609,6283,10,"2014-10",13
2014,"Octubre","Andorra",12,2,10,14,10,"2014-10",99
2014,"Octubre","Angola",3,9,-6,12,10,"2014-10",103
2014,"Octubre","Antigua y Barbuda",2,4,-2,6,10,"2014-10",128
2014,"Octubre","Países Bajos",2899,467,2432,3366,10,"2014-10",21
2014,"Octubre","Arabia Saudita",7,40,-33,47,10,"2014-10",74
2014,"Octubre","Argelia",8,14,-6,22,10,"2014-10",87
2014,"Octubre","Argentina",9495,7713,1782,17208,10,"2014-10",9
2014,"Octubre","República de Armenia",3,2,1,5,10,"2014-10",137
2014,"Octubre","Australia",941,308,633,1249,10,"2014-10",30
2014,"Octubre","Austria",346,98,248,444,10,"2014-10",43
2014,"Octubre","Azerbaiyán",4,5,-1,9,10,"2014-10",113
2014,"Octubre","Bahamas",8,124,-116,132,10,"2014-10",58
2014,"Octubre","Bangladesh",5,1,4,6,10,"2014-10",128
2014,"Octubre","Barbados",5,5,0,10,10,"2014-10",107
2014,"Octubre","República de Belarús",7,0,7,7,10,"2014-10",121
2014,"Octubre","Bélgica",683,129,554,812,10,"2014-10",37
2014,"Octubre","Belice",21,10,11,31,10,"2014-10",82
2014,"Octubre","Benín",1,1,0,2,10,"2014-10",162
2014,"Octubre","Bermudas/Territorio Británico de Ultramar",3,2,1,5,10,"2014-10",137
2014,"Octubre","Bolivia",1372,767,605,2139,10,"2014-10",23
2014,"Octubre","Bosnia y Herzegovina",3,0,3,3,10,"2014-10",155
2014,"Octubre","Brasil",12286,6619,5667,18905,10,"2014-10",8
2014,"Octubre","Bulgaria",79,1,78,80,10,"2014-10",65
2014,"Octubre","Islas Caimán/Territorio Británico de Ultramar",2,15,-13,17,10,"2014-10",92
2014,"Octubre","Camboya",1,0,1,1,10,"2014-10",179
2014,"Octubre","Camerún",6,1,5,7,10,"2014-10",121
2014,"Octubre","Canadá",2582,2420,162,5002,10,"2014-10",16
2014,"Octubre","España",9240,14952,-5712,24192,10,"2014-10",6
2014,"Octubre","República Del Congo",1,2,-1,3,10,"2014-10",155
2014,"Octubre","República Democrática del Congo",3,4,-1,7,10,"2014-10",121
2014,"Octubre","República de Corea",886,90,796,976,10,"2014-10",34
2014,"Octubre","Costa Rica",2003,2309,-306,4312,10,"2014-10",17
2014,"Octubre","Croacia",42,1,41,43,10,"2014-10",75
2014,"Octubre","Cuba",553,3144,-2591,3697,10,"2014-10",19
2014,"Octubre","República Checa",122,27,95,149,10,"2014-10",56
2014,"Octubre","Chile",9252,7399,1853,16651,10,"2014-10",10
2014,"Octubre","China",798,1014,-216,1812,10,"2014-10",24
2014,"Octubre","Chipre",6,1,5,7,10,"2014-10",121
2014,"Octubre","Dinamarca",258,24,234,282,10,"2014-10",50
2014,"Octubre","República de Yibuti",1,0,1,1,10,"2014-10",179
2014,"Octubre","Dominica",7,0,7,7,10,"2014-10",121
2014,"Octubre","Ecuador",11592,24899,-13307,36491,10,"2014-10",5
2014,"Octubre","Egipto",22,82,-60,104,10,"2014-10",63
2014,"Octubre","El Salvador",1355,2343,-988,3698,10,"2014-10",18
2014,"Octubre","Emiratos Árabes",30,526,-496,556,10,"2014-10",40
2014,"Octubre","Eslovaquia",34,4,30,38,10,"2014-10",77
2014,"Octubre","Eslovenia",30,5,25,35,10,"2014-10",78
2014,"Octubre","Estados Unidos de América",24523,100038,-75515,124561,10,"2014-10",1
2014,"Octubre","Estonia",47,0,47,47,10,"2014-10",74
2014,"Octubre","Etiopia",7,13,-6,20,10,"2014-10",88
2014,"Octubre","Islas Fiji",15,0,15,15,10,"2014-10",97
2014,"Octubre","Filipinas",236,7,229,243,10,"2014-10",52
2014,"Octubre","Finlandia",150,15,135,165,10,"2014-10",55
2014,"Octubre","Francia",3618,2303,1315,5921,10,"2014-10",14
2014,"Octubre","Georgia",4,0,4,4,10,"2014-10",141
2014,"Octubre","Ghana",23,2,21,25,10,"2014-10",85
2014,"Octubre","Granada",7,0,7,7,10,"2014-10",121
2014,"Octubre","Grecia",92,31,61,123,10,"2014-10",61
2014,"Octubre","Guatemala",1364,1304,60,2668,10,"2014-10",22
2014,"Octubre","Guyana",17,6,11,23,10,"2014-10",86
2014,"Octubre","Guinea",3,3,0,6,10,"2014-10",128
2014,"Octubre","Haití",53,23,30,76,10,"2014-10",68
2014,"Octubre","Honduras",701,336,365,1037,10,"2014-10",33
2014,"Octubre","Hong Kong",1,181,-180,182,10,"2014-10",54
2014,"Octubre","Hungría",64,10,54,74,10,"2014-10",69
2014,"Octubre","India",343,159,184,502,10,"2014-10",41
2014,"Octubre","Indonesia",55,23,32,78,10,"2014-10",66
2014,"Octubre","Iraq",2,14,-12,16,10,"2014-10",94
2014,"Octubre","Irán",25,6,19,31,10,"2014-10",82
2014,"Octubre","República de Irlanda",272,22,250,294,10,"2014-10",48
2014,"Octubre","Islandia",14,1,13,15,10,"2014-10",97
2014,"Octubre","Israel",791,378,413,1169,10,"2014-10",32
2014,"Octubre","Italia",2651,1021,1630,3672,10,"2014-10",20
2014,"Octubre","Jamaica",77,240,-163,317,10,"2014-10",47
2014,"Octubre","Japón",725,184,541,909,10,"2014-10",35
2014,"Octubre","Jordania",7,11,-4,18,10,"2014-10",90
2014,"Octubre","Kazajistán",6,3,3,9,10,"2014-10",113
2014,"Octubre","Kenia",18,7,11,25,10,"2014-10",85
2014,"Octubre","Kuwait",5,9,-4,14,10,"2014-10",99
2014,"Octubre","República de Kosovo",2,0,2,2,10,"2014-10",162
2014,"Octubre","Letonia",29,0,29,29,10,"2014-10",83
2014,"Octubre","Lituania",37,5,32,42,10,"2014-10",76
2014,"Octubre","Líbano",53,23,30,76,10,"2014-10",68
2014,"Octubre","Liechtenstein",3,0,3,3,10,"2014-10",155
2014,"Octubre","Luxemburgo",9,7,2,16,10,"2014-10",94
2014,"Octubre","Madagascar",2,0,2,2,10,"2014-10",162
2014,"Octubre","Malasia",40,20,20,60,10,"2014-10",72
2014,"Octubre","Malta",10,7,3,17,10,"2014-10",92
2014,"Octubre","Marruecos",10,22,-12,32,10,"2014-10",79
2014,"Octubre","Mauricio",1,0,1,1,10,"2014-10",179
2014,"Octubre","Mauritania",2,1,1,3,10,"2014-10",155
2014,"Octubre","México",9698,28885,-19187,38583,10,"2014-10",4
2014,"Octubre","República de Moldavia",1,0,1,1,10,"2014-10",179
2014,"Octubre","Mongolia",3,0,3,3,10,"2014-10",155
2014,"Octubre","Mozambique",3,2,1,5,10,"2014-10",137
2014,"Octubre","Myanmar",3,0,3,3,10,"2014-10",155
2014,"Octubre","Namibia",8,1,7,9,10,"2014-10",113
2014,"Octubre","Nepal",4,2,2,6,10,"2014-10",128
2014,"Octubre","Nicaragua",218,163,55,381,10,"2014-10",45
2014,"Octubre","Nigeria",25,6,19,31,10,"2014-10",82
2014,"Octubre","Níger",2,0,2,2,10,"2014-10",162
2014,"Octubre","Noruega",235,38,197,273,10,"2014-10",51
2014,"Octubre","Nueva Zelanda",192,46,146,238,10,"2014-10",53
2014,"Octubre","Omán",8,4,4,12,10,"2014-10",103
2014,"Octubre","Papúa Nueva Guinea",1,0,1,1,10,"2014-10",179
2014,"Octubre","Pakistán",8,2,6,10,10,"2014-10",107
2014,"Octubre","Panamá",4420,39355,-34935,43775,10,"2014-10",3
2014,"Octubre","Paraguay",507,234,273,741,10,"2014-10",38
2014,"Octubre","Perú",12344,11253,1091,23597,10,"2014-10",7
2014,"Octubre","Palestina",3,3,0,6,10,"2014-10",128
2014,"Octubre","Polonia",398,31,367,429,10,"2014-10",44
2014,"Octubre","Portugal",882,327,555,1209,10,"2014-10",31
2014,"Octubre","Qatar",1,8,-7,9,10,"2014-10",113
2014,"Octubre","Reino Unido de Gran Bretaña e Irlanda del Norte",2817,2729,88,5546,10,"2014-10",15
2014,"Octubre","Federación de Rusia",559,86,473,645,10,"2014-10",39
2014,"Octubre","República Dominicana",1118,5639,-4521,6757,10,"2014-10",11
2014,"Octubre","República Democrática Popular de Corea",1,2,-1,3,10,"2014-10",155
2014,"Octubre","Rumania",118,6,112,124,10,"2014-10",60
2014,"Octubre","Rwanda",3,2,1,5,10,"2014-10",137
2014,"Octubre","Samoa Occidental",1,1,0,2,10,"2014-10",162
2014,"Octubre","San  Vicente y las Granadinas",3,2,1,5,10,"2014-10",137
2014,"Octubre","Santa Lucia",10,1,9,11,10,"2014-10",104
2014,"Octubre","Santa Sede/Ciudad del Vaticano",3,0,3,3,10,"2014-10",155
2014,"Octubre","Senegal",5,1,4,6,10,"2014-10",128
2014,"Octubre","Serbia",15,3,12,18,10,"2014-10",90
2014,"Octubre","Singapur",35,27,8,62,10,"2014-10",71
2014,"Octubre","República Árabe Siria",7,0,7,7,10,"2014-10",121
2014,"Octubre","Sri Lanka",9,4,5,13,10,"2014-10",100
2014,"Octubre","Sudáfrica",96,31,65,127,10,"2014-10",59
2014,"Octubre","Sudán",1,4,-3,5,10,"2014-10",137
2014,"Octubre","Suecia",391,83,308,474,10,"2014-10",42
2014,"Octubre","Suiza",1095,378,717,1473,10,"2014-10",25
2014,"Octubre","Surinam",44,27,17,71,10,"2014-10",70
2014,"Octubre","Taiwán",132,11,121,143,10,"2014-10",57
2014,"Octubre","Tailandia",29,78,-49,107,10,"2014-10",62
2014,"Octubre","Tanzania",2,2,0,4,10,"2014-10",141
2014,"Octubre","Togo",2,1,1,3,10,"2014-10",155
2014,"Octubre","Trinidad y Tobago",168,117,51,285,10,"2014-10",49
2014,"Octubre","Túnez",4,1,3,5,10,"2014-10",137
2014,"Octubre","Turquía",155,218,-63,373,10,"2014-10",46
2014,"Octubre","Ucrania",83,7,76,90,10,"2014-10",64
2014,"Octubre","Uganda",5,1,4,6,10,"2014-10",128
2014,"Octubre","Uruguay",1045,240,805,1285,10,"2014-10",28
2014,"Octubre","Venezuela",25700,43834,-18134,69534,10,"2014-10",2
2014,"Octubre","Vietnam",1,8,-7,9,10,"2014-10",113
2014,"Octubre","Zambia",3,1,2,4,10,"2014-10",141
2014,"Octubre","Zimbabue",5,0,5,5,10,"2014-10",137
2014,"Octubre","Desconocido",177,648,-471,825,10,"2014-10",36
2014,"Noviembre","Albania",8,1,7,9,11,"2014-11",113
2014,"Noviembre","Alemania",4563,1644,2919,6207,11,"2014-11",13
2014,"Noviembre","Andorra",11,0,11,11,11,"2014-11",104
2014,"Noviembre","Antigua y Barbuda",7,5,2,12,11,"2014-11",102
2014,"Noviembre","Países Bajos",2737,454,2283,3191,11,"2014-11",21
2014,"Noviembre","Arabia Saudita",7,37,-30,44,11,"2014-11",79
2014,"Noviembre","Argelia",6,9,-3,15,11,"2014-11",93
2014,"Noviembre","Argentina",10541,7396,3145,17937,11,"2014-11",9
2014,"Noviembre","República de Armenia",2,0,2,2,11,"2014-11",164
2014,"Noviembre","Australia",1201,390,811,1591,11,"2014-11",24
2014,"Noviembre","Austria",554,59,495,613,11,"2014-11",40
2014,"Noviembre","Azerbaiyán",2,3,-1,5,11,"2014-11",130
2014,"Noviembre","Bahamas",17,148,-131,165,11,"2014-11",57
2014,"Noviembre","Bangladesh",8,2,6,10,11,"2014-11",108
2014,"Noviembre","Barbados",15,5,10,20,11,"2014-11",89
2014,"Noviembre","República de Belarús",4,12,-8,16,11,"2014-11",91
2014,"Noviembre","Bélgica",594,125,469,719,11,"2014-11",38
2014,"Noviembre","Belice",18,9,9,27,11,"2014-11",84
2014,"Noviembre","Benín",2,2,0,4,11,"2014-11",137
2014,"Noviembre","Bolivia",1443,808,635,2251,11,"2014-11",23
2014,"Noviembre","Bosnia y Herzegovina",7,0,7,7,11,"2014-11",122
2014,"Noviembre","Botsuana",1,0,1,1,11,"2014-11",182
2014,"Noviembre","Brasil",12758,7049,5709,19807,11,"2014-11",8
2014,"Noviembre","Bulgaria",49,2,47,51,11,"2014-11",73
2014,"Noviembre","Burundi",1,0,1,1,11,"2014-11",182
2014,"Noviembre","Islas Caimán/Territorio Británico de Ultramar",2,7,-5,9,11,"2014-11",113
2014,"Noviembre","Camboya",2,1,1,3,11,"2014-11",147
2014,"Noviembre","Camerún",7,3,4,10,11,"2014-11",108
2014,"Noviembre","Canadá",3093,1813,1280,4906,11,"2014-11",15
2014,"Noviembre","España",10486,11315,-829,21801,11,"2014-11",6
2014,"Noviembre","República Del Congo",1,7,-6,8,11,"2014-11",118
2014,"Noviembre","República Democrática del Congo",7,3,4,10,11,"2014-11",108
2014,"Noviembre","República de Corea",731,81,650,812,11,"2014-11",36
2014,"Noviembre","Costa de Marfil",4,5,-1,9,11,"2014-11",113
2014,"Noviembre","Costa Rica",2229,2340,-111,4569,11,"2014-11",17
2014,"Noviembre","Croacia",87,5,82,92,11,"2014-11",61
2014,"Noviembre","Cuba",629,2739,-2110,3368,11,"2014-11",20
2014,"Noviembre","Curazao",1,1232,-1231,1233,11,"2014-11",28
2014,"Noviembre","República Checa",171,8,163,179,11,"2014-11",56
2014,"Noviembre","Chile",8770,7454,1316,16224,11,"2014-11",10
2014,"Noviembre","China",1040,503,537,1543,11,"2014-11",25
2014,"Noviembre","Chipre",8,0,8,8,11,"2014-11",118
2014,"Noviembre","Dinamarca",264,28,236,292,11,"2014-11",49
2014,"Noviembre","Dominica",5,0,5,5,11,"2014-11",130
2014,"Noviembre","Ecuador",10742,22556,-11814,33298,11,"2014-11",5
2014,"Noviembre","Egipto",24,36,-12,60,11,"2014-11",68
2014,"Noviembre","El Salvador",1402,1983,-581,3385,11,"2014-11",19
2014,"Noviembre","Emiratos Árabes",5,355,-350,360,11,"2014-11",45
2014,"Noviembre","Eritrea",1,1,0,2,11,"2014-11",164
2014,"Noviembre","Eslovaquia",59,0,59,59,11,"2014-11",69
2014,"Noviembre","Eslovenia",43,2,41,45,11,"2014-11",78
2014,"Noviembre","Estados Unidos de América",28181,101491,-73310,129672,11,"2014-11",1
2014,"Noviembre","Estonia",14,3,11,17,11,"2014-11",90
2014,"Noviembre","Etiopia",2,11,-9,13,11,"2014-11",99
2014,"Noviembre","Filipinas",248,4,244,252,11,"2014-11",50
2014,"Noviembre","Finlandia",190,8,182,198,11,"2014-11",54
2014,"Noviembre","Francia",3966,1444,2522,5410,11,"2014-11",14
2014,"Noviembre","Gabón",1,5,-4,6,11,"2014-11",124
2014,"Noviembre","Georgia",12,0,12,12,11,"2014-11",102
2014,"Noviembre","Ghana",7,2,5,9,11,"2014-11",113
2014,"Noviembre","Gibraltar/Territorio Británico de Ultramar",1,0,1,1,11,"2014-11",182
2014,"Noviembre","Granada",4,1,3,5,11,"2014-11",130
2014,"Noviembre","Grecia",79,9,70,88,11,"2014-11",62
2014,"Noviembre","Guatemala",1294,1410,-116,2704,11,"2014-11",22
2014,"Noviembre","Guyana",20,25,-5,45,11,"2014-11",78
2014,"Noviembre","Haití",29,56,-27,85,11,"2014-11",63
2014,"Noviembre","Honduras",639,356,283,995,11,"2014-11",33
2014,"Noviembre","Hong Kong",1,49,-48,50,11,"2014-11",75
2014,"Noviembre","Hungría",110,6,104,116,11,"2014-11",60
2014,"Noviembre","India",400,96,304,496,11,"2014-11",42
2014,"Noviembre","Indonesia",64,15,49,79,11,"2014-11",64
2014,"Noviembre","Iraq",1,12,-11,13,11,"2014-11",99
2014,"Noviembre","Irán",30,6,24,36,11,"2014-11",80
2014,"Noviembre","República de Irlanda",286,30,256,316,11,"2014-11",47
2014,"Noviembre","Islandia",23,2,21,25,11,"2014-11",85
2014,"Noviembre","Israel",727,280,447,1007,11,"2014-11",32
2014,"Noviembre","Italia",3051,771,2280,3822,11,"2014-11",18
2014,"Noviembre","Jamaica",58,161,-103,219,11,"2014-11",53
2014,"Noviembre","Japón",749,128,621,877,11,"2014-11",35
2014,"Noviembre","Jordania",6,16,-10,22,11,"2014-11",88
2014,"Noviembre","Kazajistán",10,3,7,13,11,"2014-11",99
2014,"Noviembre","Kenia",26,7,19,33,11,"2014-11",82
2014,"Noviembre","Kirguistán",3,0,3,3,11,"2014-11",147
2014,"Noviembre","Kuwait",6,2,4,8,11,"2014-11",118
2014,"Noviembre","República de Kosovo",4,0,4,4,11,"2014-11",137
2014,"Noviembre","Letonia",52,0,52,52,11,"2014-11",72
2014,"Noviembre","Lituania",45,1,44,46,11,"2014-11",76
2014,"Noviembre","Líbano",49,12,37,61,11,"2014-11",67
2014,"Noviembre","Libia",2,0,2,2,11,"2014-11",164
2014,"Noviembre","Liechtenstein",7,0,7,7,11,"2014-11",122
2014,"Noviembre","Luxemburgo",15,7,8,22,11,"2014-11",88
2014,"Noviembre","Macedonia",4,0,4,4,11,"2014-11",137
2014,"Noviembre","Madagascar",2,0,2,2,11,"2014-11",164
2014,"Noviembre","Malasia",51,12,39,63,11,"2014-11",66
2014,"Noviembre","Malí",2,2,0,4,11,"2014-11",137
2014,"Noviembre","Malta",5,5,0,10,11,"2014-11",108
2014,"Noviembre","Marruecos",12,17,-5,29,11,"2014-11",83
2014,"Noviembre","Islas Marshall",1,0,1,1,11,"2014-11",182
2014,"Noviembre","Mauricio",2,1,1,3,11,"2014-11",147
2014,"Noviembre","Mauritania",1,0,1,1,11,"2014-11",182
2014,"Noviembre","México",9628,26185,-16557,35813,11,"2014-11",4
2014,"Noviembre","República de Moldavia",1,0,1,1,11,"2014-11",182
2014,"Noviembre","Mongolia",2,0,2,2,11,"2014-11",164
2014,"Noviembre","Montenegro",3,0,3,3,11,"2014-11",147
2014,"Noviembre","Micronesia",1,0,1,1,11,"2014-11",182
2014,"Noviembre","Mozambique",1,0,1,1,11,"2014-11",182
2014,"Noviembre","Myanmar",8,1,7,9,11,"2014-11",113
2014,"Noviembre","Namibia",1,0,1,1,11,"2014-11",182
2014,"Noviembre","Nepal",5,0,5,5,11,"2014-11",130
2014,"Noviembre","Nicaragua",205,186,19,391,11,"2014-11",44
2014,"Noviembre","Nigeria",10,12,-2,22,11,"2014-11",88
2014,"Noviembre","Noruega",275,28,247,303,11,"2014-11",48
2014,"Noviembre","Nueva Zelanda",201,45,156,246,11,"2014-11",51
2014,"Noviembre","Omán",4,7,-3,11,11,"2014-11",104
2014,"Noviembre","Papúa Nueva Guinea",1,1,0,2,11,"2014-11",164
2014,"Noviembre","Pakistán",11,2,9,13,11,"2014-11",99
2014,"Noviembre","Panamá",4521,37069,-32548,41590,11,"2014-11",3
2014,"Noviembre","Paraguay",525,263,262,788,11,"2014-11",37
2014,"Noviembre","Perú",10263,11368,-1105,21631,11,"2014-11",7
2014,"Noviembre","Palestina",4,0,4,4,11,"2014-11",137
2014,"Noviembre","Polonia",401,20,381,421,11,"2014-11",43
2014,"Noviembre","Portugal",886,273,613,1159,11,"2014-11",30
2014,"Noviembre","Puerto Rico/Territorio de Estados Unidos",1,1081,-1080,1082,11,"2014-11",31
2014,"Noviembre","Reino Unido de Gran Bretaña e Irlanda del Norte",2952,1716,1236,4668,11,"2014-11",16
2014,"Noviembre","República CentroÁfricana",1,2,-1,3,11,"2014-11",147
2014,"Noviembre","Federación de Rusia",544,59,485,603,11,"2014-11",41
2014,"Noviembre","República Dominicana",1251,5181,-3930,6432,11,"2014-11",12
2014,"Noviembre","Rumania",139,4,135,143,11,"2014-11",59
2014,"Noviembre","Rwanda",1,1,0,2,11,"2014-11",164
2014,"Noviembre","San Cristóbal y Nevis",8,0,8,8,11,"2014-11",118
2014,"Noviembre","Samoa Occidental",2,0,2,2,11,"2014-11",164
2014,"Noviembre","San  Vicente y las Granadinas",7,0,7,7,11,"2014-11",122
2014,"Noviembre","Santa Lucia",14,1,13,15,11,"2014-11",93
2014,"Noviembre","Senegal",1,3,-2,4,11,"2014-11",137
2014,"Noviembre","Serbia",13,0,13,13,11,"2014-11",99
2014,"Noviembre","Singapur",33,19,14,52,11,"2014-11",72
2014,"Noviembre","República Árabe Siria",3,0,3,3,11,"2014-11",147
2014,"Noviembre","Sri Lanka",5,2,3,7,11,"2014-11",122
2014,"Noviembre","Sudáfrica",126,63,63,189,11,"2014-11",55
2014,"Noviembre","Sudán",3,0,3,3,11,"2014-11",147
2014,"Noviembre","Suecia",550,98,452,648,11,"2014-11",39
2014,"Noviembre","Suiza",1148,346,802,1494,11,"2014-11",26
2014,"Noviembre","Surinam",44,21,23,65,11,"2014-11",65
2014,"Noviembre","Taiwán",132,16,116,148,11,"2014-11",58
2014,"Noviembre","Tailandia",15,35,-20,50,11,"2014-11",75
2014,"Noviembre","Tanzania",3,2,1,5,11,"2014-11",130
2014,"Noviembre","Togo",4,0,4,4,11,"2014-11",137
2014,"Noviembre","Trinidad y Tobago",107,138,-31,245,11,"2014-11",52
2014,"Noviembre","Túnez",2,1,1,3,11,"2014-11",147
2014,"Noviembre","Turquía",209,114,95,323,11,"2014-11",46
2014,"Noviembre","Ucrania",56,1,55,57,11,"2014-11",70
2014,"Noviembre","Uganda",3,0,3,3,11,"2014-11",147
2014,"Noviembre","Uruguay",900,350,550,1250,11,"2014-11",27
2014,"Noviembre","Uzbekistán",1,0,1,1,11,"2014-11",182
2014,"Noviembre","Venezuela",26331,39391,-13060,65722,11,"2014-11",2
2014,"Noviembre","Vietnam",26,8,18,34,11,"2014-11",81
2014,"Noviembre","República Árabe de Yemen",2,0,2,2,11,"2014-11",164
2014,"Noviembre","Zambia",1,1,0,2,11,"2014-11",164
2014,"Noviembre","Zimbabue",8,0,8,8,11,"2014-11",118
2014,"Noviembre","Anguila/Territorio Británico de Ultramar",1,0,1,1,11,"2014-11",182
2014,"Noviembre","Islas Turcas y Caicos/Territorio Británico de Ultramar",1,1,0,2,11,"2014-11",164
2014,"Noviembre","Desconocido",208,677,-469,885,11,"2014-11",34
2014,"Diciembre","Afganistán",1,3,-2,4,12,"2014-12",142
2014,"Diciembre","Albania",7,1,6,8,12,"2014-12",118
2014,"Diciembre","Alemania",5198,1833,3365,7031,12,"2014-12",14
2014,"Diciembre","Andorra",11,1,10,12,12,"2014-12",108
2014,"Diciembre","Angola",2,7,-5,9,12,"2014-12",116
2014,"Diciembre","Antigua y Barbuda",8,4,4,12,12,"2014-12",108
2014,"Diciembre","Países Bajos",3479,539,2940,4018,12,"2014-12",20
2014,"Diciembre","Arabia Saudita",24,40,-16,64,12,"2014-12",72
2014,"Diciembre","Argelia",4,8,-4,12,12,"2014-12",108
2014,"Diciembre","Argentina",9776,9641,135,19417,12,"2014-12",9
2014,"Diciembre","República de Armenia",2,1,1,3,12,"2014-12",148
2014,"Diciembre","Australia",1728,562,1166,2290,12,"2014-12",23
2014,"Diciembre","Austria",491,60,431,551,12,"2014-12",40
2014,"Diciembre","Azerbaiyán",6,12,-6,18,12,"2014-12",95
2014,"Diciembre","Bahamas",8,103,-95,111,12,"2014-12",60
2014,"Diciembre","Bahréin",6,5,1,11,12,"2014-12",110
2014,"Diciembre","Bangladesh",6,0,6,6,12,"2014-12",124
2014,"Diciembre","Barbados",10,10,0,20,12,"2014-12",93
2014,"Diciembre","República de Belarús",17,24,-7,41,12,"2014-12",83
2014,"Diciembre","Bélgica",725,182,543,907,12,"2014-12",35
2014,"Diciembre","Belice",16,20,-4,36,12,"2014-12",85
2014,"Diciembre","Benín",2,1,1,3,12,"2014-12",148
2014,"Diciembre","Bermudas/Territorio Británico de Ultramar",3,3,0,6,12,"2014-12",124
2014,"Diciembre","Bolivia",1419,777,642,2196,12,"2014-12",24
2014,"Diciembre","Bosnia y Herzegovina",2,0,2,2,12,"2014-12",158
2014,"Diciembre","Brasil",12207,7510,4697,19717,12,"2014-12",8
2014,"Diciembre","Bulgaria",32,7,25,39,12,"2014-12",84
2014,"Diciembre","Bután",1,0,1,1,12,"2014-12",177
2014,"Diciembre","Islas Caimán/Territorio Británico de Ultramar",11,63,-52,74,12,"2014-12",71
2014,"Diciembre","Camerún",1,2,-1,3,12,"2014-12",148
2014,"Diciembre","Canadá",5935,2699,3236,8634,12,"2014-12",11
2014,"Diciembre","España",9473,16495,-7022,25968,12,"2014-12",6
2014,"Diciembre","República Del Congo",1,7,-6,8,12,"2014-12",118
2014,"Diciembre","República Democrática del Congo",3,2,1,5,12,"2014-12",128
2014,"Diciembre","República de Corea",693,33,660,726,12,"2014-12",37
2014,"Diciembre","Costa de Marfil",4,7,-3,11,12,"2014-12",110
2014,"Diciembre","Costa Rica",3392,2396,996,5788,12,"2014-12",17
2014,"Diciembre","Croacia",76,4,72,80,12,"2014-12",68
2014,"Diciembre","Cuba",725,3893,-3168,4618,12,"2014-12",18
2014,"Diciembre","Curazao",1,1734,-1733,1735,12,"2014-12",27
2014,"Diciembre","República Checa",98,11,87,109,12,"2014-12",61
2014,"Diciembre","Chile",7513,10409,-2896,17922,12,"2014-12",10
2014,"Diciembre","China",708,264,444,972,12,"2014-12",32
2014,"Diciembre","Chipre",12,1,11,13,12,"2014-12",103
2014,"Diciembre","Dinamarca",391,50,341,441,12,"2014-12",45
2014,"Diciembre","Dominica",4,1,3,5,12,"2014-12",128
2014,"Diciembre","Ecuador",13433,38198,-24765,51631,12,"2014-12",3
2014,"Diciembre","Egipto",22,193,-171,215,12,"2014-12",55
2014,"Diciembre","El Salvador",1260,2665,-1405,3925,12,"2014-12",21
2014,"Diciembre","Emiratos Árabes",21,471,-450,492,12,"2014-12",42
2014,"Diciembre","Eslovaquia",41,7,34,48,12,"2014-12",79
2014,"Diciembre","Eslovenia",41,2,39,43,12,"2014-12",82
2014,"Diciembre","Estados Unidos de América",45932,131908,-85976,177840,12,"2014-12",1
2014,"Diciembre","Estonia",47,0,47,47,12,"2014-12",80
2014,"Diciembre","Etiopia",4,6,-2,10,12,"2014-12",113
2014,"Diciembre","Islas Fiji",2,0,2,2,12,"2014-12",158
2014,"Diciembre","Filipinas",236,6,230,242,12,"2014-12",53
2014,"Diciembre","Finlandia",220,23,197,243,12,"2014-12",52
2014,"Diciembre","Francia",4785,2507,2278,7292,12,"2014-12",13
2014,"Diciembre","Georgia",4,2,2,6,12,"2014-12",124
2014,"Diciembre","Ghana",9,6,3,15,12,"2014-12",99
2014,"Diciembre","Granada",5,0,5,5,12,"2014-12",128
2014,"Diciembre","Grecia",117,12,105,129,12,"2014-12",58
2014,"Diciembre","Guatemala",1163,1392,-229,2555,12,"2014-12",22
2014,"Diciembre","Guyana",17,3,14,20,12,"2014-12",93
2014,"Diciembre","Guinea",1,1,0,2,12,"2014-12",158
2014,"Diciembre","Guinea Ecuatorial",2,4,-2,6,12,"2014-12",124
2014,"Diciembre","Haití",29,19,10,48,12,"2014-12",79
2014,"Diciembre","Honduras",544,368,176,912,12,"2014-12",34
2014,"Diciembre","Hong Kong",1,76,-75,77,12,"2014-12",70
2014,"Diciembre","Hungría",79,5,74,84,12,"2014-12",66
2014,"Diciembre","India",343,105,238,448,12,"2014-12",44
2014,"Diciembre","Indonesia",58,34,24,92,12,"2014-12",65
2014,"Diciembre","Iraq",2,10,-8,12,12,"2014-12",108
2014,"Diciembre","Irán",29,22,7,51,12,"2014-12",76
2014,"Diciembre","República de Irlanda",361,25,336,386,12,"2014-12",47
2014,"Diciembre","Islandia",44,2,42,46,12,"2014-12",81
2014,"Diciembre","Israel",635,362,273,997,12,"2014-12",31
2014,"Diciembre","Italia",3339,974,2365,4313,12,"2014-12",19
2014,"Diciembre","Jamaica",112,173,-61,285,12,"2014-12",51
2014,"Diciembre","Japón",726,94,632,820,12,"2014-12",36
2014,"Diciembre","Jordania",3,11,-8,14,12,"2014-12",101
2014,"Diciembre","Kazajistán",13,2,11,15,12,"2014-12",99
2014,"Diciembre","Kenia",10,7,3,17,12,"2014-12",96
2014,"Diciembre","Kirguistán",5,0,5,5,12,"2014-12",128
2014,"Diciembre","Kuwait",4,0,4,4,12,"2014-12",142
2014,"Diciembre","República de Kosovo",1,0,1,1,12,"2014-12",177
2014,"Diciembre","Letonia",15,0,15,15,12,"2014-12",99
2014,"Diciembre","Lituania",51,0,51,51,12,"2014-12",76
2014,"Diciembre","Líbano",69,30,39,99,12,"2014-12",62
2014,"Diciembre","Liechtenstein",9,0,9,9,12,"2014-12",116
2014,"Diciembre","Luxemburgo",15,7,8,22,12,"2014-12",90
2014,"Diciembre","Macedonia",2,0,2,2,12,"2014-12",158
2014,"Diciembre","Madagascar",1,0,1,1,12,"2014-12",177
2014,"Diciembre","Malasia",63,16,47,79,12,"2014-12",69
2014,"Diciembre","Malta",9,12,-3,21,12,"2014-12",91
2014,"Diciembre","Marruecos",25,26,-1,51,12,"2014-12",76
2014,"Diciembre","Mauricio",4,0,4,4,12,"2014-12",142
2014,"Diciembre","México",10114,31863,-21749,41977,12,"2014-12",5
2014,"Diciembre","República de Moldavia",3,0,3,3,12,"2014-12",148
2014,"Diciembre","Mónaco",3,1,2,4,12,"2014-12",142
2014,"Diciembre","Mongolia",1,0,1,1,12,"2014-12",177
2014,"Diciembre","Montenegro",4,0,4,4,12,"2014-12",142
2014,"Diciembre","Myanmar",10,0,10,10,12,"2014-12",113
2014,"Diciembre","Namibia",1,0,1,1,12,"2014-12",177
2014,"Diciembre","Nepal",11,1,10,12,12,"2014-12",108
2014,"Diciembre","Nicaragua",179,163,16,342,12,"2014-12",48
2014,"Diciembre","Nigeria",12,7,5,19,12,"2014-12",94
2014,"Diciembre","Noruega",438,44,394,482,12,"2014-12",43
2014,"Diciembre","Nueva Zelanda",226,60,166,286,12,"2014-12",50
2014,"Diciembre","Pakistán",19,5,14,24,12,"2014-12",88
2014,"Diciembre","Panamá",4732,41929,-37197,46661,12,"2014-12",4
2014,"Diciembre","Paraguay",389,258,131,647,12,"2014-12",38
2014,"Diciembre","Perú",9114,14175,-5061,23289,12,"2014-12",7
2014,"Diciembre","Palestina",2,0,2,2,12,"2014-12",158
2014,"Diciembre","Polonia",392,33,359,425,12,"2014-12",46
2014,"Diciembre","Portugal",764,319,445,1083,12,"2014-12",30
2014,"Diciembre","Puerto Rico/Territorio de Estados Unidos",1,1800,-1799,1801,12,"2014-12",26
2014,"Diciembre","Qatar",18,15,3,33,12,"2014-12",86
2014,"Diciembre","Reino Unido de Gran Bretaña e Irlanda del Norte",3663,2503,1160,6166,12,"2014-12",16
2014,"Diciembre","República CentroÁfricana",1,3,-2,4,12,"2014-12",142
2014,"Diciembre","Federación de Rusia",445,59,386,504,12,"2014-12",41
2014,"Diciembre","República Dominicana",978,6506,-5528,7484,12,"2014-12",12
2014,"Diciembre","Rumania",126,5,121,131,12,"2014-12",57
2014,"Diciembre","San Cristóbal y Nevis",4,0,4,4,12,"2014-12",142
2014,"Diciembre","Samoa Occidental",1,0,1,1,12,"2014-12",177
2014,"Diciembre","San Marino",1,1,0,2,12,"2014-12",158
2014,"Diciembre","San  Vicente y las Granadinas",7,0,7,7,12,"2014-12",119
2014,"Diciembre","Santa Lucia",11,2,9,13,12,"2014-12",103
2014,"Diciembre","Senegal",2,2,0,4,12,"2014-12",142
2014,"Diciembre","Serbia",28,1,27,29,12,"2014-12",87
2014,"Diciembre","Sierra Leona",1,0,1,1,12,"2014-12",177
2014,"Diciembre","Singapur",40,55,-15,95,12,"2014-12",63
2014,"Diciembre","República Árabe Siria",2,0,2,2,12,"2014-12",158
2014,"Diciembre","Sri Lanka",2,0,2,2,12,"2014-12",158
2014,"Diciembre","Sudáfrica",109,47,62,156,12,"2014-12",56
2014,"Diciembre","Sudán",2,1,1,3,12,"2014-12",148
2014,"Diciembre","Suecia",1029,126,903,1155,12,"2014-12",29
2014,"Diciembre","Suiza",1610,460,1150,2070,12,"2014-12",25
2014,"Diciembre","Surinam",27,31,-4,58,12,"2014-12",73
2014,"Diciembre","Taiwán",117,6,111,123,12,"2014-12",59
2014,"Diciembre","Tailandia",13,80,-67,93,12,"2014-12",64
2014,"Diciembre","Tanzania",3,1,2,4,12,"2014-12",142
2014,"Diciembre","Togo",1,0,1,1,12,"2014-12",177
2014,"Diciembre","Trinidad y Tobago",113,111,2,224,12,"2014-12",54
2014,"Diciembre","Túnez",8,2,6,10,12,"2014-12",113
2014,"Diciembre","Turquía",176,148,28,324,12,"2014-12",49
2014,"Diciembre","Ucrania",47,2,45,49,12,"2014-12",77
2014,"Diciembre","Uganda",3,1,2,4,12,"2014-12",142
2014,"Diciembre","Uruguay",626,317,309,943,12,"2014-12",33
2014,"Diciembre","Uzbekistán",4,0,4,4,12,"2014-12",142
2014,"Diciembre","Vanuatu",1,0,1,1,12,"2014-12",177
2014,"Diciembre","Venezuela",39504,50623,-11119,90127,12,"2014-12",2
2014,"Diciembre","Vietnam",4,5,-1,9,12,"2014-12",116
2014,"Diciembre","Islas Vírgenes Británicas/Territorio Británico de Ultramar",1,5,-4,6,12,"2014-12",124
2014,"Diciembre","República Árabe de Yemen",1,2,-1,3,12,"2014-12",148
2014,"Diciembre","Zambia",4,0,4,4,12,"2014-12",142
2014,"Diciembre","Zimbabue",4,0,4,4,12,"2014-12",142
2014,"Diciembre","Desconocido",117,465,-348,582,12,"2014-12",39
2015,"Enero","Afganistán",1,13,-12,14,1,"2015-1",106
2015,"Enero","Albania",3,3,0,6,1,"2015-1",125
2015,"Enero","Alemania",4718,2489,2229,7207,1,"2015-1",14
2015,"Enero","Andorra",14,10,4,24,1,"2015-1",92
2015,"Enero","Angola",1,38,-37,39,1,"2015-1",83
2015,"Enero","Antigua y Barbuda",8,9,-1,17,1,"2015-1",104
2015,"Enero","Países Bajos",2654,993,1661,3647,1,"2015-1",21
2015,"Enero","Arabia Saudita",5,99,-94,104,1,"2015-1",66
2015,"Enero","Argelia",8,14,-6,22,1,"2015-1",98
2015,"Enero","Argentina",15066,8509,6557,23575,1,"2015-1",7
2015,"Enero","República de Armenia",1,0,1,1,1,"2015-1",183
2015,"Enero","Australia",1284,1124,160,2408,1,"2015-1",24
2015,"Enero","Austria",496,80,416,576,1,"2015-1",42
2015,"Enero","Azerbaiyán",6,10,-4,16,1,"2015-1",105
2015,"Enero","Bahamas",13,145,-132,158,1,"2015-1",58
2015,"Enero","Bangladesh",9,2,7,11,1,"2015-1",111
2015,"Enero","Barbados",13,4,9,17,1,"2015-1",104
2015,"Enero","República de Belarús",27,16,11,43,1,"2015-1",79
2015,"Enero","Bélgica",660,315,345,975,1,"2015-1",34
2015,"Enero","Belice",6,34,-28,40,1,"2015-1",82
2015,"Enero","Bermudas/Territorio Británico de Ultramar",3,3,0,6,1,"2015-1",125
2015,"Enero","Bolivia",1548,1087,461,2635,1,"2015-1",23
2015,"Enero","Bosnia y Herzegovina",4,0,4,4,1,"2015-1",139
2015,"Enero","Brasil",13187,7432,5755,20619,1,"2015-1",9
2015,"Enero","Brunei Darussalam",1,0,1,1,1,"2015-1",183
2015,"Enero","Bulgaria",45,3,42,48,1,"2015-1",77
2015,"Enero","Burkina Faso",1,1,0,2,1,"2015-1",163
2015,"Enero","Bután",1,0,1,1,1,"2015-1",183
2015,"Enero","Islas Caimán/Territorio Británico de Ultramar",5,50,-45,55,1,"2015-1",74
2015,"Enero","Camerún",2,5,-3,7,1,"2015-1",118
2015,"Enero","Canadá",5493,8108,-2615,13601,1,"2015-1",11
2015,"Enero","España",9369,20705,-11336,30074,1,"2015-1",6
2015,"Enero","República Democrática del Congo",4,1,3,5,1,"2015-1",132
2015,"Enero","República de Corea",945,26,919,971,1,"2015-1",35
2015,"Enero","Costa Rica",2726,3530,-804,6256,1,"2015-1",16
2015,"Enero","Croacia",77,1,76,78,1,"2015-1",69
2015,"Enero","Cuba",619,3456,-2837,4075,1,"2015-1",19
2015,"Enero","Curazao",2,1884,-1882,1886,1,"2015-1",26
2015,"Enero","República Checa",193,14,179,207,1,"2015-1",54
2015,"Enero","Chile",9115,11324,-2209,20439,1,"2015-1",10
2015,"Enero","China",750,523,227,1273,1,"2015-1",29
2015,"Enero","Chipre",7,2,5,9,1,"2015-1",114
2015,"Enero","Dinamarca",343,77,266,420,1,"2015-1",47
2015,"Enero","Dominica",2,0,2,2,1,"2015-1",163
2015,"Enero","Ecuador",9776,56432,-46656,66208,1,"2015-1",3
2015,"Enero","Egipto",40,31,9,71,1,"2015-1",71
2015,"Enero","El Salvador",1367,2513,-1146,3880,1,"2015-1",20
2015,"Enero","Emiratos Árabes",6,686,-680,692,1,"2015-1",40
2015,"Enero","Eslovaquia",57,3,54,60,1,"2015-1",72
2015,"Enero","Eslovenia",86,2,84,88,1,"2015-1",67
2015,"Enero","Estados Unidos de América",27304,113946,-86642,141250,1,"2015-1",1
2015,"Enero","Estonia",40,6,34,46,1,"2015-1",78
2015,"Enero","Etiopia",3,10,-7,13,1,"2015-1",108
2015,"Enero","Filipinas",309,25,284,334,1,"2015-1",50
2015,"Enero","Finlandia",199,30,169,229,1,"2015-1",53
2015,"Enero","Francia",4840,2867,1973,7707,1,"2015-1",12
2015,"Enero","Georgia",4,0,4,4,1,"2015-1",139
2015,"Enero","Ghana",7,6,1,13,1,"2015-1",108
2015,"Enero","Grecia",107,16,91,123,1,"2015-1",60
2015,"Enero","Guatemala",1080,1803,-723,2883,1,"2015-1",22
2015,"Enero","Guyana",21,13,8,34,1,"2015-1",87
2015,"Enero","Guayana Francesa/Departamento de Ultramar Francés",1,9,-8,10,1,"2015-1",112
2015,"Enero","Haití",30,47,-17,77,1,"2015-1",70
2015,"Enero","Honduras",519,433,86,952,1,"2015-1",38
2015,"Enero","Hong Kong",1,117,-116,118,1,"2015-1",62
2015,"Enero","Hungría",95,21,74,116,1,"2015-1",63
2015,"Enero","India",398,75,323,473,1,"2015-1",43
2015,"Enero","Indonesia",39,19,20,58,1,"2015-1",73
2015,"Enero","Iraq",23,9,14,32,1,"2015-1",89
2015,"Enero","Irán",20,3,17,23,1,"2015-1",94
2015,"Enero","República de Irlanda",349,61,288,410,1,"2015-1",48
2015,"Enero","Islandia",31,3,28,34,1,"2015-1",87
2015,"Enero","Israel",792,257,535,1049,1,"2015-1",33
2015,"Enero","Italia",3836,1589,2247,5425,1,"2015-1",18
2015,"Enero","Jamaica",59,136,-77,195,1,"2015-1",56
2015,"Enero","Islas Salomón",1,0,1,1,1,"2015-1",183
2015,"Enero","Japón",821,144,677,965,1,"2015-1",36
2015,"Enero","Jordania",4,1,3,5,1,"2015-1",132
2015,"Enero","Kazajistán",15,7,8,22,1,"2015-1",98
2015,"Enero","Kenia",11,6,5,17,1,"2015-1",104
2015,"Enero","Kirguistán",4,0,4,4,1,"2015-1",139
2015,"Enero","Kuwait",6,16,-10,22,1,"2015-1",98
2015,"Enero","República de Kosovo",1,0,1,1,1,"2015-1",183
2015,"Enero","Letonia",23,0,23,23,1,"2015-1",94
2015,"Enero","Lituania",40,0,40,40,1,"2015-1",82
2015,"Enero","Líbano",46,59,-13,105,1,"2015-1",65
2015,"Enero","Libia",2,0,2,2,1,"2015-1",163
2015,"Enero","Liechtenstein",3,0,3,3,1,"2015-1",151
2015,"Enero","Luxemburgo",18,15,3,33,1,"2015-1",88
2015,"Enero","Macedonia",3,0,3,3,1,"2015-1",151
2015,"Enero","Madagascar",2,0,2,2,1,"2015-1",163
2015,"Enero","Malasia",37,44,-7,81,1,"2015-1",68
2015,"Enero","Malta",16,26,-10,42,1,"2015-1",80
2015,"Enero","Marruecos",15,7,8,22,1,"2015-1",98
2015,"Enero","Mauricio",2,1,1,3,1,"2015-1",151
2015,"Enero","Mauritania",1,2,-1,3,1,"2015-1",151
2015,"Enero","México",9200,32933,-23733,42133,1,"2015-1",5
2015,"Enero","República de Moldavia",5,0,5,5,1,"2015-1",132
2015,"Enero","Mónaco",1,1,0,2,1,"2015-1",163
2015,"Enero","Mongolia",3,0,3,3,1,"2015-1",151
2015,"Enero","Montenegro",5,0,5,5,1,"2015-1",132
2015,"Enero","Myanmar",4,4,0,8,1,"2015-1",115
2015,"Enero","Nepal",1,0,1,1,1,"2015-1",183
2015,"Enero","Nicaragua",163,271,-108,434,1,"2015-1",46
2015,"Enero","Nigeria",11,19,-8,30,1,"2015-1",91
2015,"Enero","Noruega",351,98,253,449,1,"2015-1",45
2015,"Enero","Nueva Zelanda",191,123,68,314,1,"2015-1",51
2015,"Enero","Omán",1,18,-17,19,1,"2015-1",100
2015,"Enero","Pakistán",12,5,7,17,1,"2015-1",104
2015,"Enero","Panamá",4062,45155,-41093,49217,1,"2015-1",4
2015,"Enero","Paraguay",552,260,292,812,1,"2015-1",39
2015,"Enero","Perú",10417,12782,-2365,23199,1,"2015-1",8
2015,"Enero","Palestina",4,0,4,4,1,"2015-1",139
2015,"Enero","Polonia",440,32,408,472,1,"2015-1",44
2015,"Enero","Portugal",944,436,508,1380,1,"2015-1",28
2015,"Enero","Reino Unido de Gran Bretaña e Irlanda del Norte",3260,4120,-860,7380,1,"2015-1",13
2015,"Enero","República CentroÁfricana",1,2,-1,3,1,"2015-1",151
2015,"Enero","Federación de Rusia",908,49,859,957,1,"2015-1",37
2015,"Enero","República Dominicana",920,5538,-4618,6458,1,"2015-1",15
2015,"Enero","Rumania",113,14,99,127,1,"2015-1",59
2015,"Enero","San Cristóbal y Nevis",2,0,2,2,1,"2015-1",163
2015,"Enero","Samoa Occidental",1,0,1,1,1,"2015-1",183
2015,"Enero","San Marino",3,1,2,4,1,"2015-1",139
2015,"Enero","San  Vicente y las Granadinas",4,0,4,4,1,"2015-1",139
2015,"Enero","Santa Lucia",1,0,1,1,1,"2015-1",183
2015,"Enero","Santa Sede/Ciudad del Vaticano",1,1,0,2,1,"2015-1",163
2015,"Enero","Serbia",38,0,38,38,1,"2015-1",84
2015,"Enero","Sierra Leona",1,0,1,1,1,"2015-1",183
2015,"Enero","Singapur",49,57,-8,106,1,"2015-1",64
2015,"Enero","República Árabe Siria",6,0,6,6,1,"2015-1",125
2015,"Enero","Sri Lanka",5,1,4,6,1,"2015-1",125
2015,"Enero","Sudáfrica",123,80,43,203,1,"2015-1",55
2015,"Enero","Suecia",818,452,366,1270,1,"2015-1",30
2015,"Enero","Suiza",1409,903,506,2312,1,"2015-1",25
2015,"Enero","Surinam",38,15,23,53,1,"2015-1",75
2015,"Enero","Taiwán",166,12,154,178,1,"2015-1",57
2015,"Enero","Tailandia",11,38,-27,49,1,"2015-1",76
2015,"Enero","Tanzania",2,1,1,3,1,"2015-1",151
2015,"Enero","Togo",1,0,1,1,1,"2015-1",183
2015,"Enero","Trinidad y Tobago",103,239,-136,342,1,"2015-1",49
2015,"Enero","Túnez",2,3,-1,5,1,"2015-1",132
2015,"Enero","Turquía",218,71,147,289,1,"2015-1",52
2015,"Enero","Ucrania",118,4,114,122,1,"2015-1",61
2015,"Enero","Uganda",2,5,-3,7,1,"2015-1",118
2015,"Enero","Uruguay",942,294,648,1236,1,"2015-1",31
2015,"Enero","Uzbekistán",6,0,6,6,1,"2015-1",125
2015,"Enero","Venezuela",28153,61170,-33017,89323,1,"2015-1",2
2015,"Enero","Vietnam",1,10,-9,11,1,"2015-1",111
2015,"Enero","Zimbabue",2,0,2,2,1,"2015-1",163
2015,"Enero","Desconocido",103,505,-402,608,1,"2015-1",41
2015,"Febrero","Afganistán",1,2,-1,3,2,"2015-2",147
2015,"Febrero","Albania",9,0,9,9,2,"2015-2",109
2015,"Febrero","Alemania",4913,1512,3401,6425,2,"2015-2",12
2015,"Febrero","Andorra",14,0,14,14,2,"2015-2",96
2015,"Febrero","Angola",3,10,-7,13,2,"2015-2",99
2015,"Febrero","Antigua y Barbuda",9,0,9,9,2,"2015-2",109
2015,"Febrero","Países Bajos",2691,438,2253,3129,2,"2015-2",20
2015,"Febrero","Arabia Saudita",4,26,-22,30,2,"2015-2",79
2015,"Febrero","Argelia",4,9,-5,13,2,"2015-2",99
2015,"Febrero","Argentina",12593,6131,6462,18724,2,"2015-2",9
2015,"Febrero","República de Armenia",1,0,1,1,2,"2015-2",175
2015,"Febrero","Australia",972,625,347,1597,2,"2015-2",25
2015,"Febrero","Austria",554,56,498,610,2,"2015-2",40
2015,"Febrero","Azerbaiyán",3,8,-5,11,2,"2015-2",103
2015,"Febrero","Bahamas",17,95,-78,112,2,"2015-2",60
2015,"Febrero","Bahréin",1,7,-6,8,2,"2015-2",113
2015,"Febrero","Bangladesh",3,2,1,5,2,"2015-2",123
2015,"Febrero","Barbados",12,3,9,15,2,"2015-2",94
2015,"Febrero","República de Belarús",5,2,3,7,2,"2015-2",117
2015,"Febrero","Bélgica",597,130,467,727,2,"2015-2",38
2015,"Febrero","Belice",16,13,3,29,2,"2015-2",82
2015,"Febrero","Benín",1,1,0,2,2,"2015-2",158
2015,"Febrero","Bermudas/Territorio Británico de Ultramar",5,3,2,8,2,"2015-2",113
2015,"Febrero","Bolivia",913,835,78,1748,2,"2015-2",24
2015,"Febrero","Bosnia y Herzegovina",3,0,3,3,2,"2015-2",147
2015,"Febrero","Botsuana",1,0,1,1,2,"2015-2",175
2015,"Febrero","Brasil",13073,6601,6472,19674,2,"2015-2",8
2015,"Febrero","Bulgaria",51,2,49,53,2,"2015-2",72
2015,"Febrero","Burundi",1,0,1,1,2,"2015-2",175
2015,"Febrero","Islas Caimán/Territorio Británico de Ultramar",5,7,-2,12,2,"2015-2",101
2015,"Febrero","Camerún",10,2,8,12,2,"2015-2",101
2015,"Febrero","Canadá",5327,2991,2336,8318,2,"2015-2",11
2015,"Febrero","España",8244,15644,-7400,23888,2,"2015-2",6
2015,"Febrero","República Democrática del Congo",10,0,10,10,2,"2015-2",104
2015,"Febrero","República de Corea",681,52,629,733,2,"2015-2",37
2015,"Febrero","Costa de Marfil",3,8,-5,11,2,"2015-2",103
2015,"Febrero","Costa Rica",1753,2135,-382,3888,2,"2015-2",16
2015,"Febrero","Croacia",59,6,53,65,2,"2015-2",67
2015,"Febrero","Cuba",513,1542,-1029,2055,2,"2015-2",22
2015,"Febrero","República Checa",116,25,91,141,2,"2015-2",58
2015,"Febrero","Chile",12515,5966,6549,18481,2,"2015-2",10
2015,"Febrero","China",601,269,332,870,2,"2015-2",33
2015,"Febrero","Chipre",3,1,2,4,2,"2015-2",128
2015,"Febrero","Dinamarca",360,30,330,390,2,"2015-2",45
2015,"Febrero","Dominica",6,1,5,7,2,"2015-2",117
2015,"Febrero","Ecuador",11609,21090,-9481,32699,2,"2015-2",4
2015,"Febrero","Egipto",45,20,25,65,2,"2015-2",67
2015,"Febrero","El Salvador",1440,1708,-268,3148,2,"2015-2",19
2015,"Febrero","Emiratos Árabes",6,234,-228,240,2,"2015-2",50
2015,"Febrero","Eritrea",5,0,5,5,2,"2015-2",123
2015,"Febrero","Eslovaquia",56,1,55,57,2,"2015-2",70
2015,"Febrero","Eslovenia",47,5,42,52,2,"2015-2",73
2015,"Febrero","Estados Unidos de América",31018,69432,-38414,100450,2,"2015-2",1
2015,"Febrero","Estonia",74,0,74,74,2,"2015-2",64
2015,"Febrero","Etiopia",7,6,1,13,2,"2015-2",99
2015,"Febrero","Islas Fiji",1,0,1,1,2,"2015-2",175
2015,"Febrero","Filipinas",253,7,246,260,2,"2015-2",49
2015,"Febrero","Finlandia",199,13,186,212,2,"2015-2",52
2015,"Febrero","Francia",4613,1453,3160,6066,2,"2015-2",13
2015,"Febrero","Georgia",1,0,1,1,2,"2015-2",175
2015,"Febrero","Ghana",12,3,9,15,2,"2015-2",94
2015,"Febrero","Granada",2,0,2,2,2,"2015-2",158
2015,"Febrero","Grecia",129,8,121,137,2,"2015-2",59
2015,"Febrero","Guatemala",1304,1452,-148,2756,2,"2015-2",21
2015,"Febrero","Guyana",13,12,1,25,2,"2015-2",83
2015,"Febrero","Haití",25,15,10,40,2,"2015-2",76
2015,"Febrero","Honduras",539,306,233,845,2,"2015-2",34
2015,"Febrero","Hungría",93,11,82,104,2,"2015-2",61
2015,"Febrero","India",413,81,332,494,2,"2015-2",42
2015,"Febrero","Indonesia",65,15,50,80,2,"2015-2",63
2015,"Febrero","Iraq",3,6,-3,9,2,"2015-2",109
2015,"Febrero","Irán",18,4,14,22,2,"2015-2",85
2015,"Febrero","República de Irlanda",292,43,249,335,2,"2015-2",48
2015,"Febrero","Islandia",27,2,25,29,2,"2015-2",82
2015,"Febrero","Israel",742,155,587,897,2,"2015-2",31
2015,"Febrero","Italia",3564,1207,2357,4771,2,"2015-2",15
2015,"Febrero","Jamaica",79,67,12,146,2,"2015-2",56
2015,"Febrero","Japón",803,106,697,909,2,"2015-2",30
2015,"Febrero","Jordania",9,5,4,14,2,"2015-2",96
2015,"Febrero","Kazajistán",14,3,11,17,2,"2015-2",91
2015,"Febrero","Kenia",9,8,1,17,2,"2015-2",91
2015,"Febrero","Kirguistán",4,0,4,4,2,"2015-2",128
2015,"Febrero","Kuwait",1,3,-2,4,2,"2015-2",128
2015,"Febrero","República de Kosovo",3,0,3,3,2,"2015-2",147
2015,"Febrero","Letonia",21,1,20,22,2,"2015-2",85
2015,"Febrero","Lituania",51,2,49,53,2,"2015-2",72
2015,"Febrero","Líbano",56,36,20,92,2,"2015-2",62
2015,"Febrero","Liberia",1,0,1,1,2,"2015-2",175
2015,"Febrero","Liechtenstein",1,0,1,1,2,"2015-2",175
2015,"Febrero","Luxemburgo",15,5,10,20,2,"2015-2",87
2015,"Febrero","Macedonia",3,0,3,3,2,"2015-2",147
2015,"Febrero","Madagascar",2,0,2,2,2,"2015-2",158
2015,"Febrero","Malasia",26,23,3,49,2,"2015-2",74
2015,"Febrero","Malawi",1,2,-1,3,2,"2015-2",147
2015,"Febrero","Malta",9,20,-11,29,2,"2015-2",82
2015,"Febrero","Marruecos",23,8,15,31,2,"2015-2",78
2015,"Febrero","México",9439,19077,-9638,28516,2,"2015-2",5
2015,"Febrero","República de Moldavia",3,0,3,3,2,"2015-2",147
2015,"Febrero","Mongolia",2,1,1,3,2,"2015-2",147
2015,"Febrero","Myanmar",2,1,1,3,2,"2015-2",147
2015,"Febrero","Namibia",2,0,2,2,2,"2015-2",158
2015,"Febrero","Nepal",2,4,-2,6,2,"2015-2",119
2015,"Febrero","Nicaragua",187,196,-9,383,2,"2015-2",46
2015,"Febrero","Nigeria",8,7,1,15,2,"2015-2",94
2015,"Febrero","Noruega",307,39,268,346,2,"2015-2",47
2015,"Febrero","Nueva Zelanda",135,66,69,201,2,"2015-2",53
2015,"Febrero","Pakistán",15,4,11,19,2,"2015-2",88
2015,"Febrero","Panamá",5436,31790,-26354,37226,2,"2015-2",3
2015,"Febrero","Paraguay",683,294,389,977,2,"2015-2",29
2015,"Febrero","Perú",12974,8635,4339,21609,2,"2015-2",7
2015,"Febrero","Palestina",2,0,2,2,2,"2015-2",158
2015,"Febrero","Polonia",537,19,518,556,2,"2015-2",41
2015,"Febrero","Portugal",767,224,543,991,2,"2015-2",28
2015,"Febrero","Qatar",1,7,-6,8,2,"2015-2",113
2015,"Febrero","Reino Unido de Gran Bretaña e Irlanda del Norte",3210,1849,1361,5059,2,"2015-2",14
2015,"Febrero","Federación de Rusia",399,38,361,437,2,"2015-2",44
2015,"Febrero","República Dominicana",1064,2501,-1437,3565,2,"2015-2",18
2015,"Febrero","Rumania",136,6,130,142,2,"2015-2",57
2015,"Febrero","Rwanda",3,0,3,3,2,"2015-2",147
2015,"Febrero","San Cristóbal y Nevis",8,1,7,9,2,"2015-2",109
2015,"Febrero","San  Vicente y las Granadinas",2,0,2,2,2,"2015-2",158
2015,"Febrero","Santa Lucia",6,0,6,6,2,"2015-2",119
2015,"Febrero","Serbia",17,0,17,17,2,"2015-2",91
2015,"Febrero","Singapur",18,20,-2,38,2,"2015-2",77
2015,"Febrero","República Árabe Siria",3,0,3,3,2,"2015-2",147
2015,"Febrero","Sri Lanka",3,0,3,3,2,"2015-2",147
2015,"Febrero","Sudáfrica",127,24,103,151,2,"2015-2",54
2015,"Febrero","Sudán",1,0,1,1,2,"2015-2",175
2015,"Febrero","Suecia",585,138,447,723,2,"2015-2",39
2015,"Febrero","Suiza",1394,371,1023,1765,2,"2015-2",23
2015,"Febrero","Surinam",39,24,15,63,2,"2015-2",68
2015,"Febrero","Taiwán",140,8,132,148,2,"2015-2",55
2015,"Febrero","Tailandia",13,33,-20,46,2,"2015-2",75
2015,"Febrero","Tanzania",6,1,5,7,2,"2015-2",117
2015,"Febrero","República Democrática de Timor Oriental",1,0,1,1,2,"2015-2",175
2015,"Febrero","Togo",4,0,4,4,2,"2015-2",128
2015,"Febrero","Trinidad y Tobago",131,88,43,219,2,"2015-2",51
2015,"Febrero","Túnez",9,0,9,9,2,"2015-2",109
2015,"Febrero","Turquía",396,94,302,490,2,"2015-2",43
2015,"Febrero","Ucrania",67,0,67,67,2,"2015-2",65
2015,"Febrero","Uganda",4,1,3,5,2,"2015-2",123
2015,"Febrero","Uruguay",902,217,685,1119,2,"2015-2",26
2015,"Febrero","Venezuela",22644,31956,-9312,54600,2,"2015-2",2
2015,"Febrero","Vietnam",16,4,12,20,2,"2015-2",87
2015,"Febrero","República Árabe de Yemen",1,1,0,2,2,"2015-2",158
2015,"Febrero","Zambia",3,0,3,3,2,"2015-2",147
2015,"Febrero","Zimbabue",5,0,5,5,2,"2015-2",123
2015,"Febrero","Desconocido",124,612,-488,736,2,"2015-2",36
2015,"Marzo","Albania",12,0,12,12,3,"2015-3",106
2015,"Marzo","Alemania",5448,2178,3270,7626,3,"2015-3",12
2015,"Marzo","Andorra",18,2,16,20,3,"2015-3",90
2015,"Marzo","Angola",1,14,-13,15,3,"2015-3",101
2015,"Marzo","Antigua y Barbuda",9,6,3,15,3,"2015-3",101
2015,"Marzo","Países Bajos",2757,1488,1269,4245,3,"2015-3",19
2015,"Marzo","Arabia Saudita",11,27,-16,38,3,"2015-3",76
2015,"Marzo","Argelia",5,13,-8,18,3,"2015-3",94
2015,"Marzo","Argentina",14016,7734,6282,21750,3,"2015-3",8
2015,"Marzo","República de Armenia",9,0,9,9,3,"2015-3",111
2015,"Marzo","Australia",971,441,530,1412,3,"2015-3",28
2015,"Marzo","Austria",478,68,410,546,3,"2015-3",42
2015,"Marzo","Azerbaiyán",5,1,4,6,3,"2015-3",119
2015,"Marzo","Bahamas",19,131,-112,150,3,"2015-3",59
2015,"Marzo","Bahréin",2,3,-1,5,3,"2015-3",127
2015,"Marzo","Bangladesh",12,3,9,15,3,"2015-3",101
2015,"Marzo","Barbados",12,10,2,22,3,"2015-3",89
2015,"Marzo","República de Belarús",14,1,13,15,3,"2015-3",101
2015,"Marzo","Bélgica",584,163,421,747,3,"2015-3",37
2015,"Marzo","Belice",26,26,0,52,3,"2015-3",73
2015,"Marzo","Benín",3,1,2,4,3,"2015-3",136
2015,"Marzo","Bermudas/Territorio Británico de Ultramar",3,2,1,5,3,"2015-3",127
2015,"Marzo","Bolivia",860,886,-26,1746,3,"2015-3",24
2015,"Marzo","Bosnia y Herzegovina",2,0,2,2,3,"2015-3",159
2015,"Marzo","Brasil",11267,8033,3234,19300,3,"2015-3",9
2015,"Marzo","Bulgaria",53,3,50,56,3,"2015-3",72
2015,"Marzo","Burkina Faso",1,0,1,1,3,"2015-3",176
2015,"Marzo","Burundi",2,0,2,2,3,"2015-3",159
2015,"Marzo","Cabo Verde",1,0,1,1,3,"2015-3",176
2015,"Marzo","Islas Caimán/Territorio Británico de Ultramar",5,18,-13,23,3,"2015-3",87
2015,"Marzo","Camerún",2,1,1,3,3,"2015-3",146
2015,"Marzo","Canadá",4790,3148,1642,7938,3,"2015-3",11
2015,"Marzo","Chad",1,3,-2,4,3,"2015-3",136
2015,"Marzo","España",9383,17063,-7680,26446,3,"2015-3",6
2015,"Marzo","República de Corea",763,70,693,833,3,"2015-3",36
2015,"Marzo","Costa de Marfil",2,8,-6,10,3,"2015-3",107
2015,"Marzo","Costa Rica",2395,2582,-187,4977,3,"2015-3",16
2015,"Marzo","Croacia",58,7,51,65,3,"2015-3",69
2015,"Marzo","Cuba",595,2810,-2215,3405,3,"2015-3",21
2015,"Marzo","República Checa",140,16,124,156,3,"2015-3",58
2015,"Marzo","Chile",9609,8679,930,18288,3,"2015-3",10
2015,"Marzo","China",1002,1302,-300,2304,3,"2015-3",23
2015,"Marzo","Chipre",6,2,4,8,3,"2015-3",113
2015,"Marzo","Dinamarca",344,43,301,387,3,"2015-3",47
2015,"Marzo","Dominica",4,0,4,4,3,"2015-3",136
2015,"Marzo","Ecuador",12592,28332,-15740,40924,3,"2015-3",3
2015,"Marzo","Egipto",29,147,-118,176,3,"2015-3",56
2015,"Marzo","El Salvador",1590,2098,-508,3688,3,"2015-3",20
2015,"Marzo","Emiratos Árabes",28,521,-493,549,3,"2015-3",41
2015,"Marzo","Eslovaquia",67,7,60,74,3,"2015-3",68
2015,"Marzo","Eslovenia",47,1,46,48,3,"2015-3",74
2015,"Marzo","Estados Unidos de América",35360,99066,-63706,134426,3,"2015-3",1
2015,"Marzo","Estonia",27,1,26,28,3,"2015-3",82
2015,"Marzo","Etiopia",1,7,-6,8,3,"2015-3",113
2015,"Marzo","Filipinas",362,12,350,374,3,"2015-3",48
2015,"Marzo","Finlandia",199,19,180,218,3,"2015-3",52
2015,"Marzo","Francia",3848,2109,1739,5957,3,"2015-3",13
2015,"Marzo","Georgia",17,1,16,18,3,"2015-3",94
2015,"Marzo","Ghana",11,1,10,12,3,"2015-3",106
2015,"Marzo","Granada",2,1,1,3,3,"2015-3",146
2015,"Marzo","Grecia",106,33,73,139,3,"2015-3",61
2015,"Marzo","Guatemala",1461,1596,-135,3057,3,"2015-3",22
2015,"Marzo","Guyana",20,6,14,26,3,"2015-3",85
2015,"Marzo","Guinea",1,1,0,2,3,"2015-3",159
2015,"Marzo","Guinea Ecuatorial",6,11,-5,17,3,"2015-3",96
2015,"Marzo","Haití",19,41,-22,60,3,"2015-3",71
2015,"Marzo","Honduras",730,436,294,1166,3,"2015-3",32
2015,"Marzo","Hong Kong",1,187,-186,188,3,"2015-3",55
2015,"Marzo","Hungría",92,8,84,100,3,"2015-3",65
2015,"Marzo","India",499,166,333,665,3,"2015-3",39
2015,"Marzo","Indonesia",33,10,23,43,3,"2015-3",75
2015,"Marzo","Iraq",1,12,-11,13,3,"2015-3",104
2015,"Marzo","Irán",13,9,4,22,3,"2015-3",89
2015,"Marzo","República de Irlanda",353,19,334,372,3,"2015-3",49
2015,"Marzo","Islandia",25,2,23,27,3,"2015-3",84
2015,"Marzo","Israel",1147,409,738,1556,3,"2015-3",26
2015,"Marzo","Italia",3415,1431,1984,4846,3,"2015-3",17
2015,"Marzo","Jamaica",46,124,-78,170,3,"2015-3",57
2015,"Marzo","Japón",839,174,665,1013,3,"2015-3",34
2015,"Marzo","Jordania",8,6,2,14,3,"2015-3",102
2015,"Marzo","Kazajistán",12,5,7,17,3,"2015-3",96
2015,"Marzo","Kenia",16,2,14,18,3,"2015-3",94
2015,"Marzo","Kirguistán",5,0,5,5,3,"2015-3",127
2015,"Marzo","Kuwait",5,4,1,9,3,"2015-3",111
2015,"Marzo","Letonia",27,0,27,27,3,"2015-3",84
2015,"Marzo","Lituania",31,0,31,31,3,"2015-3",78
2015,"Marzo","Líbano",56,33,23,89,3,"2015-3",66
2015,"Marzo","Liberia",1,0,1,1,3,"2015-3",176
2015,"Marzo","Liechtenstein",9,0,9,9,3,"2015-3",111
2015,"Marzo","Luxemburgo",16,7,9,23,3,"2015-3",87
2015,"Marzo","Macedonia",5,1,4,6,3,"2015-3",119
2015,"Marzo","Malasia",51,13,38,64,3,"2015-3",70
2015,"Marzo","Malí",2,1,1,3,3,"2015-3",146
2015,"Marzo","Malta",10,20,-10,30,3,"2015-3",80
2015,"Marzo","Marruecos",15,13,2,28,3,"2015-3",82
2015,"Marzo","Mauricio",1,1,0,2,3,"2015-3",159
2015,"Marzo","México",12074,25114,-13040,37188,3,"2015-3",5
2015,"Marzo","República de Moldavia",5,0,5,5,3,"2015-3",127
2015,"Marzo","Mónaco",2,1,1,3,3,"2015-3",146
2015,"Marzo","Mongolia",3,0,3,3,3,"2015-3",146
2015,"Marzo","Montenegro",2,0,2,2,3,"2015-3",159
2015,"Marzo","Mozambique",1,3,-2,4,3,"2015-3",136
2015,"Marzo","Myanmar",2,0,2,2,3,"2015-3",159
2015,"Marzo","Nepal",1,1,0,2,3,"2015-3",159
2015,"Marzo","Nicaragua",182,222,-40,404,3,"2015-3",46
2015,"Marzo","Nigeria",15,16,-1,31,3,"2015-3",78
2015,"Marzo","Noruega",384,33,351,417,3,"2015-3",45
2015,"Marzo","Nueva Zelanda",167,61,106,228,3,"2015-3",51
2015,"Marzo","Papúa Nueva Guinea",3,1,2,4,3,"2015-3",136
2015,"Marzo","Pakistán",17,2,15,19,3,"2015-3",91
2015,"Marzo","Palau",2,0,2,2,3,"2015-3",159
2015,"Marzo","Panamá",3531,34622,-31091,38153,3,"2015-3",4
2015,"Marzo","Paraguay",527,340,187,867,3,"2015-3",35
2015,"Marzo","Perú",10970,10993,-23,21963,3,"2015-3",7
2015,"Marzo","Polonia",410,29,381,439,3,"2015-3",44
2015,"Marzo","Portugal",853,350,503,1203,3,"2015-3",30
2015,"Marzo","Puerto Rico/Territorio de Estados Unidos",1,1438,-1437,1439,3,"2015-3",27
2015,"Marzo","Qatar",7,6,1,13,3,"2015-3",104
2015,"Marzo","Reino Unido de Gran Bretaña e Irlanda del Norte",3468,2434,1034,5902,3,"2015-3",14
2015,"Marzo","Federación de Rusia",503,75,428,578,3,"2015-3",40
2015,"Marzo","República Dominicana",993,3802,-2809,4795,3,"2015-3",18
2015,"Marzo","Rumania",135,6,129,141,3,"2015-3",60
2015,"Marzo","San Cristóbal y Nevis",1,0,1,1,3,"2015-3",176
2015,"Marzo","San Marino",2,2,0,4,3,"2015-3",136
2015,"Marzo","Santa Lucia",7,0,7,7,3,"2015-3",114
2015,"Marzo","Senegal",2,1,1,3,3,"2015-3",146
2015,"Marzo","Serbia",30,0,30,30,3,"2015-3",80
2015,"Marzo","Singapur",60,51,9,111,3,"2015-3",64
2015,"Marzo","República Árabe Siria",6,0,6,6,3,"2015-3",119
2015,"Marzo","Sri Lanka",7,2,5,9,3,"2015-3",111
2015,"Marzo","Sudáfrica",168,29,139,197,3,"2015-3",54
2015,"Marzo","Sudán",1,0,1,1,3,"2015-3",176
2015,"Marzo","Suecia",578,130,448,708,3,"2015-3",38
2015,"Marzo","Suiza",1245,415,830,1660,3,"2015-3",25
2015,"Marzo","Surinam",48,30,18,78,3,"2015-3",67
2015,"Marzo","Taiwán",252,13,239,265,3,"2015-3",50
2015,"Marzo","Tailandia",44,69,-25,113,3,"2015-3",63
2015,"Marzo","Tanzania",3,2,1,5,3,"2015-3",127
2015,"Marzo","Trinidad y Tobago",106,109,-3,215,3,"2015-3",53
2015,"Marzo","Túnez",5,1,4,6,3,"2015-3",119
2015,"Marzo","Turquía",213,317,-104,530,3,"2015-3",43
2015,"Marzo","Ucrania",121,5,116,126,3,"2015-3",62
2015,"Marzo","Uganda",2,2,0,4,3,"2015-3",136
2015,"Marzo","Uruguay",1066,253,813,1319,3,"2015-3",29
2015,"Marzo","Uzbekistán",3,0,3,3,3,"2015-3",146
2015,"Marzo","Venezuela",25666,42135,-16469,67801,3,"2015-3",2
2015,"Marzo","Vietnam",6,10,-4,16,3,"2015-3",97
2015,"Marzo","Islas Vírgenes Británicas/Territorio Británico de Ultramar",2,3,-1,5,3,"2015-3",127
2015,"Marzo","República Árabe de Yemen",4,1,3,5,3,"2015-3",127
2015,"Marzo","Zambia",1,0,1,1,3,"2015-3",176
2015,"Marzo","Zimbabue",4,0,4,4,3,"2015-3",136
2015,"Marzo","Islas Turcas y Caicos/Territorio Británico de Ultramar",2,1,1,3,3,"2015-3",146
2015,"Marzo","Desconocido",169,858,-689,1027,3,"2015-3",33
2015,"Abril","Afganistán",10,6,4,16,4,"2015-4",93
2015,"Abril","Albania",1,2,-1,3,4,"2015-4",149
2015,"Abril","Alemania",4011,2401,1610,6412,4,"2015-4",11
2015,"Abril","Andorra",13,2,11,15,4,"2015-4",95
2015,"Abril","Angola",1,15,-14,16,4,"2015-4",93
2015,"Abril","Antigua y Barbuda",14,3,11,17,4,"2015-4",91
2015,"Abril","Países Bajos",3418,1553,1865,4971,4,"2015-4",15
2015,"Abril","Arabia Saudita",10,46,-36,56,4,"2015-4",70
2015,"Abril","Argelia",3,11,-8,14,4,"2015-4",98
2015,"Abril","Argentina",11083,5108,5975,16191,4,"2015-4",9
2015,"Abril","República de Armenia",6,3,3,9,4,"2015-4",109
2015,"Abril","Aruba",2,4106,-4104,4108,4,"2015-4",18
2015,"Abril","Australia",955,372,583,1327,4,"2015-4",27
2015,"Abril","Austria",389,79,310,468,4,"2015-4",40
2015,"Abril","Azerbaiyán",3,2,1,5,4,"2015-4",126
2015,"Abril","Bahamas",14,78,-64,92,4,"2015-4",60
2015,"Abril","Bahréin",2,6,-4,8,4,"2015-4",113
2015,"Abril","Bangladesh",4,1,3,5,4,"2015-4",126
2015,"Abril","Barbados",22,12,10,34,4,"2015-4",81
2015,"Abril","República de Belarús",8,5,3,13,4,"2015-4",100
2015,"Abril","Bélgica",549,157,392,706,4,"2015-4",37
2015,"Abril","Belice",20,19,1,39,4,"2015-4",78
2015,"Abril","Bermudas/Territorio Británico de Ultramar",1,5,-4,6,4,"2015-4",121
2015,"Abril","Bolivia",961,964,-3,1925,4,"2015-4",24
2015,"Abril","Bosnia y Herzegovina",1,2,-1,3,4,"2015-4",149
2015,"Abril","Brasil",11384,6901,4483,18285,4,"2015-4",8
2015,"Abril","Brunei Darussalam",1,0,1,1,4,"2015-4",180
2015,"Abril","Bulgaria",70,1,69,71,4,"2015-4",62
2015,"Abril","Burkina Faso",1,0,1,1,4,"2015-4",180
2015,"Abril","Burundi",1,1,0,2,4,"2015-4",163
2015,"Abril","Islas Caimán/Territorio Británico de Ultramar",2,10,-8,12,4,"2015-4",103
2015,"Abril","Camboya",2,2,0,4,4,"2015-4",135
2015,"Abril","Camerún",4,0,4,4,4,"2015-4",135
2015,"Abril","Canadá",2632,2980,-348,5612,4,"2015-4",13
2015,"Abril","España",8356,15371,-7015,23727,4,"2015-4",6
2015,"Abril","República Democrática del Congo",3,1,2,4,4,"2015-4",135
2015,"Abril","República de Corea",1070,82,988,1152,4,"2015-4",29
2015,"Abril","Costa de Marfil",2,7,-5,9,4,"2015-4",109
2015,"Abril","Costa Rica",2435,2134,301,4569,4,"2015-4",16
2015,"Abril","Croacia",61,4,57,65,4,"2015-4",65
2015,"Abril","Cuba",810,2056,-1246,2866,4,"2015-4",21
2015,"Abril","República Checa",136,14,122,150,4,"2015-4",56
2015,"Abril","Chile",8473,6661,1812,15134,4,"2015-4",10
2015,"Abril","China",1060,1439,-379,2499,4,"2015-4",23
2015,"Abril","Chipre",7,2,5,9,4,"2015-4",109
2015,"Abril","Dinamarca",262,68,194,330,4,"2015-4",46
2015,"Abril","Dominica",3,0,3,3,4,"2015-4",149
2015,"Abril","Ecuador",12299,22527,-10228,34826,4,"2015-4",3
2015,"Abril","Egipto",25,33,-8,58,4,"2015-4",69
2015,"Abril","El Salvador",1781,1885,-104,3666,4,"2015-4",20
2015,"Abril","Emiratos Árabes",1,219,-218,220,4,"2015-4",51
2015,"Abril","Eritrea",2,0,2,2,4,"2015-4",163
2015,"Abril","Eslovaquia",49,0,49,49,4,"2015-4",76
2015,"Abril","Eslovenia",51,4,47,55,4,"2015-4",71
2015,"Abril","Estados Unidos de América",28719,85076,-56357,113795,4,"2015-4",1
2015,"Abril","Estonia",35,0,35,35,4,"2015-4",80
2015,"Abril","Etiopia",3,11,-8,14,4,"2015-4",98
2015,"Abril","Filipinas",218,8,210,226,4,"2015-4",50
2015,"Abril","Finlandia",135,16,119,151,4,"2015-4",55
2015,"Abril","Francia",3886,1826,2060,5712,4,"2015-4",12
2015,"Abril","Georgia",5,2,3,7,4,"2015-4",118
2015,"Abril","Ghana",3,12,-9,15,4,"2015-4",95
2015,"Abril","Granada",8,0,8,8,4,"2015-4",113
2015,"Abril","Grecia",107,28,79,135,4,"2015-4",59
2015,"Abril","Guatemala",1204,1470,-266,2674,4,"2015-4",22
2015,"Abril","Guyana",22,1,21,23,4,"2015-4",85
2015,"Abril","Guinea",1,1,0,2,4,"2015-4",163
2015,"Abril","Haití",22,39,-17,61,4,"2015-4",66
2015,"Abril","Honduras",598,358,240,956,4,"2015-4",34
2015,"Abril","Hong Kong",3,161,-158,164,4,"2015-4",52
2015,"Abril","Hungría",47,2,45,49,4,"2015-4",76
2015,"Abril","India",462,150,312,612,4,"2015-4",38
2015,"Abril","Indonesia",36,8,28,44,4,"2015-4",77
2015,"Abril","Iraq",1,7,-6,8,4,"2015-4",113
2015,"Abril","Irán",25,3,22,28,4,"2015-4",82
2015,"Abril","República de Irlanda",324,20,304,344,4,"2015-4",44
2015,"Abril","Islandia",17,0,17,17,4,"2015-4",91
2015,"Abril","Israel",1475,239,1236,1714,4,"2015-4",25
2015,"Abril","Italia",2582,1140,1442,3722,4,"2015-4",19
2015,"Abril","Jamaica",34,107,-73,141,4,"2015-4",58
2015,"Abril","Japón",620,94,526,714,4,"2015-4",36
2015,"Abril","Jordania",7,11,-4,18,4,"2015-4",89
2015,"Abril","Kazajistán",4,3,1,7,4,"2015-4",118
2015,"Abril","Kenia",44,6,38,50,4,"2015-4",74
2015,"Abril","Kiribati",3,0,3,3,4,"2015-4",149
2015,"Abril","Kuwait",9,2,7,11,4,"2015-4",104
2015,"Abril","Letonia",18,0,18,18,4,"2015-4",89
2015,"Abril","Lituania",36,0,36,36,4,"2015-4",79
2015,"Abril","Líbano",35,31,4,66,4,"2015-4",64
2015,"Abril","Liechtenstein",6,0,6,6,4,"2015-4",121
2015,"Abril","Luxemburgo",18,5,13,23,4,"2015-4",85
2015,"Abril","Macedonia",2,0,2,2,4,"2015-4",163
2015,"Abril","Madagascar",4,0,4,4,4,"2015-4",135
2015,"Abril","Malasia",57,10,47,67,4,"2015-4",63
2015,"Abril","Malawi",1,0,1,1,4,"2015-4",180
2015,"Abril","Malí",1,0,1,1,4,"2015-4",180
2015,"Abril","Malta",14,13,1,27,4,"2015-4",83
2015,"Abril","Marruecos",20,39,-19,59,4,"2015-4",68
2015,"Abril","Mauricio",3,0,3,3,4,"2015-4",149
2015,"Abril","México",12286,22309,-10023,34595,4,"2015-4",4
2015,"Abril","República de Moldavia",4,0,4,4,4,"2015-4",135
2015,"Abril","Mongolia",1,0,1,1,4,"2015-4",180
2015,"Abril","Montenegro",4,1,3,5,4,"2015-4",126
2015,"Abril","Mozambique",3,1,2,4,4,"2015-4",135
2015,"Abril","Myanmar",4,0,4,4,4,"2015-4",135
2015,"Abril","Namibia",1,0,1,1,4,"2015-4",180
2015,"Abril","Nepal",3,3,0,6,4,"2015-4",121
2015,"Abril","Nicaragua",208,201,7,409,4,"2015-4",43
2015,"Abril","Nigeria",7,12,-5,19,4,"2015-4",87
2015,"Abril","Noruega",241,65,176,306,4,"2015-4",47
2015,"Abril","Nueva Zelanda",173,71,102,244,4,"2015-4",48
2015,"Abril","Pakistán",18,2,16,20,4,"2015-4",86
2015,"Abril","Panamá",4164,27766,-23602,31930,4,"2015-4",5
2015,"Abril","Paraguay",577,277,300,854,4,"2015-4",35
2015,"Abril","Perú",10603,9573,1030,20176,4,"2015-4",7
2015,"Abril","Palestina",3,1,2,4,4,"2015-4",135
2015,"Abril","Polonia",320,16,304,336,4,"2015-4",45
2015,"Abril","Portugal",972,177,795,1149,4,"2015-4",30
2015,"Abril","Qatar",2,10,-8,12,4,"2015-4",103
2015,"Abril","Reino Unido de Gran Bretaña e Irlanda del Norte",2926,2193,733,5119,4,"2015-4",14
2015,"Abril","Federación de Rusia",376,71,305,447,4,"2015-4",41
2015,"Abril","República Dominicana",998,3393,-2395,4391,4,"2015-4",17
2015,"Abril","Rumania",155,6,149,161,4,"2015-4",54
2015,"Abril","Rwanda",2,0,2,2,4,"2015-4",163
2015,"Abril","San Cristóbal y Nevis",2,0,2,2,4,"2015-4",163
2015,"Abril","San Marino",1,1,0,2,4,"2015-4",163
2015,"Abril","San  Vicente y las Granadinas",2,0,2,2,4,"2015-4",163
2015,"Abril","Santa Lucia",13,1,12,14,4,"2015-4",98
2015,"Abril","Santa Sede/Ciudad del Vaticano",1,0,1,1,4,"2015-4",180
2015,"Abril","Senegal",4,3,1,7,4,"2015-4",118
2015,"Abril","Serbia",12,0,12,12,4,"2015-4",103
2015,"Abril","Singapur",30,29,1,59,4,"2015-4",68
2015,"Abril","República Árabe Siria",2,0,2,2,4,"2015-4",163
2015,"Abril","Sri Lanka",7,0,7,7,4,"2015-4",118
2015,"Abril","Sudáfrica",126,36,90,162,4,"2015-4",53
2015,"Abril","Sudán",1,0,1,1,4,"2015-4",180
2015,"Abril","Suecia",477,126,351,603,4,"2015-4",39
2015,"Abril","Suiza",1137,475,662,1612,4,"2015-4",26
2015,"Abril","Surinam",30,21,9,51,4,"2015-4",73
2015,"Abril","Taiwán",139,8,131,147,4,"2015-4",57
2015,"Abril","Tailandia",19,34,-15,53,4,"2015-4",72
2015,"Abril","Tanzania",2,2,0,4,4,"2015-4",135
2015,"Abril","Togo",1,0,1,1,4,"2015-4",180
2015,"Abril","Trinidad y Tobago",124,103,21,227,4,"2015-4",49
2015,"Abril","Túnez",8,2,6,10,4,"2015-4",105
2015,"Abril","Turquía",164,278,-114,442,4,"2015-4",42
2015,"Abril","Ucrania",74,9,65,83,4,"2015-4",61
2015,"Abril","Uganda",5,0,5,5,4,"2015-4",126
2015,"Abril","Uruguay",854,252,602,1106,4,"2015-4",32
2015,"Abril","Uzbekistán",2,0,2,2,4,"2015-4",163
2015,"Abril","Venezuela",25358,37115,-11757,62473,4,"2015-4",2
2015,"Abril","Vietnam",3,5,-2,8,4,"2015-4",113
2015,"Abril","República Árabe de Yemen",3,0,3,3,4,"2015-4",149
2015,"Abril","Zambia",2,1,1,3,4,"2015-4",149
2015,"Abril","Zimbabue",3,0,3,3,4,"2015-4",149
2015,"Abril","Islas Turcas y Caicos/Territorio Británico de Ultramar",2,5,-3,7,4,"2015-4",118
2015,"Abril","Desconocido",213,795,-582,1008,4,"2015-4",33
2015,"Mayo","Afganistán",1,9,-8,10,5,"2015-5",108
2015,"Mayo","Albania",4,1,3,5,5,"2015-5",134
2015,"Mayo","Alemania",3797,2742,1055,6539,5,"2015-5",11
2015,"Mayo","Andorra",8,4,4,12,5,"2015-5",103
2015,"Mayo","Angola",5,17,-12,22,5,"2015-5",84
2015,"Mayo","Antigua y Barbuda",12,4,8,16,5,"2015-5",97
2015,"Mayo","Países Bajos",3160,1921,1239,5081,5,"2015-5",16
2015,"Mayo","Arabia Saudita",16,41,-25,57,5,"2015-5",71
2015,"Mayo","Argelia",10,10,0,20,5,"2015-5",88
2015,"Mayo","Argentina",10794,4841,5953,15635,5,"2015-5",10
2015,"Mayo","República de Armenia",5,1,4,6,5,"2015-5",127
2015,"Mayo","Aruba",5,4791,-4786,4796,5,"2015-5",17
2015,"Mayo","Australia",1128,360,768,1488,5,"2015-5",26
2015,"Mayo","Austria",382,76,306,458,5,"2015-5",42
2015,"Mayo","Azerbaiyán",6,4,2,10,5,"2015-5",108
2015,"Mayo","Bahamas",12,84,-72,96,5,"2015-5",61
2015,"Mayo","Bahréin",1,2,-1,3,5,"2015-5",152
2015,"Mayo","Bangladesh",6,1,5,7,5,"2015-5",122
2015,"Mayo","Barbados",10,10,0,20,5,"2015-5",88
2015,"Mayo","República de Belarús",10,2,8,12,5,"2015-5",103
2015,"Mayo","Bélgica",529,158,371,687,5,"2015-5",37
2015,"Mayo","Belice",23,15,8,38,5,"2015-5",77
2015,"Mayo","Bermudas/Territorio Británico de Ultramar",6,3,3,9,5,"2015-5",112
2015,"Mayo","Bolivia",1058,854,204,1912,5,"2015-5",24
2015,"Mayo","Bosnia y Herzegovina",1,0,1,1,5,"2015-5",183
2015,"Mayo","Brasil",11053,6685,4368,17738,5,"2015-5",8
2015,"Mayo","Brunei Darussalam",1,0,1,1,5,"2015-5",183
2015,"Mayo","Bulgaria",51,27,24,78,5,"2015-5",64
2015,"Mayo","Burkina Faso",1,1,0,2,5,"2015-5",163
2015,"Mayo","Burundi",1,0,1,1,5,"2015-5",183
2015,"Mayo","Bután",1,0,1,1,5,"2015-5",183
2015,"Mayo","Islas Caimán/Territorio Británico de Ultramar",8,3,5,11,5,"2015-5",104
2015,"Mayo","Camboya",3,11,-8,14,5,"2015-5",98
2015,"Mayo","Camerún",3,1,2,4,5,"2015-5",144
2015,"Mayo","Canadá",2500,3579,-1079,6079,5,"2015-5",13
2015,"Mayo","España",8688,18462,-9774,27150,5,"2015-5",6
2015,"Mayo","República de Corea",715,67,648,782,5,"2015-5",36
2015,"Mayo","Costa de Marfil",1,9,-8,10,5,"2015-5",108
2015,"Mayo","Costa Rica",2488,2069,419,4557,5,"2015-5",18
2015,"Mayo","Croacia",52,3,49,55,5,"2015-5",72
2015,"Mayo","Cuba",928,2277,-1349,3205,5,"2015-5",21
2015,"Mayo","República Checa",102,30,72,132,5,"2015-5",57
2015,"Mayo","Chile",10255,6387,3868,16642,5,"2015-5",9
2015,"Mayo","China",1579,904,675,2483,5,"2015-5",23
2015,"Mayo","Chipre",8,1,7,9,5,"2015-5",112
2015,"Mayo","Dinamarca",305,74,231,379,5,"2015-5",45
2015,"Mayo","Dominica",8,0,8,8,5,"2015-5",116
2015,"Mayo","Ecuador",11085,20850,-9765,31935,5,"2015-5",5
2015,"Mayo","Egipto",37,49,-12,86,5,"2015-5",62
2015,"Mayo","El Salvador",1755,1690,65,3445,5,"2015-5",20
2015,"Mayo","Emiratos Árabes",10,353,-343,363,5,"2015-5",46
2015,"Mayo","Eritrea",1,2,-1,3,5,"2015-5",152
2015,"Mayo","Eslovaquia",34,1,33,35,5,"2015-5",78
2015,"Mayo","Eslovenia",25,1,24,26,5,"2015-5",82
2015,"Mayo","Estados Unidos de América",32772,97636,-64864,130408,5,"2015-5",1
2015,"Mayo","Estonia",16,2,14,18,5,"2015-5",91
2015,"Mayo","Etiopia",3,6,-3,9,5,"2015-5",112
2015,"Mayo","Filipinas",263,10,253,273,5,"2015-5",48
2015,"Mayo","Finlandia",147,10,137,157,5,"2015-5",55
2015,"Mayo","Francia",3559,2609,950,6168,5,"2015-5",12
2015,"Mayo","Georgia",7,0,7,7,5,"2015-5",122
2015,"Mayo","Ghana",10,2,8,12,5,"2015-5",103
2015,"Mayo","Granada",8,0,8,8,5,"2015-5",116
2015,"Mayo","Grecia",86,38,48,124,5,"2015-5",59
2015,"Mayo","Guatemala",1390,1477,-87,2867,5,"2015-5",22
2015,"Mayo","Guyana",22,6,16,28,5,"2015-5",81
2015,"Mayo","Guinea",1,3,-2,4,5,"2015-5",144
2015,"Mayo","Guinea Bissau",1,1,0,2,5,"2015-5",163
2015,"Mayo","Haití",20,33,-13,53,5,"2015-5",74
2015,"Mayo","Honduras",580,375,205,955,5,"2015-5",34
2015,"Mayo","Hong Kong",5,78,-73,83,5,"2015-5",63
2015,"Mayo","Hungría",62,9,53,71,5,"2015-5",65
2015,"Mayo","India",573,46,527,619,5,"2015-5",38
2015,"Mayo","Indonesia",46,23,23,69,5,"2015-5",67
2015,"Mayo","Irán",23,7,16,30,5,"2015-5",80
2015,"Mayo","República de Irlanda",307,26,281,333,5,"2015-5",47
2015,"Mayo","Islandia",13,3,10,16,5,"2015-5",97
2015,"Mayo","Israel",1360,259,1101,1619,5,"2015-5",25
2015,"Mayo","Italia",2585,1155,1430,3740,5,"2015-5",19
2015,"Mayo","Jamaica",62,110,-48,172,5,"2015-5",54
2015,"Mayo","Japón",715,119,596,834,5,"2015-5",35
2015,"Mayo","Jordania",6,2,4,8,5,"2015-5",116
2015,"Mayo","Kazajistán",14,4,10,18,5,"2015-5",91
2015,"Mayo","Kenia",11,11,0,22,5,"2015-5",84
2015,"Mayo","Kiribati",4,0,4,4,5,"2015-5",144
2015,"Mayo","Kirguistán",1,0,1,1,5,"2015-5",183
2015,"Mayo","Kuwait",6,7,-1,13,5,"2015-5",100
2015,"Mayo","República de Kosovo",3,0,3,3,5,"2015-5",152
2015,"Mayo","Letonia",18,2,16,20,5,"2015-5",88
2015,"Mayo","Lituania",36,5,31,41,5,"2015-5",76
2015,"Mayo","Líbano",48,77,-29,125,5,"2015-5",58
2015,"Mayo","Liechtenstein",3,0,3,3,5,"2015-5",152
2015,"Mayo","Luxemburgo",12,4,8,16,5,"2015-5",97
2015,"Mayo","Macedonia",3,0,3,3,5,"2015-5",152
2015,"Mayo","Madagascar",1,1,0,2,5,"2015-5",163
2015,"Mayo","Malasia",31,30,1,61,5,"2015-5",70
2015,"Mayo","Malta",5,15,-10,20,5,"2015-5",88
2015,"Mayo","Marruecos",17,89,-72,106,5,"2015-5",60
2015,"Mayo","Mauricio",1,1,0,2,5,"2015-5",163
2015,"Mayo","México",12356,26431,-14075,38787,5,"2015-5",3
2015,"Mayo","República de Moldavia",2,0,2,2,5,"2015-5",163
2015,"Mayo","Mónaco",1,7,-6,8,5,"2015-5",116
2015,"Mayo","Mongolia",5,0,5,5,5,"2015-5",134
2015,"Mayo","Montenegro",4,0,4,4,5,"2015-5",144
2015,"Mayo","Mozambique",2,0,2,2,5,"2015-5",163
2015,"Mayo","Myanmar",1,0,1,1,5,"2015-5",183
2015,"Mayo","Nepal",4,3,1,7,5,"2015-5",122
2015,"Mayo","Nicaragua",231,230,1,461,5,"2015-5",41
2015,"Mayo","Nigeria",15,16,-1,31,5,"2015-5",79
2015,"Mayo","Noruega",184,48,136,232,5,"2015-5",50
2015,"Mayo","Nueva Zelanda",192,47,145,239,5,"2015-5",49
2015,"Mayo","Pakistán",16,0,16,16,5,"2015-5",97
2015,"Mayo","Panamá",4463,29582,-25119,34045,5,"2015-5",4
2015,"Mayo","Paraguay",851,211,640,1062,5,"2015-5",33
2015,"Mayo","Perú",11365,10394,971,21759,5,"2015-5",7
2015,"Mayo","Palestina",6,1,5,7,5,"2015-5",122
2015,"Mayo","Polonia",372,29,343,401,5,"2015-5",44
2015,"Mayo","Portugal",842,298,544,1140,5,"2015-5",32
2015,"Mayo","Qatar",3,3,0,6,5,"2015-5",127
2015,"Mayo","Reino Unido de Gran Bretaña e Irlanda del Norte",3241,2609,632,5850,5,"2015-5",14
2015,"Mayo","Federación de Rusia",423,109,314,532,5,"2015-5",40
2015,"Mayo","República Dominicana",1126,4216,-3090,5342,5,"2015-5",15
2015,"Mayo","República Democrática Popular de Corea",2,4,-2,6,5,"2015-5",127
2015,"Mayo","Rumania",132,8,124,140,5,"2015-5",56
2015,"Mayo","Rwanda",2,0,2,2,5,"2015-5",163
2015,"Mayo","San Cristóbal y Nevis",4,0,4,4,5,"2015-5",144
2015,"Mayo","San Marino",3,2,1,5,5,"2015-5",134
2015,"Mayo","San  Vicente y las Granadinas",4,0,4,4,5,"2015-5",144
2015,"Mayo","Santa Lucia",8,8,0,16,5,"2015-5",97
2015,"Mayo","Santa Sede/Ciudad del Vaticano",2,0,2,2,5,"2015-5",163
2015,"Mayo","Senegal",2,4,-2,6,5,"2015-5",127
2015,"Mayo","Serbia",18,0,18,18,5,"2015-5",91
2015,"Mayo","Singapur",36,18,18,54,5,"2015-5",73
2015,"Mayo","República Árabe Siria",5,0,5,5,5,"2015-5",134
2015,"Mayo","Sri Lanka",5,2,3,7,5,"2015-5",122
2015,"Mayo","Sudáfrica",161,21,140,182,5,"2015-5",53
2015,"Mayo","Sudán",2,1,1,3,5,"2015-5",152
2015,"Mayo","Suecia",420,157,263,577,5,"2015-5",39
2015,"Mayo","Suiza",976,497,479,1473,5,"2015-5",27
2015,"Mayo","Surinam",52,16,36,68,5,"2015-5",68
2015,"Mayo","Suazilandia",1,0,1,1,5,"2015-5",183
2015,"Mayo","Taiwán",165,18,147,183,5,"2015-5",52
2015,"Mayo","República de Tayikistán",4,0,4,4,5,"2015-5",144
2015,"Mayo","Tailandia",13,48,-35,61,5,"2015-5",70
2015,"Mayo","Tanzania",1,3,-2,4,5,"2015-5",144
2015,"Mayo","Trinidad y Tobago",120,98,22,218,5,"2015-5",51
2015,"Mayo","Túnez",5,0,5,5,5,"2015-5",134
2015,"Mayo","Turquía",132,293,-161,425,5,"2015-5",43
2015,"Mayo","Ucrania",66,4,62,70,5,"2015-5",66
2015,"Mayo","Uganda",6,1,5,7,5,"2015-5",122
2015,"Mayo","Uruguay",1018,230,788,1248,5,"2015-5",30
2015,"Mayo","Uzbekistán",3,0,3,3,5,"2015-5",152
2015,"Mayo","Venezuela",25215,37348,-12133,62563,5,"2015-5",2
2015,"Mayo","Vietnam",24,20,4,44,5,"2015-5",75
2015,"Mayo","Zambia",10,0,10,10,5,"2015-5",108
2015,"Mayo","Zimbabue",9,0,9,9,5,"2015-5",112
2015,"Mayo","Desconocido",199,975,-776,1174,5,"2015-5",31
2015,"Junio","Afganistán",8,11,-3,19,6,"2015-6",93
2015,"Junio","Albania",10,0,10,10,6,"2015-6",109
2015,"Junio","Alemania",3741,3706,35,7447,6,"2015-6",14
2015,"Junio","Andorra",11,3,8,14,6,"2015-6",99
2015,"Junio","Angola",1,5,-4,6,6,"2015-6",129
2015,"Junio","Antigua y Barbuda",15,3,12,18,6,"2015-6",95
2015,"Junio","Países Bajos",2777,2469,308,5246,6,"2015-6",16
2015,"Junio","Arabia Saudita",9,47,-38,56,6,"2015-6",72
2015,"Junio","Argelia",10,9,1,19,6,"2015-6",93
2015,"Junio","Argentina",8742,5759,2983,14501,6,"2015-6",10
2015,"Junio","República de Armenia",3,0,3,3,6,"2015-6",148
2015,"Junio","Australia",1015,464,551,1479,6,"2015-6",27
2015,"Junio","Austria",344,130,214,474,6,"2015-6",42
2015,"Junio","Azerbaiyán",8,0,8,8,6,"2015-6",118
2015,"Junio","Bahamas",37,169,-132,206,6,"2015-6",54
2015,"Junio","Bahréin",5,5,0,10,6,"2015-6",109
2015,"Junio","Bangladesh",2,1,1,3,6,"2015-6",148
2015,"Junio","Barbados",21,19,2,40,6,"2015-6",80
2015,"Junio","República de Belarús",8,7,1,15,6,"2015-6",98
2015,"Junio","Bélgica",714,305,409,1019,6,"2015-6",34
2015,"Junio","Belice",20,24,-4,44,6,"2015-6",77
2015,"Junio","Benín",4,0,4,4,6,"2015-6",141
2015,"Junio","Bermudas/Territorio Británico de Ultramar",1,7,-6,8,6,"2015-6",118
2015,"Junio","Bolivia",1329,853,476,2182,6,"2015-6",23
2015,"Junio","Bosnia y Herzegovina",3,0,3,3,6,"2015-6",148
2015,"Junio","Botsuana",3,1,2,4,6,"2015-6",141
2015,"Junio","Brasil",9423,7404,2019,16827,6,"2015-6",9
2015,"Junio","Brunei Darussalam",2,0,2,2,6,"2015-6",163
2015,"Junio","Bulgaria",52,3,49,55,6,"2015-6",73
2015,"Junio","Cabo Verde",1,0,1,1,6,"2015-6",177
2015,"Junio","Islas Caimán/Territorio Británico de Ultramar",1,8,-7,9,6,"2015-6",114
2015,"Junio","Camerún",7,1,6,8,6,"2015-6",118
2015,"Junio","Canadá",2819,5219,-2400,8038,6,"2015-6",13
2015,"Junio","España",9463,24323,-14860,33786,6,"2015-6",6
2015,"Junio","República Democrática del Congo",2,0,2,2,6,"2015-6",163
2015,"Junio","República de Corea",675,84,591,759,6,"2015-6",37
2015,"Junio","Costa de Marfil",3,18,-15,21,6,"2015-6",88
2015,"Junio","Costa Rica",2179,2116,63,4295,6,"2015-6",19
2015,"Junio","Croacia",62,18,44,80,6,"2015-6",66
2015,"Junio","Cuba",1206,3404,-2198,4610,6,"2015-6",17
2015,"Junio","República Checa",125,58,67,183,6,"2015-6",55
2015,"Junio","Chile",6936,15933,-8997,22869,6,"2015-6",8
2015,"Junio","China",1078,712,366,1790,6,"2015-6",24
2015,"Junio","Chipre",12,1,11,13,6,"2015-6",101
2015,"Junio","Dinamarca",303,109,194,412,6,"2015-6",45
2015,"Junio","Dominica",3,0,3,3,6,"2015-6",148
2015,"Junio","Ecuador",9961,27998,-18037,37959,6,"2015-6",5
2015,"Junio","Egipto",28,83,-55,111,6,"2015-6",62
2015,"Junio","El Salvador",1682,2183,-501,3865,6,"2015-6",20
2015,"Junio","Emiratos Árabes",7,241,-234,248,6,"2015-6",51
2015,"Junio","Eritrea",3,1,2,4,6,"2015-6",141
2015,"Junio","Eslovaquia",55,11,44,66,6,"2015-6",68
2015,"Junio","Eslovenia",34,6,28,40,6,"2015-6",80
2015,"Junio","Estados Unidos de América",45727,133255,-87528,178982,6,"2015-6",1
2015,"Junio","Estonia",31,2,29,33,6,"2015-6",83
2015,"Junio","Etiopia",7,2,5,9,6,"2015-6",114
2015,"Junio","Islas Fiji",1,0,1,1,6,"2015-6",177
2015,"Junio","Filipinas",281,19,262,300,6,"2015-6",48
2015,"Junio","Finlandia",141,23,118,164,6,"2015-6",59
2015,"Junio","Francia",4095,3979,116,8074,6,"2015-6",12
2015,"Junio","Gabón",1,0,1,1,6,"2015-6",177
2015,"Junio","Georgia",18,1,17,19,6,"2015-6",93
2015,"Junio","Ghana",9,1,8,10,6,"2015-6",109
2015,"Junio","Granada",5,0,5,5,6,"2015-6",133
2015,"Junio","Grecia",92,88,4,180,6,"2015-6",56
2015,"Junio","Guatemala",1519,1720,-201,3239,6,"2015-6",22
2015,"Junio","Guyana",22,6,16,28,6,"2015-6",84
2015,"Junio","Guinea",2,2,0,4,6,"2015-6",141
2015,"Junio","Haití",40,27,13,67,6,"2015-6",67
2015,"Junio","Honduras",565,418,147,983,6,"2015-6",35
2015,"Junio","Hong Kong",5,78,-73,83,6,"2015-6",64
2015,"Junio","Hungría",54,7,47,61,6,"2015-6",70
2015,"Junio","India",507,99,408,606,6,"2015-6",39
2015,"Junio","Indonesia",63,17,46,80,6,"2015-6",66
2015,"Junio","Irán",19,8,11,27,6,"2015-6",85
2015,"Junio","República de Irlanda",387,36,351,423,6,"2015-6",44
2015,"Junio","Islandia",13,5,8,18,6,"2015-6",95
2015,"Junio","Israel",1099,348,751,1447,6,"2015-6",29
2015,"Junio","Italia",2722,1861,861,4583,6,"2015-6",18
2015,"Junio","Jamaica",127,136,-9,263,6,"2015-6",50
2015,"Junio","Japón",688,212,476,900,6,"2015-6",36
2015,"Junio","Jordania",3,12,-9,15,6,"2015-6",98
2015,"Junio","Kazajistán",11,2,9,13,6,"2015-6",101
2015,"Junio","Kenia",40,8,32,48,6,"2015-6",76
2015,"Junio","Kuwait",6,4,2,10,6,"2015-6",109
2015,"Junio","Lesoto",2,0,2,2,6,"2015-6",163
2015,"Junio","Letonia",39,1,38,40,6,"2015-6",80
2015,"Junio","Lituania",46,4,42,50,6,"2015-6",75
2015,"Junio","Líbano",65,165,-100,230,6,"2015-6",53
2015,"Junio","Libia",1,1,0,2,6,"2015-6",163
2015,"Junio","Liechtenstein",4,0,4,4,6,"2015-6",141
2015,"Junio","Luxemburgo",4,6,-2,10,6,"2015-6",109
2015,"Junio","Macedonia",2,0,2,2,6,"2015-6",163
2015,"Junio","Malasia",43,10,33,53,6,"2015-6",74
2015,"Junio","Malawi",1,1,0,2,6,"2015-6",163
2015,"Junio","Malí",1,0,1,1,6,"2015-6",177
2015,"Junio","Malta",8,26,-18,34,6,"2015-6",82
2015,"Junio","Marruecos",22,15,7,37,6,"2015-6",81
2015,"Junio","Mauricio",7,0,7,7,6,"2015-6",123
2015,"Junio","Mauritania",1,1,0,2,6,"2015-6",163
2015,"Junio","México",13201,39436,-26235,52637,6,"2015-6",3
2015,"Junio","República de Moldavia",5,0,5,5,6,"2015-6",133
2015,"Junio","Mónaco",1,1,0,2,6,"2015-6",163
2015,"Junio","Mongolia",4,0,4,4,6,"2015-6",141
2015,"Junio","Montenegro",2,0,2,2,6,"2015-6",163
2015,"Junio","Mozambique",1,1,0,2,6,"2015-6",163
2015,"Junio","Myanmar",3,1,2,4,6,"2015-6",141
2015,"Junio","Nepal",10,0,10,10,6,"2015-6",109
2015,"Junio","Nicaragua",196,273,-77,469,6,"2015-6",43
2015,"Junio","Nigeria",11,10,1,21,6,"2015-6",88
2015,"Junio","Noruega",410,64,346,474,6,"2015-6",42
2015,"Junio","Nueva Zelanda",215,64,151,279,6,"2015-6",49
2015,"Junio","Omán",2,6,-4,8,6,"2015-6",118
2015,"Junio","Pakistán",17,2,15,19,6,"2015-6",93
2015,"Junio","Panamá",4010,38452,-34442,42462,6,"2015-6",4
2015,"Junio","Paraguay",782,315,467,1097,6,"2015-6",33
2015,"Junio","Perú",9306,14899,-5593,24205,6,"2015-6",7
2015,"Junio","Palestina",5,1,4,6,6,"2015-6",129
2015,"Junio","Polonia",250,72,178,322,6,"2015-6",47
2015,"Junio","Portugal",797,776,21,1573,6,"2015-6",26
2015,"Junio","Qatar",3,6,-3,9,6,"2015-6",114
2015,"Junio","Reino Unido de Gran Bretaña e Irlanda del Norte",3288,3955,-667,7243,6,"2015-6",15
2015,"Junio","República CentroÁfricana",1,6,-5,7,6,"2015-6",123
2015,"Junio","Federación de Rusia",351,181,170,532,6,"2015-6",40
2015,"Junio","República Dominicana",1213,7586,-6373,8799,6,"2015-6",11
2015,"Junio","Rumania",140,8,132,148,6,"2015-6",60
2015,"Junio","Rwanda",1,0,1,1,6,"2015-6",177
2015,"Junio","San Cristóbal y Nevis",6,0,6,6,6,"2015-6",129
2015,"Junio","Samoa Occidental",1,0,1,1,6,"2015-6",177
2015,"Junio","San  Vicente y las Granadinas",6,1,5,7,6,"2015-6",123
2015,"Junio","Santa Lucia",7,0,7,7,6,"2015-6",123
2015,"Junio","Santa Sede/Ciudad del Vaticano",1,0,1,1,6,"2015-6",177
2015,"Junio","Senegal",11,1,10,12,6,"2015-6",102
2015,"Junio","Serbia",22,1,21,23,6,"2015-6",86
2015,"Junio","Seychelles",2,1,1,3,6,"2015-6",148
2015,"Junio","Sierra Leona",1,0,1,1,6,"2015-6",177
2015,"Junio","Singapur",61,42,19,103,6,"2015-6",63
2015,"Junio","República Árabe Siria",5,0,5,5,6,"2015-6",133
2015,"Junio","Sri Lanka",4,2,2,6,6,"2015-6",129
2015,"Junio","Sudáfrica",155,17,138,172,6,"2015-6",57
2015,"Junio","Sudán",2,0,2,2,6,"2015-6",163
2015,"Junio","Suecia",567,156,411,723,6,"2015-6",38
2015,"Junio","Suiza",1088,624,464,1712,6,"2015-6",25
2015,"Junio","Surinam",42,22,20,64,6,"2015-6",69
2015,"Junio","Taiwán",162,5,157,167,6,"2015-6",58
2015,"Junio","Tailandia",56,62,-6,118,6,"2015-6",61
2015,"Junio","Tanzania",10,0,10,10,6,"2015-6",109
2015,"Junio","Togo",2,4,-2,6,6,"2015-6",129
2015,"Junio","Trinidad y Tobago",132,100,32,232,6,"2015-6",52
2015,"Junio","Túnez",7,0,7,7,6,"2015-6",123
2015,"Junio","Turquía",130,244,-114,374,6,"2015-6",46
2015,"Junio","Ucrania",54,2,52,56,6,"2015-6",72
2015,"Junio","Uganda",10,6,4,16,6,"2015-6",96
2015,"Junio","Uruguay",990,167,823,1157,6,"2015-6",32
2015,"Junio","Uzbekistán",1,0,1,1,6,"2015-6",177
2015,"Junio","Venezuela",24051,56917,-32866,80968,6,"2015-6",2
2015,"Junio","Vietnam",17,3,14,20,6,"2015-6",89
2015,"Junio","República Árabe de Yemen",1,0,1,1,6,"2015-6",177
2015,"Junio","Zambia",5,0,5,5,6,"2015-6",133
2015,"Junio","Zimbabue",2,0,2,2,6,"2015-6",163
2015,"Junio","Desconocido",190,1003,-813,1193,6,"2015-6",31
2015,"Julio","Afganistán",1,4,-3,5,7,"2015-7",142
2015,"Julio","Albania",8,3,5,11,7,"2015-7",120
2015,"Julio","Alemania",5255,2471,2784,7726,7,"2015-7",14
2015,"Julio","Andorra",9,0,9,9,7,"2015-7",126
2015,"Julio","Angola",5,14,-9,19,7,"2015-7",103
2015,"Julio","Antigua y Barbuda",19,0,19,19,7,"2015-7",103
2015,"Julio","Países Bajos",5174,2362,2812,7536,7,"2015-7",15
2015,"Julio","Arabia Saudita",20,47,-27,67,7,"2015-7",69
2015,"Julio","Argelia",21,8,13,29,7,"2015-7",90
2015,"Julio","Argentina",10356,5042,5314,15398,7,"2015-7",10
2015,"Julio","República de Armenia",3,1,2,4,7,"2015-7",148
2015,"Julio","Aruba",5,3081,-3076,3086,7,"2015-7",21
2015,"Julio","Australia",1260,483,777,1743,7,"2015-7",26
2015,"Julio","Austria",676,109,567,785,7,"2015-7",38
2015,"Julio","Azerbaiyán",8,6,2,14,7,"2015-7",108
2015,"Julio","Bahamas",44,87,-43,131,7,"2015-7",60
2015,"Julio","Bahréin",13,13,0,26,7,"2015-7",95
2015,"Julio","Bangladesh",1,1,0,2,7,"2015-7",167
2015,"Julio","Barbados",47,6,41,53,7,"2015-7",77
2015,"Julio","República de Belarús",16,6,10,22,7,"2015-7",98
2015,"Julio","Bélgica",1180,361,819,1541,7,"2015-7",27
2015,"Julio","Belice",29,16,13,45,7,"2015-7",80
2015,"Julio","Benín",2,2,0,4,7,"2015-7",148
2015,"Julio","Bermudas/Territorio Británico de Ultramar",10,3,7,13,7,"2015-7",113
2015,"Julio","Bolivia",1372,867,505,2239,7,"2015-7",24
2015,"Julio","Bosnia y Herzegovina",4,2,2,6,7,"2015-7",137
2015,"Julio","Botsuana",6,0,6,6,7,"2015-7",137
2015,"Julio","Brasil",11430,6153,5277,17583,7,"2015-7",8
2015,"Julio","Bulgaria",51,6,45,57,7,"2015-7",76
2015,"Julio","Burkina Faso",2,0,2,2,7,"2015-7",167
2015,"Julio","Islas Caimán/Territorio Británico de Ultramar",18,15,3,33,7,"2015-7",86
2015,"Julio","Camboya",1,7,-6,8,7,"2015-7",128
2015,"Julio","Camerún",5,9,-4,14,7,"2015-7",108
2015,"Julio","Canadá",3374,4749,-1375,8123,7,"2015-7",13
2015,"Julio","Chad",2,2,0,4,7,"2015-7",148
2015,"Julio","España",10552,18955,-8403,29507,7,"2015-7",6
2015,"Julio","Comoras",1,0,1,1,7,"2015-7",197
2015,"Julio","República Democrática del Congo",5,1,4,6,7,"2015-7",137
2015,"Julio","República de Corea",854,39,815,893,7,"2015-7",36
2015,"Julio","Costa de Marfil",4,8,-4,12,7,"2015-7",117
2015,"Julio","Costa Rica",2895,2422,473,5317,7,"2015-7",17
2015,"Julio","Croacia",59,13,46,72,7,"2015-7",68
2015,"Julio","Cuba",679,2317,-1638,2996,7,"2015-7",22
2015,"Julio","República Checa",139,21,118,160,7,"2015-7",57
2015,"Julio","Chile",9472,5949,3523,15421,7,"2015-7",9
2015,"Julio","China",1333,641,692,1974,7,"2015-7",25
2015,"Julio","Chipre",13,0,13,13,7,"2015-7",113
2015,"Julio","Dinamarca",470,128,342,598,7,"2015-7",40
2015,"Julio","Dominica",10,10,0,20,7,"2015-7",101
2015,"Julio","Ecuador",13510,32433,-18923,45943,7,"2015-7",4
2015,"Julio","Egipto",54,58,-4,112,7,"2015-7",62
2015,"Julio","El Salvador",1841,1988,-147,3829,7,"2015-7",19
2015,"Julio","Emiratos Árabes",29,460,-431,489,7,"2015-7",45
2015,"Julio","Eslovaquia",63,1,62,64,7,"2015-7",71
2015,"Julio","Eslovenia",60,3,57,63,7,"2015-7",72
2015,"Julio","Estados Unidos de América",47521,121230,-73709,168751,7,"2015-7",1
2015,"Julio","Estonia",27,3,24,30,7,"2015-7",88
2015,"Julio","Etiopia",33,12,21,45,7,"2015-7",80
2015,"Julio","Islas Fiji",1,0,1,1,7,"2015-7",197
2015,"Julio","Filipinas",239,15,224,254,7,"2015-7",51
2015,"Julio","Finlandia",133,24,109,157,7,"2015-7",59
2015,"Julio","Francia",6544,3001,3543,9545,7,"2015-7",11
2015,"Julio","Gabón",1,0,1,1,7,"2015-7",197
2015,"Julio","Georgia",11,2,9,13,7,"2015-7",113
2015,"Julio","Ghana",23,3,20,26,7,"2015-7",95
2015,"Julio","Granada",8,2,6,10,7,"2015-7",124
2015,"Julio","Grecia",148,59,89,207,7,"2015-7",54
2015,"Julio","Guatemala",1636,1622,14,3258,7,"2015-7",20
2015,"Julio","Guyana",24,11,13,35,7,"2015-7",84
2015,"Julio","Guinea Ecuatorial",2,11,-9,13,7,"2015-7",113
2015,"Julio","Guinea Bissau",2,0,2,2,7,"2015-7",167
2015,"Julio","Haití",35,25,10,60,7,"2015-7",74
2015,"Julio","Honduras",720,421,299,1141,7,"2015-7",33
2015,"Julio","Hong Kong",7,55,-48,62,7,"2015-7",73
2015,"Julio","Hungría",106,13,93,119,7,"2015-7",61
2015,"Julio","India",531,83,448,614,7,"2015-7",39
2015,"Julio","Indonesia",57,34,23,91,7,"2015-7",64
2015,"Julio","Iraq",9,18,-9,27,7,"2015-7",93
2015,"Julio","Irán",27,5,22,32,7,"2015-7",87
2015,"Julio","República de Irlanda",481,16,465,497,7,"2015-7",44
2015,"Julio","Islandia",12,3,9,15,7,"2015-7",106
2015,"Julio","Israel",1015,219,796,1234,7,"2015-7",31
2015,"Julio","Italia",3254,1401,1853,4655,7,"2015-7",18
2015,"Julio","Jamaica",128,82,46,210,7,"2015-7",53
2015,"Julio","Japón",791,159,632,950,7,"2015-7",35
2015,"Julio","Jordania",5,24,-19,29,7,"2015-7",90
2015,"Julio","Kazajistán",14,6,8,20,7,"2015-7",101
2015,"Julio","Kenia",68,4,64,72,7,"2015-7",68
2015,"Julio","Kiribati",1,0,1,1,7,"2015-7",197
2015,"Julio","Kirguistán",2,0,2,2,7,"2015-7",167
2015,"Julio","Kuwait",4,6,-2,10,7,"2015-7",124
2015,"Julio","República de Kosovo",1,0,1,1,7,"2015-7",197
2015,"Julio","Lesoto",3,0,3,3,7,"2015-7",157
2015,"Julio","Letonia",43,0,43,43,7,"2015-7",82
2015,"Julio","Lituania",42,1,41,43,7,"2015-7",82
2015,"Julio","Líbano",50,149,-99,199,7,"2015-7",55
2015,"Julio","Liberia",1,2,-1,3,7,"2015-7",157
2015,"Julio","Libia",1,0,1,1,7,"2015-7",197
2015,"Julio","Liechtenstein",7,0,7,7,7,"2015-7",134
2015,"Julio","Luxemburgo",22,6,16,28,7,"2015-7",92
2015,"Julio","Macedonia",9,0,9,9,7,"2015-7",126
2015,"Julio","Madagascar",1,0,1,1,7,"2015-7",197
2015,"Julio","Malasia",58,30,28,88,7,"2015-7",66
2015,"Julio","Malta",8,26,-18,34,7,"2015-7",85
2015,"Julio","Marruecos",32,15,17,47,7,"2015-7",78
2015,"Julio","Mauricio",8,0,8,8,7,"2015-7",128
2015,"Julio","México",16470,31017,-14547,47487,7,"2015-7",3
2015,"Julio","República de Moldavia",7,0,7,7,7,"2015-7",134
2015,"Julio","Mónaco",1,4,-3,5,7,"2015-7",142
2015,"Julio","Mongolia",1,0,1,1,7,"2015-7",197
2015,"Julio","Montenegro",4,0,4,4,7,"2015-7",148
2015,"Julio","Montserrat/Territorio Británico de Ultramar",1,0,1,1,7,"2015-7",197
2015,"Julio","Micronesia",1,0,1,1,7,"2015-7",197
2015,"Julio","Mozambique",2,8,-6,10,7,"2015-7",124
2015,"Julio","Namibia",5,0,5,5,7,"2015-7",142
2015,"Julio","Nepal",10,0,10,10,7,"2015-7",124
2015,"Julio","Nicaragua",209,215,-6,424,7,"2015-7",47
2015,"Julio","Nigeria",19,9,10,28,7,"2015-7",92
2015,"Julio","Noruega",477,89,388,566,7,"2015-7",42
2015,"Julio","Nueva Zelanda",280,57,223,337,7,"2015-7",48
2015,"Julio","Omán",5,19,-14,24,7,"2015-7",97
2015,"Julio","Papúa Nueva Guinea",1,0,1,1,7,"2015-7",197
2015,"Julio","Pakistán",17,0,17,17,7,"2015-7",104
2015,"Julio","Panamá",4680,33733,-29053,38413,7,"2015-7",5
2015,"Julio","Paraguay",324,253,71,577,7,"2015-7",41
2015,"Julio","Perú",12960,11467,1493,24427,7,"2015-7",7
2015,"Julio","Palestina",3,0,3,3,7,"2015-7",157
2015,"Julio","Polonia",301,28,273,329,7,"2015-7",49
2015,"Julio","Portugal",963,368,595,1331,7,"2015-7",30
2015,"Julio","Puerto Rico/Territorio de Estados Unidos",2,1209,-1207,1211,7,"2015-7",32
2015,"Julio","Qatar",5,6,-1,11,7,"2015-7",120
2015,"Julio","Reino Unido de Gran Bretaña e Irlanda del Norte",4427,3727,700,8154,7,"2015-7",12
2015,"Julio","República CentroÁfricana",1,4,-3,5,7,"2015-7",142
2015,"Julio","Federación de Rusia",386,129,257,515,7,"2015-7",43
2015,"Julio","República Dominicana",1303,5243,-3940,6546,7,"2015-7",16
2015,"Julio","Rumania",151,8,143,159,7,"2015-7",58
2015,"Julio","Rwanda",3,1,2,4,7,"2015-7",148
2015,"Julio","San Cristóbal y Nevis",15,0,15,15,7,"2015-7",106
2015,"Julio","San Marino",3,0,3,3,7,"2015-7",157
2015,"Julio","San  Vicente y las Granadinas",6,1,5,7,7,"2015-7",134
2015,"Julio","Santa Lucia",12,1,11,13,7,"2015-7",113
2015,"Julio","Senegal",9,2,7,11,7,"2015-7",120
2015,"Julio","Serbia",33,2,31,35,7,"2015-7",84
2015,"Julio","Seychelles",1,1,0,2,7,"2015-7",167
2015,"Julio","Sierra Leona",1,1,0,2,7,"2015-7",167
2015,"Julio","Singapur",51,39,12,90,7,"2015-7",65
2015,"Julio","República Árabe Siria",4,1,3,5,7,"2015-7",142
2015,"Julio","Somalia",1,0,1,1,7,"2015-7",197
2015,"Julio","Sri Lanka",11,1,10,12,7,"2015-7",117
2015,"Julio","Sudáfrica",199,32,167,231,7,"2015-7",52
2015,"Julio","Sudán",12,0,12,12,7,"2015-7",117
2015,"Julio","Suecia",604,269,335,873,7,"2015-7",37
2015,"Julio","Suiza",2217,600,1617,2817,7,"2015-7",23
2015,"Julio","Surinam",47,19,28,66,7,"2015-7",70
2015,"Julio","Suazilandia",3,0,3,3,7,"2015-7",157
2015,"Julio","Taiwán",162,3,159,165,7,"2015-7",56
2015,"Julio","República de Tayikistán",2,0,2,2,7,"2015-7",167
2015,"Julio","Tailandia",16,42,-26,58,7,"2015-7",75
2015,"Julio","Togo",1,0,1,1,7,"2015-7",197
2015,"Julio","Trinidad y Tobago",195,121,74,316,7,"2015-7",50
2015,"Julio","Túnez",19,1,18,20,7,"2015-7",101
2015,"Julio","Turquía",240,238,2,478,7,"2015-7",46
2015,"Julio","Ucrania",98,2,96,100,7,"2015-7",63
2015,"Julio","Uganda",7,0,7,7,7,"2015-7",134
2015,"Julio","Uruguay",910,165,745,1075,7,"2015-7",34
2015,"Julio","Uzbekistán",12,0,12,12,7,"2015-7",117
2015,"Julio","Venezuela",32205,48916,-16711,81121,7,"2015-7",2
2015,"Julio","Vietnam",10,14,-4,24,7,"2015-7",97
2015,"Julio","República Árabe de Yemen",1,0,1,1,7,"2015-7",197
2015,"Julio","Zambia",3,0,3,3,7,"2015-7",157
2015,"Julio","Zimbabue",7,0,7,7,7,"2015-7",134
2015,"Julio","Islas Turcas y Caicos/Territorio Británico de Ultramar",1,0,1,1,7,"2015-7",197
2015,"Julio","Desconocido",154,1201,-1047,1355,7,"2015-7",29
2015,"Agosto","Afganistán",1,2,-1,3,8,"2015-8",152
2015,"Agosto","Albania",8,1,7,9,8,"2015-8",120
2015,"Agosto","Alemania",5817,2176,3641,7993,8,"2015-8",14
2015,"Agosto","Andorra",13,5,8,18,8,"2015-8",99
2015,"Agosto","Angola",1,16,-15,17,8,"2015-8",101
2015,"Agosto","Antigua y Barbuda",11,7,4,18,8,"2015-8",99
2015,"Agosto","Países Bajos",3284,2774,510,6058,8,"2015-8",16
2015,"Agosto","Arabia Saudita",11,83,-72,94,8,"2015-8",63
2015,"Agosto","Argelia",13,11,2,24,8,"2015-8",92
2015,"Agosto","Argentina",10042,5385,4657,15427,8,"2015-8",10
2015,"Agosto","República de Armenia",4,1,3,5,8,"2015-8",142
2015,"Agosto","Aruba",2,3525,-3523,3527,8,"2015-8",20
2015,"Agosto","Australia",1063,420,643,1483,8,"2015-8",26
2015,"Agosto","Austria",548,111,437,659,8,"2015-8",37
2015,"Agosto","Azerbaiyán",3,10,-7,13,8,"2015-8",109
2015,"Agosto","Bahamas",24,88,-64,112,8,"2015-8",59
2015,"Agosto","Bahréin",3,9,-6,12,8,"2015-8",111
2015,"Agosto","Bangladesh",5,0,5,5,8,"2015-8",142
2015,"Agosto","Barbados",19,2,17,21,8,"2015-8",97
2015,"Agosto","República de Belarús",11,0,11,11,8,"2015-8",115
2015,"Agosto","Bélgica",746,388,358,1134,8,"2015-8",32
2015,"Agosto","Belice",37,24,13,61,8,"2015-8",71
2015,"Agosto","Benín",2,3,-1,5,8,"2015-8",142
2015,"Agosto","Bermudas/Territorio Británico de Ultramar",6,4,2,10,8,"2015-8",117
2015,"Agosto","Bolivia",1375,955,420,2330,8,"2015-8",23
2015,"Agosto","Bosnia y Herzegovina",1,1,0,2,8,"2015-8",167
2015,"Agosto","Botsuana",2,0,2,2,8,"2015-8",167
2015,"Agosto","Brasil",9990,7722,2268,17712,8,"2015-8",8
2015,"Agosto","Bulgaria",44,1,43,45,8,"2015-8",78
2015,"Agosto","Islas Caimán/Territorio Británico de Ultramar",8,14,-6,22,8,"2015-8",95
2015,"Agosto","Camboya",4,3,1,7,8,"2015-8",126
2015,"Agosto","Camerún",7,2,5,9,8,"2015-8",120
2015,"Agosto","Canadá",3000,5060,-2060,8060,8,"2015-8",13
2015,"Agosto","Chad",1,1,0,2,8,"2015-8",167
2015,"Agosto","España",11265,17167,-5902,28432,8,"2015-8",6
2015,"Agosto","República Democrática del Congo",3,3,0,6,8,"2015-8",133
2015,"Agosto","República de Corea",824,61,763,885,8,"2015-8",34
2015,"Agosto","Costa de Marfil",3,10,-7,13,8,"2015-8",109
2015,"Agosto","Costa Rica",2395,2296,99,4691,8,"2015-8",18
2015,"Agosto","Croacia",64,9,55,73,8,"2015-8",67
2015,"Agosto","Cuba",748,2306,-1558,3054,8,"2015-8",21
2015,"Agosto","República Checa",90,7,83,97,8,"2015-8",62
2015,"Agosto","Chile",10090,7391,2699,17481,8,"2015-8",9
2015,"Agosto","China",1380,665,715,2045,8,"2015-8",24
2015,"Agosto","Chipre",16,1,15,17,8,"2015-8",101
2015,"Agosto","Dinamarca",222,84,138,306,8,"2015-8",48
2015,"Agosto","Dominica",9,5,4,14,8,"2015-8",107
2015,"Agosto","Ecuador",16810,23763,-6953,40573,8,"2015-8",4
2015,"Agosto","Egipto",39,26,13,65,8,"2015-8",70
2015,"Agosto","El Salvador",2408,1934,474,4342,8,"2015-8",19
2015,"Agosto","Emiratos Árabes",9,435,-426,444,8,"2015-8",42
2015,"Agosto","Eslovaquia",38,1,37,39,8,"2015-8",81
2015,"Agosto","Eslovenia",44,4,40,48,8,"2015-8",73
2015,"Agosto","Estados Unidos de América",40376,113521,-73145,153897,8,"2015-8",1
2015,"Agosto","Estonia",11,5,6,16,8,"2015-8",105
2015,"Agosto","Etiopia",2,4,-2,6,8,"2015-8",133
2015,"Agosto","Islas Fiji",2,0,2,2,8,"2015-8",167
2015,"Agosto","Filipinas",314,7,307,321,8,"2015-8",47
2015,"Agosto","Finlandia",94,24,70,118,8,"2015-8",58
2015,"Agosto","Francia",5576,3923,1653,9499,8,"2015-8",11
2015,"Agosto","Gabón",1,4,-3,5,8,"2015-8",142
2015,"Agosto","Georgia",5,3,2,8,8,"2015-8",124
2015,"Agosto","Ghana",16,10,6,26,8,"2015-8",91
2015,"Agosto","Granada",6,0,6,6,8,"2015-8",133
2015,"Agosto","Grecia",124,31,93,155,8,"2015-8",55
2015,"Agosto","Guatemala",1594,1453,141,3047,8,"2015-8",22
2015,"Agosto","Guyana",29,19,10,48,8,"2015-8",73
2015,"Agosto","Guinea",1,2,-1,3,8,"2015-8",152
2015,"Agosto","Guinea Ecuatorial",1,13,-12,14,8,"2015-8",107
2015,"Agosto","Haití",19,21,-2,40,8,"2015-8",80
2015,"Agosto","Honduras",689,448,241,1137,8,"2015-8",31
2015,"Agosto","Hong Kong",5,101,-96,106,8,"2015-8",60
2015,"Agosto","Hungría",60,19,41,79,8,"2015-8",64
2015,"Agosto","India",674,80,594,754,8,"2015-8",36
2015,"Agosto","Indonesia",55,23,32,78,8,"2015-8",65
2015,"Agosto","Irán",24,7,17,31,8,"2015-8",87
2015,"Agosto","República de Irlanda",411,38,373,449,8,"2015-8",40
2015,"Agosto","Islandia",11,5,6,16,8,"2015-8",105
2015,"Agosto","Israel",997,246,751,1243,8,"2015-8",29
2015,"Agosto","Italia",4367,1259,3108,5626,8,"2015-8",17
2015,"Agosto","Jamaica",71,163,-92,234,8,"2015-8",53
2015,"Agosto","Japón",766,134,632,900,8,"2015-8",33
2015,"Agosto","Jordania",10,6,4,16,8,"2015-8",105
2015,"Agosto","Kazajistán",13,16,-3,29,8,"2015-8",88
2015,"Agosto","Kenia",24,14,10,38,8,"2015-8",82
2015,"Agosto","Kirguistán",2,0,2,2,8,"2015-8",167
2015,"Agosto","Kuwait",7,9,-2,16,8,"2015-8",105
2015,"Agosto","República de Kosovo",1,0,1,1,8,"2015-8",183
2015,"Agosto","República Democrática Popular  Lao",1,0,1,1,8,"2015-8",183
2015,"Agosto","Lesoto",1,0,1,1,8,"2015-8",183
2015,"Agosto","Letonia",21,1,20,22,8,"2015-8",95
2015,"Agosto","Lituania",45,1,44,46,8,"2015-8",75
2015,"Agosto","Líbano",67,65,2,132,8,"2015-8",57
2015,"Agosto","Liechtenstein",3,0,3,3,8,"2015-8",152
2015,"Agosto","Luxemburgo",30,13,17,43,8,"2015-8",79
2015,"Agosto","Macedonia",1,0,1,1,8,"2015-8",183
2015,"Agosto","Madagascar",1,1,0,2,8,"2015-8",167
2015,"Agosto","Malasia",69,29,40,98,8,"2015-8",61
2015,"Agosto","Malawi",8,0,8,8,8,"2015-8",124
2015,"Agosto","Malí",2,2,0,4,8,"2015-8",146
2015,"Agosto","Malta",12,20,-8,32,8,"2015-8",86
2015,"Agosto","Marruecos",17,4,13,21,8,"2015-8",97
2015,"Agosto","Mauricio",1,0,1,1,8,"2015-8",183
2015,"Agosto","México",14912,33523,-18611,48435,8,"2015-8",3
2015,"Agosto","República de Moldavia",5,0,5,5,8,"2015-8",142
2015,"Agosto","Mónaco",5,2,3,7,8,"2015-8",126
2015,"Agosto","Mongolia",7,1,6,8,8,"2015-8",124
2015,"Agosto","Montenegro",4,0,4,4,8,"2015-8",146
2015,"Agosto","Montserrat/Territorio Británico de Ultramar",1,0,1,1,8,"2015-8",183
2015,"Agosto","Mozambique",3,2,1,5,8,"2015-8",142
2015,"Agosto","Myanmar",4,0,4,4,8,"2015-8",146
2015,"Agosto","Nepal",4,0,4,4,8,"2015-8",146
2015,"Agosto","Nicaragua",217,230,-13,447,8,"2015-8",41
2015,"Agosto","Nigeria",26,8,18,34,8,"2015-8",84
2015,"Agosto","Noruega",243,85,158,328,8,"2015-8",46
2015,"Agosto","Nueva Zelanda",210,47,163,257,8,"2015-8",50
2015,"Agosto","Omán",2,26,-24,28,8,"2015-8",90
2015,"Agosto","Papúa Nueva Guinea",3,2,1,5,8,"2015-8",142
2015,"Agosto","Pakistán",31,1,30,32,8,"2015-8",86
2015,"Agosto","Panamá",5308,33860,-28552,39168,8,"2015-8",5
2015,"Agosto","Paraguay",509,295,214,804,8,"2015-8",35
2015,"Agosto","Perú",12842,12345,497,25187,8,"2015-8",7
2015,"Agosto","Palestina",1,0,1,1,8,"2015-8",183
2015,"Agosto","Polonia",353,14,339,367,8,"2015-8",44
2015,"Agosto","Portugal",956,290,666,1246,8,"2015-8",28
2015,"Agosto","Qatar",3,42,-39,45,8,"2015-8",78
2015,"Agosto","Reino Unido de Gran Bretaña e Irlanda del Norte",3828,3721,107,7549,8,"2015-8",15
2015,"Agosto","República CentroÁfricana",5,6,-1,11,8,"2015-8",115
2015,"Agosto","Federación de Rusia",409,160,249,569,8,"2015-8",39
2015,"Agosto","República Dominicana",1649,6455,-4806,8104,8,"2015-8",12
2015,"Agosto","Rumania",137,15,122,152,8,"2015-8",56
2015,"Agosto","San Cristóbal y Nevis",6,5,1,11,8,"2015-8",115
2015,"Agosto","San Marino",1,1,0,2,8,"2015-8",167
2015,"Agosto","San  Vicente y las Granadinas",10,0,10,10,8,"2015-8",117
2015,"Agosto","Santa Lucia",12,0,12,12,8,"2015-8",111
2015,"Agosto","Santa Sede/Ciudad del Vaticano",2,0,2,2,8,"2015-8",167
2015,"Agosto","Senegal",5,1,4,6,8,"2015-8",133
2015,"Agosto","Serbia",34,2,32,36,8,"2015-8",83
2015,"Agosto","Sierra Leona",5,0,5,5,8,"2015-8",142
2015,"Agosto","Singapur",45,30,15,75,8,"2015-8",66
2015,"Agosto","República Árabe Siria",3,0,3,3,8,"2015-8",152
2015,"Agosto","Sri Lanka",2,0,2,2,8,"2015-8",167
2015,"Agosto","Sudáfrica",208,38,170,246,8,"2015-8",51
2015,"Agosto","Suecia",367,208,159,575,8,"2015-8",38
2015,"Agosto","Suiza",1192,748,444,1940,8,"2015-8",25
2015,"Agosto","Surinam",48,22,26,70,8,"2015-8",69
2015,"Agosto","Taiwán",146,17,129,163,8,"2015-8",54
2015,"Agosto","Tailandia",18,29,-11,47,8,"2015-8",74
2015,"Agosto","Tanzania",5,1,4,6,8,"2015-8",133
2015,"Agosto","Togo",1,0,1,1,8,"2015-8",183
2015,"Agosto","Trinidad y Tobago",157,86,71,243,8,"2015-8",52
2015,"Agosto","Túnez",7,4,3,11,8,"2015-8",115
2015,"Agosto","Turquía",154,151,3,305,8,"2015-8",49
2015,"Agosto","Ucrania",61,10,51,71,8,"2015-8",68
2015,"Agosto","Uganda",15,8,7,23,8,"2015-8",93
2015,"Agosto","Uruguay",1022,172,850,1194,8,"2015-8",30
2015,"Agosto","Uzbekistán",2,0,2,2,8,"2015-8",167
2015,"Agosto","Venezuela",40313,33086,7227,73399,8,"2015-8",2
2015,"Agosto","Vietnam",18,10,8,28,8,"2015-8",90
2015,"Agosto","Islas Vírgenes Británicas/Territorio Británico de Ultramar",1,8,-7,9,8,"2015-8",120
2015,"Agosto","Zambia",1,0,1,1,8,"2015-8",183
2015,"Agosto","Zimbabue",6,0,6,6,8,"2015-8",133
2015,"Agosto","Islas Turcas y Caicos/Territorio Británico de Ultramar",1,0,1,1,8,"2015-8",183
2015,"Agosto","Desconocido",193,193,0,386,8,"2015-8",43
2015,"Septiembre","Afganistán",3,11,-8,14,9,"2015-9",113
2015,"Septiembre","Albania",6,0,6,6,9,"2015-9",136
2015,"Septiembre","Alemania",4144,3045,1099,7189,9,"2015-9",13
2015,"Septiembre","Andorra",12,3,9,15,9,"2015-9",109
2015,"Septiembre","Angola",4,19,-15,23,9,"2015-9",92
2015,"Septiembre","Antigua y Barbuda",13,13,0,26,9,"2015-9",91
2015,"Septiembre","Países Bajos",3082,2276,806,5358,9,"2015-9",17
2015,"Septiembre","Arabia Saudita",25,74,-49,99,9,"2015-9",63
2015,"Septiembre","Argelia",11,10,1,21,9,"2015-9",96
2015,"Septiembre","Argentina",9828,4740,5088,14568,9,"2015-9",10
2015,"Septiembre","República de Armenia",5,0,5,5,9,"2015-9",145
2015,"Septiembre","Aruba",4,4641,-4637,4645,9,"2015-9",19
2015,"Septiembre","Australia",1084,438,646,1522,9,"2015-9",25
2015,"Septiembre","Austria",409,130,279,539,9,"2015-9",39
2015,"Septiembre","Azerbaiyán",9,3,6,12,9,"2015-9",118
2015,"Septiembre","Bahamas",20,56,-36,76,9,"2015-9",66
2015,"Septiembre","Bahréin",17,4,13,21,9,"2015-9",96
2015,"Septiembre","Bangladesh",17,0,17,17,9,"2015-9",105
2015,"Septiembre","Barbados",15,16,-1,31,9,"2015-9",88
2015,"Septiembre","República de Belarús",9,0,9,9,9,"2015-9",126
2015,"Septiembre","Bélgica",549,195,354,744,9,"2015-9",36
2015,"Septiembre","Belice",20,22,-2,42,9,"2015-9",82
2015,"Septiembre","Benín",8,0,8,8,9,"2015-9",129
2015,"Septiembre","Bermudas/Territorio Británico de Ultramar",2,3,-1,5,9,"2015-9",145
2015,"Septiembre","Bolivia",1291,944,347,2235,9,"2015-9",23
2015,"Septiembre","Bosnia y Herzegovina",3,0,3,3,9,"2015-9",161
2015,"Septiembre","Botsuana",3,0,3,3,9,"2015-9",161
2015,"Septiembre","Brasil",12046,6610,5436,18656,9,"2015-9",8
2015,"Septiembre","Bulgaria",64,3,61,67,9,"2015-9",70
2015,"Septiembre","Burkina Faso",2,1,1,3,9,"2015-9",161
2015,"Septiembre","Burundi",1,0,1,1,9,"2015-9",188
2015,"Septiembre","Bután",2,0,2,2,9,"2015-9",172
2015,"Septiembre","Islas Caimán/Territorio Británico de Ultramar",3,17,-14,20,9,"2015-9",100
2015,"Septiembre","Camboya",6,2,4,8,9,"2015-9",129
2015,"Septiembre","Camerún",11,0,11,11,9,"2015-9",122
2015,"Septiembre","Canadá",2226,3678,-1452,5904,9,"2015-9",16
2015,"Septiembre","Chad",3,6,-3,9,9,"2015-9",126
2015,"Septiembre","España",9963,21615,-11652,31578,9,"2015-9",6
2015,"Septiembre","República Del Congo",4,1,3,5,9,"2015-9",145
2015,"Septiembre","República Democrática del Congo",9,1,8,10,9,"2015-9",124
2015,"Septiembre","República de Corea",689,80,609,769,9,"2015-9",35
2015,"Septiembre","Costa de Marfil",13,15,-2,28,9,"2015-9",90
2015,"Septiembre","Costa Rica",2473,3649,-1176,6122,9,"2015-9",15
2015,"Septiembre","Croacia",64,10,54,74,9,"2015-9",67
2015,"Septiembre","Cuba",958,2264,-1306,3222,9,"2015-9",22
2015,"Septiembre","República Checa",82,24,58,106,9,"2015-9",61
2015,"Septiembre","Chile",9273,6761,2512,16034,9,"2015-9",9
2015,"Septiembre","China",1195,606,589,1801,9,"2015-9",24
2015,"Septiembre","Chipre",10,1,9,11,9,"2015-9",122
2015,"Septiembre","Dinamarca",244,43,201,287,9,"2015-9",45
2015,"Septiembre","Dominica",2,5,-3,7,9,"2015-9",132
2015,"Septiembre","Ecuador",13746,19908,-6162,33654,9,"2015-9",4
2015,"Septiembre","Egipto",37,78,-41,115,9,"2015-9",60
2015,"Septiembre","El Salvador",1874,1781,93,3655,9,"2015-9",20
2015,"Septiembre","Emiratos Árabes",8,293,-285,301,9,"2015-9",44
2015,"Septiembre","Eritrea",3,0,3,3,9,"2015-9",161
2015,"Septiembre","Eslovaquia",40,2,38,42,9,"2015-9",82
2015,"Septiembre","Eslovenia",47,2,45,49,9,"2015-9",76
2015,"Septiembre","Estados Unidos de América",30909,95121,-64212,126030,9,"2015-9",1
2015,"Septiembre","Estonia",14,3,11,17,9,"2015-9",105
2015,"Septiembre","Etiopia",12,3,9,15,9,"2015-9",109
2015,"Septiembre","Filipinas",218,16,202,234,9,"2015-9",49
2015,"Septiembre","Finlandia",115,8,107,123,9,"2015-9",59
2015,"Septiembre","Francia",3401,3293,108,6694,9,"2015-9",14
2015,"Septiembre","Gambia",1,0,1,1,9,"2015-9",188
2015,"Septiembre","Georgia",12,4,8,16,9,"2015-9",106
2015,"Septiembre","Ghana",15,2,13,17,9,"2015-9",105
2015,"Septiembre","Granada",4,1,3,5,9,"2015-9",145
2015,"Septiembre","Grecia",89,56,33,145,9,"2015-9",57
2015,"Septiembre","Guatemala",1867,1505,362,3372,9,"2015-9",21
2015,"Septiembre","Guyana",26,17,9,43,9,"2015-9",80
2015,"Septiembre","Guinea",2,0,2,2,9,"2015-9",172
2015,"Septiembre","Guinea Ecuatorial",1,10,-9,11,9,"2015-9",122
2015,"Septiembre","Haití",33,40,-7,73,9,"2015-9",68
2015,"Septiembre","Honduras",899,334,565,1233,9,"2015-9",28
2015,"Septiembre","Hong Kong",5,73,-68,78,9,"2015-9",65
2015,"Septiembre","Hungría",83,16,67,99,9,"2015-9",63
2015,"Septiembre","India",675,122,553,797,9,"2015-9",34
2015,"Septiembre","Indonesia",36,20,16,56,9,"2015-9",73
2015,"Septiembre","Iraq",5,13,-8,18,9,"2015-9",102
2015,"Septiembre","Irán",23,18,5,41,9,"2015-9",84
2015,"Septiembre","República de Irlanda",344,27,317,371,9,"2015-9",43
2015,"Septiembre","Islandia",12,2,10,14,9,"2015-9",113
2015,"Septiembre","Israel",845,241,604,1086,9,"2015-9",31
2015,"Septiembre","Italia",3245,1880,1365,5125,9,"2015-9",18
2015,"Septiembre","Jamaica",85,127,-42,212,9,"2015-9",52
2015,"Septiembre","Japón",775,164,611,939,9,"2015-9",33
2015,"Septiembre","Jordania",23,11,12,34,9,"2015-9",86
2015,"Septiembre","Kazajistán",6,8,-2,14,9,"2015-9",113
2015,"Septiembre","Kenia",39,5,34,44,9,"2015-9",78
2015,"Septiembre","Kiribati",5,0,5,5,9,"2015-9",145
2015,"Septiembre","Kirguistán",2,0,2,2,9,"2015-9",172
2015,"Septiembre","Kuwait",11,9,2,20,9,"2015-9",100
2015,"Septiembre","Letonia",18,0,18,18,9,"2015-9",102
2015,"Septiembre","Lituania",42,9,33,51,9,"2015-9",75
2015,"Septiembre","Líbano",61,74,-13,135,9,"2015-9",58
2015,"Septiembre","Liechtenstein",2,0,2,2,9,"2015-9",172
2015,"Septiembre","Luxemburgo",17,17,0,34,9,"2015-9",86
2015,"Septiembre","Macedonia",1,0,1,1,9,"2015-9",188
2015,"Septiembre","Madagascar",6,0,6,6,9,"2015-9",136
2015,"Septiembre","Malasia",89,125,-36,214,9,"2015-9",51
2015,"Septiembre","Maldivas",3,0,3,3,9,"2015-9",161
2015,"Septiembre","Malta",12,31,-19,43,9,"2015-9",80
2015,"Septiembre","Marruecos",32,15,17,47,9,"2015-9",77
2015,"Septiembre","Mauricio",5,0,5,5,9,"2015-9",145
2015,"Septiembre","México",13335,27360,-14025,40695,9,"2015-9",2
2015,"Septiembre","República de Moldavia",1,0,1,1,9,"2015-9",188
2015,"Septiembre","Mónaco",2,1,1,3,9,"2015-9",161
2015,"Septiembre","Mongolia",12,0,12,12,9,"2015-9",118
2015,"Septiembre","Montenegro",7,1,6,8,9,"2015-9",129
2015,"Septiembre","Mozambique",11,0,11,11,9,"2015-9",122
2015,"Septiembre","Myanmar",1,0,1,1,9,"2015-9",188
2015,"Septiembre","Namibia",3,0,3,3,9,"2015-9",161
2015,"Septiembre","Nepal",10,0,10,10,9,"2015-9",124
2015,"Septiembre","Nicaragua",275,256,19,531,9,"2015-9",40
2015,"Septiembre","Nigeria",20,9,11,29,9,"2015-9",89
2015,"Septiembre","Níger",2,2,0,4,9,"2015-9",150
2015,"Septiembre","Noruega",216,40,176,256,9,"2015-9",46
2015,"Septiembre","Nueva Zelanda",186,55,131,241,9,"2015-9",48
2015,"Septiembre","Omán",5,15,-10,20,9,"2015-9",100
2015,"Septiembre","Pakistán",18,3,15,21,9,"2015-9",96
2015,"Septiembre","Panamá",5482,28143,-22661,33625,9,"2015-9",5
2015,"Septiembre","Paraguay",677,316,361,993,9,"2015-9",32
2015,"Septiembre","Perú",11264,10998,266,22262,9,"2015-9",7
2015,"Septiembre","Palestina",12,0,12,12,9,"2015-9",118
2015,"Septiembre","Polonia",361,44,317,405,9,"2015-9",42
2015,"Septiembre","Portugal",911,529,382,1440,9,"2015-9",26
2015,"Septiembre","Qatar",9,23,-14,32,9,"2015-9",87
2015,"Septiembre","Reino Unido de Gran Bretaña e Irlanda del Norte",3157,4276,-1119,7433,9,"2015-9",11
2015,"Septiembre","Federación de Rusia",482,193,289,675,9,"2015-9",37
2015,"Septiembre","República Dominicana",1462,5901,-4439,7363,9,"2015-9",12
2015,"Septiembre","Rumania",146,15,131,161,9,"2015-9",56
2015,"Septiembre","San Cristóbal y Nevis",3,1,2,4,9,"2015-9",150
2015,"Septiembre","Samoa Occidental",1,0,1,1,9,"2015-9",188
2015,"Septiembre","San Marino",2,0,2,2,9,"2015-9",172
2015,"Septiembre","San  Vicente y las Granadinas",4,0,4,4,9,"2015-9",150
2015,"Septiembre","Santa Lucia",12,0,12,12,9,"2015-9",118
2015,"Septiembre","Santa Sede/Ciudad del Vaticano",1,0,1,1,9,"2015-9",188
2015,"Septiembre","Senegal",6,1,5,7,9,"2015-9",132
2015,"Septiembre","Serbia",12,0,12,12,9,"2015-9",118
2015,"Septiembre","Seychelles",3,0,3,3,9,"2015-9",161
2015,"Septiembre","Sierra Leona",1,0,1,1,9,"2015-9",188
2015,"Septiembre","Singapur",43,29,14,72,9,"2015-9",69
2015,"Septiembre","República Árabe Siria",5,0,5,5,9,"2015-9",145
2015,"Septiembre","Sri Lanka",7,0,7,7,9,"2015-9",132
2015,"Septiembre","Sudáfrica",167,36,131,203,9,"2015-9",53
2015,"Septiembre","Sudán",4,2,2,6,9,"2015-9",136
2015,"Septiembre","Suecia",418,147,271,565,9,"2015-9",38
2015,"Septiembre","Suiza",962,409,553,1371,9,"2015-9",27
2015,"Septiembre","Surinam",53,9,44,62,9,"2015-9",71
2015,"Septiembre","Suazilandia",2,0,2,2,9,"2015-9",172
2015,"Septiembre","Taiwán",185,11,174,196,9,"2015-9",54
2015,"Septiembre","Tailandia",29,55,-26,84,9,"2015-9",64
2015,"Septiembre","Tanzania",3,3,0,6,9,"2015-9",136
2015,"Septiembre","República Democrática de Timor Oriental",1,0,1,1,9,"2015-9",188
2015,"Septiembre","Togo",2,0,2,2,9,"2015-9",172
2015,"Septiembre","Trinidad y Tobago",104,123,-19,227,9,"2015-9",50
2015,"Septiembre","Túnez",18,2,16,20,9,"2015-9",100
2015,"Septiembre","Turquía",185,239,-54,424,9,"2015-9",41
2015,"Septiembre","Ucrania",57,1,56,58,9,"2015-9",72
2015,"Septiembre","Uganda",10,4,6,14,9,"2015-9",113
2015,"Septiembre","Uruguay",1006,171,835,1177,9,"2015-9",29
2015,"Septiembre","Uzbekistán",2,0,2,2,9,"2015-9",172
2015,"Septiembre","Venezuela",27419,7665,19754,35084,9,"2015-9",3
2015,"Septiembre","Vietnam",7,44,-37,51,9,"2015-9",75
2015,"Septiembre","República Árabe de Yemen",1,0,1,1,9,"2015-9",188
2015,"Septiembre","Zambia",14,1,13,15,9,"2015-9",109
2015,"Septiembre","Zimbabue",21,0,21,21,9,"2015-9",96
2015,"Septiembre","Anguila/Territorio Británico de Ultramar",1,0,1,1,9,"2015-9",188
2015,"Septiembre","Desconocido",248,0,248,248,9,"2015-9",47
2015,"Octubre","Albania",4,1,3,5,10,"2015-10",132
2015,"Octubre","Alemania",4729,2120,2609,6849,10,"2015-10",12
2015,"Octubre","Andorra",9,0,9,9,10,"2015-10",111
2015,"Octubre","Angola",2,7,-5,9,10,"2015-10",111
2015,"Octubre","Antigua y Barbuda",19,4,15,23,10,"2015-10",88
2015,"Octubre","Países Bajos",3709,1960,1749,5669,10,"2015-10",16
2015,"Octubre","Arabia Saudita",6,37,-31,43,10,"2015-10",79
2015,"Octubre","Argelia",11,7,4,18,10,"2015-10",92
2015,"Octubre","Argentina",9848,5661,4187,15509,10,"2015-10",10
2015,"Octubre","República de Armenia",1,1,0,2,10,"2015-10",162
2015,"Octubre","Australia",1185,384,801,1569,10,"2015-10",26
2015,"Octubre","Austria",371,58,313,429,10,"2015-10",42
2015,"Octubre","Azerbaiyán",13,2,11,15,10,"2015-10",99
2015,"Octubre","Bahamas",19,97,-78,116,10,"2015-10",63
2015,"Octubre","Bahréin",2,7,-5,9,10,"2015-10",111
2015,"Octubre","Bangladesh",4,4,0,8,10,"2015-10",113
2015,"Octubre","Barbados",43,11,32,54,10,"2015-10",76
2015,"Octubre","República de Belarús",27,2,25,29,10,"2015-10",84
2015,"Octubre","Bélgica",651,146,505,797,10,"2015-10",35
2015,"Octubre","Belice",22,57,-35,79,10,"2015-10",70
2015,"Octubre","Benín",3,0,3,3,10,"2015-10",151
2015,"Octubre","Bermudas/Territorio Británico de Ultramar",14,1,13,15,10,"2015-10",99
2015,"Octubre","Bolivia",1511,1035,476,2546,10,"2015-10",23
2015,"Octubre","Bosnia y Herzegovina",4,1,3,5,10,"2015-10",132
2015,"Octubre","Brasil",12992,7196,5796,20188,10,"2015-10",8
2015,"Octubre","Bulgaria",58,10,48,68,10,"2015-10",73
2015,"Octubre","Burundi",2,0,2,2,10,"2015-10",162
2015,"Octubre","Cabo Verde",1,0,1,1,10,"2015-10",179
2015,"Octubre","Islas Caimán/Territorio Británico de Ultramar",4,14,-10,18,10,"2015-10",92
2015,"Octubre","Camerún",4,0,4,4,10,"2015-10",139
2015,"Octubre","Canadá",2744,2584,160,5328,10,"2015-10",17
2015,"Octubre","Chad",3,0,3,3,10,"2015-10",151
2015,"Octubre","España",9534,17509,-7975,27043,10,"2015-10",6
2015,"Octubre","República Democrática del Congo",4,0,4,4,10,"2015-10",139
2015,"Octubre","República de Corea",748,75,673,823,10,"2015-10",34
2015,"Octubre","Costa de Marfil",2,7,-5,9,10,"2015-10",111
2015,"Octubre","Costa Rica",2586,2430,156,5016,10,"2015-10",18
2015,"Octubre","Croacia",74,10,64,84,10,"2015-10",67
2015,"Octubre","Cuba",896,2251,-1355,3147,10,"2015-10",22
2015,"Octubre","República Checa",141,15,126,156,10,"2015-10",59
2015,"Octubre","Chile",9622,7554,2068,17176,10,"2015-10",9
2015,"Octubre","China",1150,694,456,1844,10,"2015-10",24
2015,"Octubre","Chipre",5,1,4,6,10,"2015-10",124
2015,"Octubre","Dinamarca",352,57,295,409,10,"2015-10",43
2015,"Octubre","Dominica",6,0,6,6,10,"2015-10",124
2015,"Octubre","Ecuador",15596,19574,-3978,35170,10,"2015-10",4
2015,"Octubre","Egipto",26,191,-165,217,10,"2015-10",51
2015,"Octubre","El Salvador",2131,1959,172,4090,10,"2015-10",20
2015,"Octubre","Emiratos Árabes",6,340,-334,346,10,"2015-10",45
2015,"Octubre","Eslovaquia",63,2,61,65,10,"2015-10",74
2015,"Octubre","Eslovenia",41,4,37,45,10,"2015-10",77
2015,"Octubre","Estados Unidos de América",31354,96713,-65359,128067,10,"2015-10",1
2015,"Octubre","Estonia",26,1,25,27,10,"2015-10",85
2015,"Octubre","Etiopia",1,8,-7,9,10,"2015-10",111
2015,"Octubre","Filipinas",308,8,300,316,10,"2015-10",47
2015,"Octubre","Finlandia",152,7,145,159,10,"2015-10",58
2015,"Octubre","Francia",4227,2036,2191,6263,10,"2015-10",13
2015,"Octubre","Gambia",1,0,1,1,10,"2015-10",179
2015,"Octubre","Georgia",7,1,6,8,10,"2015-10",113
2015,"Octubre","Ghana",2,5,-3,7,10,"2015-10",118
2015,"Octubre","Granada",8,1,7,9,10,"2015-10",111
2015,"Octubre","Grecia",106,27,79,133,10,"2015-10",62
2015,"Octubre","Guatemala",1885,1497,388,3382,10,"2015-10",21
2015,"Octubre","Guyana",32,8,24,40,10,"2015-10",81
2015,"Octubre","Guinea",3,1,2,4,10,"2015-10",139
2015,"Octubre","Guinea Ecuatorial",1,16,-15,17,10,"2015-10",95
2015,"Octubre","Haití",41,42,-1,83,10,"2015-10",68
2015,"Octubre","Honduras",945,363,582,1308,10,"2015-10",29
2015,"Octubre","Hong Kong",16,126,-110,142,10,"2015-10",60
2015,"Octubre","Hungría",115,22,93,137,10,"2015-10",61
2015,"Octubre","India",520,90,430,610,10,"2015-10",38
2015,"Octubre","Indonesia",49,13,36,62,10,"2015-10",75
2015,"Octubre","Iraq",1,6,-5,7,10,"2015-10",118
2015,"Octubre","Irán",20,4,16,24,10,"2015-10",87
2015,"Octubre","República de Irlanda",349,27,322,376,10,"2015-10",44
2015,"Octubre","Islandia",26,4,22,30,10,"2015-10",83
2015,"Octubre","Israel",720,384,336,1104,10,"2015-10",31
2015,"Octubre","Italia",3061,1203,1858,4264,10,"2015-10",19
2015,"Octubre","Jamaica",117,125,-8,242,10,"2015-10",50
2015,"Octubre","Japón",694,142,552,836,10,"2015-10",33
2015,"Octubre","Jordania",3,7,-4,10,10,"2015-10",104
2015,"Octubre","Kazajistán",12,3,9,15,10,"2015-10",99
2015,"Octubre","Kenia",12,3,9,15,10,"2015-10",99
2015,"Octubre","Kiribati",1,0,1,1,10,"2015-10",179
2015,"Octubre","Kirguistán",7,0,7,7,10,"2015-10",118
2015,"Octubre","Kuwait",2,4,-2,6,10,"2015-10",124
2015,"Octubre","República de Kosovo",1,0,1,1,10,"2015-10",179
2015,"Octubre","Letonia",38,3,35,41,10,"2015-10",80
2015,"Octubre","Lituania",65,35,30,100,10,"2015-10",64
2015,"Octubre","Líbano",57,22,35,79,10,"2015-10",70
2015,"Octubre","Liechtenstein",3,0,3,3,10,"2015-10",151
2015,"Octubre","Luxemburgo",32,12,20,44,10,"2015-10",78
2015,"Octubre","Macedonia",3,0,3,3,10,"2015-10",151
2015,"Octubre","Madagascar",4,0,4,4,10,"2015-10",139
2015,"Octubre","Malasia",61,29,32,90,10,"2015-10",66
2015,"Octubre","Malí",4,0,4,4,10,"2015-10",139
2015,"Octubre","Malta",11,9,2,20,10,"2015-10",90
2015,"Octubre","Marruecos",20,11,9,31,10,"2015-10",82
2015,"Octubre","Mauricio",6,0,6,6,10,"2015-10",124
2015,"Octubre","México",12560,31715,-19155,44275,10,"2015-10",2
2015,"Octubre","Mónaco",1,2,-1,3,10,"2015-10",151
2015,"Octubre","Mongolia",1,0,1,1,10,"2015-10",179
2015,"Octubre","Micronesia",1,0,1,1,10,"2015-10",179
2015,"Octubre","Mozambique",2,2,0,4,10,"2015-10",139
2015,"Octubre","Myanmar",3,1,2,4,10,"2015-10",139
2015,"Octubre","Namibia",1,0,1,1,10,"2015-10",179
2015,"Octubre","Nepal",14,0,14,14,10,"2015-10",101
2015,"Octubre","Nicaragua",227,276,-49,503,10,"2015-10",39
2015,"Octubre","Nigeria",8,4,4,12,10,"2015-10",103
2015,"Octubre","Noruega",290,40,250,330,10,"2015-10",46
2015,"Octubre","Nueva Zelanda",234,45,189,279,10,"2015-10",49
2015,"Octubre","Pakistán",24,2,22,26,10,"2015-10",86
2015,"Octubre","Panamá",6584,31937,-25353,38521,10,"2015-10",3
2015,"Octubre","Paraguay",671,271,400,942,10,"2015-10",32
2015,"Octubre","Perú",14379,11947,2432,26326,10,"2015-10",7
2015,"Octubre","Palestina",3,2,1,5,10,"2015-10",132
2015,"Octubre","Polonia",400,29,371,429,10,"2015-10",42
2015,"Octubre","Portugal",1018,385,633,1403,10,"2015-10",27
2015,"Octubre","Qatar",4,10,-6,14,10,"2015-10",101
2015,"Octubre","Reino Unido de Gran Bretaña e Irlanda del Norte",3301,2418,883,5719,10,"2015-10",15
2015,"Octubre","Federación de Rusia",547,75,472,622,10,"2015-10",37
2015,"Octubre","República Dominicana",1251,6655,-5404,7906,10,"2015-10",11
2015,"Octubre","Rumania",163,6,157,169,10,"2015-10",56
2015,"Octubre","Rwanda",1,1,0,2,10,"2015-10",162
2015,"Octubre","San Cristóbal y Nevis",6,0,6,6,10,"2015-10",124
2015,"Octubre","Samoa Occidental",1,0,1,1,10,"2015-10",179
2015,"Octubre","San  Vicente y las Granadinas",9,3,6,12,10,"2015-10",103
2015,"Octubre","Santa Lucia",15,2,13,17,10,"2015-10",95
2015,"Octubre","Senegal",3,2,1,5,10,"2015-10",132
2015,"Octubre","Serbia",7,2,5,9,10,"2015-10",111
2015,"Octubre","Singapur",43,30,13,73,10,"2015-10",72
2015,"Octubre","República Árabe Siria",3,0,3,3,10,"2015-10",151
2015,"Octubre","Sri Lanka",3,0,3,3,10,"2015-10",151
2015,"Octubre","Sudáfrica",141,30,111,171,10,"2015-10",55
2015,"Octubre","Suecia",577,135,442,712,10,"2015-10",36
2015,"Octubre","Suiza",1315,385,930,1700,10,"2015-10",25
2015,"Octubre","Surinam",68,9,59,77,10,"2015-10",71
2015,"Octubre","Taiwán",267,19,248,286,10,"2015-10",48
2015,"Octubre","República de Tayikistán",1,0,1,1,10,"2015-10",179
2015,"Octubre","Tailandia",88,77,11,165,10,"2015-10",57
2015,"Octubre","Tanzania",2,5,-3,7,10,"2015-10",118
2015,"Octubre","Togo",2,0,2,2,10,"2015-10",162
2015,"Octubre","Trinidad y Tobago",125,81,44,206,10,"2015-10",52
2015,"Octubre","Túnez",5,0,5,5,10,"2015-10",132
2015,"Octubre","Turquía",181,250,-69,431,10,"2015-10",40
2015,"Octubre","Ucrania",90,3,87,93,10,"2015-10",65
2015,"Octubre","Uganda",3,2,1,5,10,"2015-10",132
2015,"Octubre","Uruguay",948,427,521,1375,10,"2015-10",28
2015,"Octubre","Uzbekistán",5,0,5,5,10,"2015-10",132
2015,"Octubre","Venezuela",25417,5221,20196,30638,10,"2015-10",5
2015,"Octubre","Vietnam",11,6,5,17,10,"2015-10",95
2015,"Octubre","República Árabe de Yemen",2,0,2,2,10,"2015-10",162
2015,"Octubre","Zambia",4,1,3,5,10,"2015-10",132
2015,"Octubre","Zimbabue",6,0,6,6,10,"2015-10",124
2015,"Octubre","Anguila/Territorio Británico de Ultramar",1,0,1,1,10,"2015-10",179
2015,"Octubre","Desconocido",175,0,175,175,10,"2015-10",54
2015,"Noviembre","Albania",7,0,7,7,11,"2015-11",125
2015,"Noviembre","Alemania",5021,1241,3780,6262,11,"2015-11",12
2015,"Noviembre","Andorra",11,0,11,11,11,"2015-11",111
2015,"Noviembre","Antigua y Barbuda",26,0,26,26,11,"2015-11",85
2015,"Noviembre","Países Bajos",3424,1878,1546,5302,11,"2015-11",18
2015,"Noviembre","Arabia Saudita",10,72,-62,82,11,"2015-11",67
2015,"Noviembre","Argelia",5,14,-9,19,11,"2015-11",94
2015,"Noviembre","Argentina",10727,5963,4764,16690,11,"2015-11",10
2015,"Noviembre","República de Armenia",2,1,1,3,11,"2015-11",147
2015,"Noviembre","Aruba",3,6179,-6176,6182,11,"2015-11",13
2015,"Noviembre","Australia",1385,627,758,2012,11,"2015-11",24
2015,"Noviembre","Austria",493,42,451,535,11,"2015-11",40
2015,"Noviembre","Azerbaiyán",2,3,-1,5,11,"2015-11",132
2015,"Noviembre","Bahamas",15,72,-57,87,11,"2015-11",63
2015,"Noviembre","Bahréin",3,5,-2,8,11,"2015-11",121
2015,"Noviembre","Bangladesh",4,1,3,5,11,"2015-11",132
2015,"Noviembre","Barbados",26,8,18,34,11,"2015-11",79
2015,"Noviembre","República de Belarús",11,2,9,13,11,"2015-11",107
2015,"Noviembre","Bélgica",787,97,690,884,11,"2015-11",34
2015,"Noviembre","Belice",36,23,13,59,11,"2015-11",75
2015,"Noviembre","Benín",4,3,1,7,11,"2015-11",125
2015,"Noviembre","Bermudas/Territorio Británico de Ultramar",9,1,8,10,11,"2015-11",114
2015,"Noviembre","Bolivia",1561,969,592,2530,11,"2015-11",23
2015,"Noviembre","Bosnia y Herzegovina",5,1,4,6,11,"2015-11",128
2015,"Noviembre","Brasil",12132,8141,3991,20273,11,"2015-11",8
2015,"Noviembre","Bulgaria",72,0,72,72,11,"2015-11",72
2015,"Noviembre","Burundi",1,0,1,1,11,"2015-11",179
2015,"Noviembre","Cabo Verde",3,3,0,6,11,"2015-11",128
2015,"Noviembre","Islas Caimán/Territorio Británico de Ultramar",6,8,-2,14,11,"2015-11",102
2015,"Noviembre","Camerún",10,1,9,11,11,"2015-11",111
2015,"Noviembre","Canadá",3288,2157,1131,5445,11,"2015-11",17
2015,"Noviembre","España",11213,13072,-1859,24285,11,"2015-11",6
2015,"Noviembre","República Democrática del Congo",6,2,4,8,11,"2015-11",121
2015,"Noviembre","República de Corea",897,36,861,933,11,"2015-11",32
2015,"Noviembre","Costa de Marfil",5,10,-5,15,11,"2015-11",98
2015,"Noviembre","Costa Rica",2872,2631,241,5503,11,"2015-11",16
2015,"Noviembre","Croacia",81,4,77,85,11,"2015-11",65
2015,"Noviembre","Cuba",1024,1858,-834,2882,11,"2015-11",22
2015,"Noviembre","República Checa",214,11,203,225,11,"2015-11",52
2015,"Noviembre","Chile",8943,8838,105,17781,11,"2015-11",9
2015,"Noviembre","China",1260,530,730,1790,11,"2015-11",25
2015,"Noviembre","Chipre",7,1,6,8,11,"2015-11",121
2015,"Noviembre","Dinamarca",373,46,327,419,11,"2015-11",45
2015,"Noviembre","Dominica",12,1,11,13,11,"2015-11",107
2015,"Noviembre","Ecuador",12763,19682,-6919,32445,11,"2015-11",4
2015,"Noviembre","Egipto",27,59,-32,86,11,"2015-11",64
2015,"Noviembre","El Salvador",2551,1899,652,4450,11,"2015-11",19
2015,"Noviembre","Emiratos Árabes",16,450,-434,466,11,"2015-11",42
2015,"Noviembre","Eritrea",1,2,-1,3,11,"2015-11",147
2015,"Noviembre","Eslovaquia",51,0,51,51,11,"2015-11",78
2015,"Noviembre","Eslovenia",52,0,52,52,11,"2015-11",77
2015,"Noviembre","Estados Unidos de América",36556,99119,-62563,135675,11,"2015-11",1
2015,"Noviembre","Estonia",25,1,24,26,11,"2015-11",85
2015,"Noviembre","Etiopia",7,6,1,13,11,"2015-11",107
2015,"Noviembre","Islas Fiji",1,0,1,1,11,"2015-11",179
2015,"Noviembre","Filipinas",351,59,292,410,11,"2015-11",46
2015,"Noviembre","Finlandia",208,18,190,226,11,"2015-11",51
2015,"Noviembre","Francia",4510,1596,2914,6106,11,"2015-11",14
2015,"Noviembre","Georgia",10,1,9,11,11,"2015-11",111
2015,"Noviembre","Ghana",8,5,3,13,11,"2015-11",107
2015,"Noviembre","Granada",9,0,9,9,11,"2015-11",117
2015,"Noviembre","Grecia",110,15,95,125,11,"2015-11",58
2015,"Noviembre","Guatemala",2183,1730,453,3913,11,"2015-11",21
2015,"Noviembre","Guyana",25,6,19,31,11,"2015-11",81
2015,"Noviembre","Guinea",1,0,1,1,11,"2015-11",179
2015,"Noviembre","Guinea Ecuatorial",3,15,-12,18,11,"2015-11",96
2015,"Noviembre","Guinea Bissau",1,0,1,1,11,"2015-11",179
2015,"Noviembre","Haití",46,24,22,70,11,"2015-11",73
2015,"Noviembre","Honduras",931,571,360,1502,11,"2015-11",27
2015,"Noviembre","Hong Kong",7,52,-45,59,11,"2015-11",75
2015,"Noviembre","Hungría",97,7,90,104,11,"2015-11",60
2015,"Noviembre","India",662,75,587,737,11,"2015-11",37
2015,"Noviembre","Indonesia",79,18,61,97,11,"2015-11",62
2015,"Noviembre","Irán",16,7,9,23,11,"2015-11",88
2015,"Noviembre","República de Irlanda",422,22,400,444,11,"2015-11",43
2015,"Noviembre","Islandia",13,0,13,13,11,"2015-11",107
2015,"Noviembre","Israel",733,173,560,906,11,"2015-11",33
2015,"Noviembre","Italia",3511,807,2704,4318,11,"2015-11",20
2015,"Noviembre","Jamaica",68,89,-21,157,11,"2015-11",57
2015,"Noviembre","Japón",760,114,646,874,11,"2015-11",35
2015,"Noviembre","Jordania",12,3,9,15,11,"2015-11",98
2015,"Noviembre","Kazajistán",18,3,15,21,11,"2015-11",92
2015,"Noviembre","Kenia",11,10,1,21,11,"2015-11",92
2015,"Noviembre","Kirguistán",8,0,8,8,11,"2015-11",121
2015,"Noviembre","Kuwait",2,12,-10,14,11,"2015-11",102
2015,"Noviembre","República de Kosovo",1,0,1,1,11,"2015-11",179
2015,"Noviembre","Letonia",21,0,21,21,11,"2015-11",92
2015,"Noviembre","Lituania",59,13,46,72,11,"2015-11",72
2015,"Noviembre","Líbano",37,19,18,56,11,"2015-11",76
2015,"Noviembre","Liechtenstein",5,0,5,5,11,"2015-11",132
2015,"Noviembre","Luxemburgo",24,6,18,30,11,"2015-11",82
2015,"Noviembre","Macedonia",4,0,4,4,11,"2015-11",137
2015,"Noviembre","Madagascar",2,0,2,2,11,"2015-11",155
2015,"Noviembre","Malasia",61,21,40,82,11,"2015-11",67
2015,"Noviembre","Malta",17,10,7,27,11,"2015-11",83
2015,"Noviembre","Marruecos",30,45,-15,75,11,"2015-11",70
2015,"Noviembre","Mauricio",4,0,4,4,11,"2015-11",137
2015,"Noviembre","Mauritania",1,0,1,1,11,"2015-11",179
2015,"Noviembre","México",13077,29086,-16009,42163,11,"2015-11",2
2015,"Noviembre","República de Moldavia",5,0,5,5,11,"2015-11",132
2015,"Noviembre","Mongolia",2,1,1,3,11,"2015-11",147
2015,"Noviembre","Montenegro",3,0,3,3,11,"2015-11",147
2015,"Noviembre","Mozambique",1,1,0,2,11,"2015-11",155
2015,"Noviembre","Myanmar",2,0,2,2,11,"2015-11",155
2015,"Noviembre","Nepal",5,4,1,9,11,"2015-11",117
2015,"Noviembre","Nicaragua",216,318,-102,534,11,"2015-11",41
2015,"Noviembre","Nigeria",13,8,5,21,11,"2015-11",92
2015,"Noviembre","Noruega",391,32,359,423,11,"2015-11",44
2015,"Noviembre","Nueva Zelanda",217,74,143,291,11,"2015-11",48
2015,"Noviembre","Omán",3,6,-3,9,11,"2015-11",117
2015,"Noviembre","Pakistán",23,2,21,25,11,"2015-11",86
2015,"Noviembre","Panamá",7395,33396,-26001,40791,11,"2015-11",3
2015,"Noviembre","Paraguay",817,337,480,1154,11,"2015-11",31
2015,"Noviembre","Perú",11170,12413,-1243,23583,11,"2015-11",7
2015,"Noviembre","Palestina",2,0,2,2,11,"2015-11",155
2015,"Noviembre","Polonia",522,19,503,541,11,"2015-11",39
2015,"Noviembre","Portugal",1052,313,739,1365,11,"2015-11",29
2015,"Noviembre","Qatar",1,19,-18,20,11,"2015-11",93
2015,"Noviembre","Reino Unido de Gran Bretaña e Irlanda del Norte",3567,1968,1599,5535,11,"2015-11",15
2015,"Noviembre","Federación de Rusia",567,36,531,603,11,"2015-11",38
2015,"Noviembre","República Dominicana",1719,6812,-5093,8531,11,"2015-11",11
2015,"Noviembre","Rumania",201,8,193,209,11,"2015-11",53
2015,"Noviembre","San Cristóbal y Nevis",7,0,7,7,11,"2015-11",125
2015,"Noviembre","Samoa Occidental",1,0,1,1,11,"2015-11",179
2015,"Noviembre","San  Vicente y las Granadinas",5,2,3,7,11,"2015-11",125
2015,"Noviembre","Santa Lucia",14,0,14,14,11,"2015-11",102
2015,"Noviembre","Senegal",2,2,0,4,11,"2015-11",137
2015,"Noviembre","Serbia",22,1,21,23,11,"2015-11",88
2015,"Noviembre","Sierra Leona",2,0,2,2,11,"2015-11",155
2015,"Noviembre","Singapur",44,34,10,78,11,"2015-11",68
2015,"Noviembre","República Árabe Siria",2,0,2,2,11,"2015-11",155
2015,"Noviembre","Sri Lanka",9,1,8,10,11,"2015-11",114
2015,"Noviembre","Sudáfrica",143,24,119,167,11,"2015-11",56
2015,"Noviembre","Sudán",1,0,1,1,11,"2015-11",179
2015,"Noviembre","Suecia",686,108,578,794,11,"2015-11",36
2015,"Noviembre","Suiza",1239,311,928,1550,11,"2015-11",26
2015,"Noviembre","Surinam",84,17,67,101,11,"2015-11",61
2015,"Noviembre","Taiwán",177,27,150,204,11,"2015-11",54
2015,"Noviembre","República de Tayikistán",3,0,3,3,11,"2015-11",147
2015,"Noviembre","Tailandia",59,47,12,106,11,"2015-11",59
2015,"Noviembre","Tanzania",3,0,3,3,11,"2015-11",147
2015,"Noviembre","Trinidad y Tobago",157,133,24,290,11,"2015-11",49
2015,"Noviembre","Túnez",11,0,11,11,11,"2015-11",111
2015,"Noviembre","Turkmenistán",1,1,0,2,11,"2015-11",155
2015,"Noviembre","Turquía",173,93,80,266,11,"2015-11",50
2015,"Noviembre","Ucrania",73,4,69,77,11,"2015-11",69
2015,"Noviembre","Uganda",5,1,4,6,11,"2015-11",128
2015,"Noviembre","Uruguay",1020,246,774,1266,11,"2015-11",30
2015,"Noviembre","Uzbekistán",1,0,1,1,11,"2015-11",179
2015,"Noviembre","Venezuela",25991,4922,21069,30913,11,"2015-11",5
2015,"Noviembre","Vietnam",6,4,2,10,11,"2015-11",114
2015,"Noviembre","Zambia",1,0,1,1,11,"2015-11",179
2015,"Noviembre","Zimbabue",3,0,3,3,11,"2015-11",147
2015,"Noviembre","Anguila/Territorio Británico de Ultramar",3,0,3,3,11,"2015-11",147
2015,"Noviembre","Desconocido",285,6,279,291,11,"2015-11",48
2015,"Diciembre","Albania",3,1,2,4,12,"2015-12",137
2015,"Diciembre","Alemania",5778,2152,3626,7930,12,"2015-12",14
2015,"Diciembre","Andorra",9,1,8,10,12,"2015-12",110
2015,"Diciembre","Angola",3,7,-4,10,12,"2015-12",110
2015,"Diciembre","Antigua y Barbuda",7,4,3,11,12,"2015-12",106
2015,"Diciembre","Países Bajos",4323,2895,1428,7218,12,"2015-12",16
2015,"Diciembre","Arabia Saudita",37,37,0,74,12,"2015-12",69
2015,"Diciembre","Argelia",8,8,0,16,12,"2015-12",97
2015,"Diciembre","Argentina",10893,6409,4484,17302,12,"2015-12",10
2015,"Diciembre","República de Armenia",3,0,3,3,12,"2015-12",143
2015,"Diciembre","Aruba",4,6615,-6611,6619,12,"2015-12",17
2015,"Diciembre","Australia",1992,621,1371,2613,12,"2015-12",24
2015,"Diciembre","Austria",597,86,511,683,12,"2015-12",38
2015,"Diciembre","Azerbaiyán",4,1,3,5,12,"2015-12",132
2015,"Diciembre","Bahamas",7,105,-98,112,12,"2015-12",62
2015,"Diciembre","Bahréin",5,3,2,8,12,"2015-12",117
2015,"Diciembre","Bangladesh",3,2,1,5,12,"2015-12",132
2015,"Diciembre","Barbados",21,334,-313,355,12,"2015-12",46
2015,"Diciembre","República de Belarús",8,0,8,8,12,"2015-12",117
2015,"Diciembre","Bélgica",809,168,641,977,12,"2015-12",32
2015,"Diciembre","Belice",11,27,-16,38,12,"2015-12",80
2015,"Diciembre","Benín",2,1,1,3,12,"2015-12",143
2015,"Diciembre","Bermudas/Territorio Británico de Ultramar",4,15,-11,19,12,"2015-12",94
2015,"Diciembre","Bolivia",1731,886,845,2617,12,"2015-12",23
2015,"Diciembre","Bosnia y Herzegovina",6,0,6,6,12,"2015-12",123
2015,"Diciembre","Botsuana",1,0,1,1,12,"2015-12",178
2015,"Diciembre","Brasil",13647,8490,5157,22137,12,"2015-12",8
2015,"Diciembre","Bulgaria",53,1,52,54,12,"2015-12",76
2015,"Diciembre","Islas Caimán/Territorio Británico de Ultramar",8,18,-10,26,12,"2015-12",88
2015,"Diciembre","Camerún",1,1,0,2,12,"2015-12",155
2015,"Diciembre","Canadá",5902,2865,3037,8767,12,"2015-12",13
2015,"Diciembre","España",10676,21200,-10524,31876,12,"2015-12",6
2015,"Diciembre","Comoras",1,0,1,1,12,"2015-12",178
2015,"Diciembre","República Democrática del Congo",1,0,1,1,12,"2015-12",178
2015,"Diciembre","República de Corea",869,40,829,909,12,"2015-12",34
2015,"Diciembre","Costa Rica",3923,2593,1330,6516,12,"2015-12",18
2015,"Diciembre","Croacia",73,1,72,74,12,"2015-12",69
2015,"Diciembre","Cuba",928,2939,-2011,3867,12,"2015-12",21
2015,"Diciembre","República Checa",161,11,150,172,12,"2015-12",55
2015,"Diciembre","Chile",7833,9502,-1669,17335,12,"2015-12",9
2015,"Diciembre","China",1030,206,824,1236,12,"2015-12",29
2015,"Diciembre","Chipre",7,1,6,8,12,"2015-12",117
2015,"Diciembre","Dinamarca",447,59,388,506,12,"2015-12",41
2015,"Diciembre","Dominica",2,19,-17,21,12,"2015-12",92
2015,"Diciembre","Ecuador",15980,27402,-11422,43382,12,"2015-12",4
2015,"Diciembre","Egipto",24,52,-28,76,12,"2015-12",65
2015,"Diciembre","El Salvador",2183,1933,250,4116,12,"2015-12",20
2015,"Diciembre","Emiratos Árabes",13,316,-303,329,12,"2015-12",48
2015,"Diciembre","Eslovaquia",57,2,55,59,12,"2015-12",74
2015,"Diciembre","Eslovenia",59,2,57,61,12,"2015-12",71
2015,"Diciembre","Estados Unidos de América",58341,131938,-73597,190279,12,"2015-12",1
2015,"Diciembre","Estonia",26,4,22,30,12,"2015-12",84
2015,"Diciembre","Islas Fiji",1,0,1,1,12,"2015-12",178
2015,"Diciembre","Filipinas",325,8,317,333,12,"2015-12",47
2015,"Diciembre","Finlandia",278,21,257,299,12,"2015-12",49
2015,"Diciembre","Francia",5665,3109,2556,8774,12,"2015-12",12
2015,"Diciembre","Georgia",8,3,5,11,12,"2015-12",106
2015,"Diciembre","Ghana",6,4,2,10,12,"2015-12",110
2015,"Diciembre","Granada",5,0,5,5,12,"2015-12",132
2015,"Diciembre","Grecia",164,17,147,181,12,"2015-12",53
2015,"Diciembre","Guatemala",2095,1474,621,3569,12,"2015-12",22
2015,"Diciembre","Guyana",27,1,26,28,12,"2015-12",86
2015,"Diciembre","Guinea",1,0,1,1,12,"2015-12",178
2015,"Diciembre","Guinea Ecuatorial",2,2,0,4,12,"2015-12",137
2015,"Diciembre","Guam/Territorio no incorporado de Estados Unidos",1,0,1,1,12,"2015-12",178
2015,"Diciembre","Haití",29,28,1,57,12,"2015-12",75
2015,"Diciembre","Honduras",892,361,531,1253,12,"2015-12",28
2015,"Diciembre","Hong Kong",1,58,-57,59,12,"2015-12",74
2015,"Diciembre","Hungría",84,4,80,88,12,"2015-12",64
2015,"Diciembre","India",623,136,487,759,12,"2015-12",37
2015,"Diciembre","Indonesia",71,23,48,94,12,"2015-12",63
2015,"Diciembre","Iraq",1,4,-3,5,12,"2015-12",132
2015,"Diciembre","Irán",25,2,23,27,12,"2015-12",87
2015,"Diciembre","República de Irlanda",361,26,335,387,12,"2015-12",43
2015,"Diciembre","Islandia",31,0,31,31,12,"2015-12",83
2015,"Diciembre","Israel",699,230,469,929,12,"2015-12",33
2015,"Diciembre","Italia",3823,1247,2576,5070,12,"2015-12",19
2015,"Diciembre","Jamaica",51,124,-73,175,12,"2015-12",54
2015,"Diciembre","Japón",722,114,608,836,12,"2015-12",36
2015,"Diciembre","Jordania",20,11,9,31,12,"2015-12",83
2015,"Diciembre","Kazajistán",7,5,2,12,12,"2015-12",102
2015,"Diciembre","Kenia",10,8,2,18,12,"2015-12",96
2015,"Diciembre","Kiribati",1,0,1,1,12,"2015-12",178
2015,"Diciembre","Kuwait",14,4,10,18,12,"2015-12",96
2015,"Diciembre","República de Kosovo",1,1,0,2,12,"2015-12",155
2015,"Diciembre","Letonia",29,0,29,29,12,"2015-12",85
2015,"Diciembre","Lituania",73,2,71,75,12,"2015-12",67
2015,"Diciembre","Líbano",42,21,21,63,12,"2015-12",70
2015,"Diciembre","Liechtenstein",13,0,13,13,12,"2015-12",101
2015,"Diciembre","Luxemburgo",35,13,22,48,12,"2015-12",78
2015,"Diciembre","Macedonia",4,1,3,5,12,"2015-12",132
2015,"Diciembre","Malasia",45,14,31,59,12,"2015-12",74
2015,"Diciembre","Malta",28,14,14,42,12,"2015-12",79
2015,"Diciembre","Marruecos",29,22,7,51,12,"2015-12",77
2015,"Diciembre","Mauricio",3,0,3,3,12,"2015-12",143
2015,"Diciembre","México",13213,34748,-21535,47961,12,"2015-12",2
2015,"Diciembre","República de Moldavia",2,0,2,2,12,"2015-12",155
2015,"Diciembre","Mongolia",2,0,2,2,12,"2015-12",155
2015,"Diciembre","Montenegro",7,1,6,8,12,"2015-12",117
2015,"Diciembre","Mozambique",4,4,0,8,12,"2015-12",117
2015,"Diciembre","Myanmar",22,2,20,24,12,"2015-12",90
2015,"Diciembre","Namibia",1,0,1,1,12,"2015-12",178
2015,"Diciembre","Nepal",5,0,5,5,12,"2015-12",132
2015,"Diciembre","Nicaragua",214,198,16,412,12,"2015-12",42
2015,"Diciembre","Nigeria",6,4,2,10,12,"2015-12",110
2015,"Diciembre","Noruega",491,61,430,552,12,"2015-12",39
2015,"Diciembre","Nueva Zelanda",295,68,227,363,12,"2015-12",45
2015,"Diciembre","Omán",6,13,-7,19,12,"2015-12",94
2015,"Diciembre","Pakistán",14,1,13,15,12,"2015-12",98
2015,"Diciembre","Panamá",6294,38192,-31898,44486,12,"2015-12",3
2015,"Diciembre","Paraguay",442,421,21,863,12,"2015-12",35
2015,"Diciembre","Perú",10235,12184,-1949,22419,12,"2015-12",7
2015,"Diciembre","Palestina",1,0,1,1,12,"2015-12",178
2015,"Diciembre","Polonia",341,41,300,382,12,"2015-12",44
2015,"Diciembre","Portugal",846,296,550,1142,12,"2015-12",30
2015,"Diciembre","Puerto Rico/Territorio de Estados Unidos",1,1551,-1550,1552,12,"2015-12",26
2015,"Diciembre","Qatar",1,23,-22,24,12,"2015-12",90
2015,"Diciembre","Reino Unido de Gran Bretaña e Irlanda del Norte",4788,2959,1829,7747,12,"2015-12",15
2015,"Diciembre","Federación de Rusia",455,62,393,517,12,"2015-12",40
2015,"Diciembre","República Dominicana",1386,9436,-8050,10822,12,"2015-12",11
2015,"Diciembre","Rumania",155,7,148,162,12,"2015-12",56
2015,"Diciembre","Rwanda",1,0,1,1,12,"2015-12",178
2015,"Diciembre","San Cristóbal y Nevis",7,0,7,7,12,"2015-12",121
2015,"Diciembre","San Marino",8,3,5,11,12,"2015-12",106
2015,"Diciembre","San  Vicente y las Granadinas",5,0,5,5,12,"2015-12",132
2015,"Diciembre","Santa Lucia",7,0,7,7,12,"2015-12",121
2015,"Diciembre","Santa Sede/Ciudad del Vaticano",1,0,1,1,12,"2015-12",178
2015,"Diciembre","Senegal",1,0,1,1,12,"2015-12",178
2015,"Diciembre","Serbia",33,1,32,34,12,"2015-12",81
2015,"Diciembre","Singapur",91,35,56,126,12,"2015-12",59
2015,"Diciembre","República Árabe Siria",2,0,2,2,12,"2015-12",155
2015,"Diciembre","Somalia",1,0,1,1,12,"2015-12",178
2015,"Diciembre","Sri Lanka",4,0,4,4,12,"2015-12",137
2015,"Diciembre","Sudáfrica",129,30,99,159,12,"2015-12",57
2015,"Diciembre","Sudán",2,0,2,2,12,"2015-12",155
2015,"Diciembre","Suecia",1314,157,1157,1471,12,"2015-12",27
2015,"Diciembre","Suiza",1975,503,1472,2478,12,"2015-12",25
2015,"Diciembre","Surinam",18,4,14,22,12,"2015-12",91
2015,"Diciembre","Taiwán",123,2,121,125,12,"2015-12",60
2015,"Diciembre","Tailandia",58,71,-13,129,12,"2015-12",58
2015,"Diciembre","Togo",2,0,2,2,12,"2015-12",155
2015,"Diciembre","Trinidad y Tobago",134,121,13,255,12,"2015-12",51
2015,"Diciembre","Túnez",10,1,9,11,12,"2015-12",106
2015,"Diciembre","Turquía",197,95,102,292,12,"2015-12",50
2015,"Diciembre","Ucrania",73,2,71,75,12,"2015-12",67
2015,"Diciembre","Uganda",3,5,-2,8,12,"2015-12",117
2015,"Diciembre","Uruguay",690,302,388,992,12,"2015-12",31
2015,"Diciembre","Uzbekistán",5,1,4,6,12,"2015-12",123
2015,"Diciembre","Venezuela",27046,5070,21976,32116,12,"2015-12",5
2015,"Diciembre","Vietnam",8,6,2,14,12,"2015-12",100
2015,"Diciembre","República Árabe de Yemen",1,0,1,1,12,"2015-12",178
2015,"Diciembre","Zambia",1,1,0,2,12,"2015-12",155
2015,"Diciembre","Zimbabue",2,1,1,3,12,"2015-12",143
2015,"Diciembre","Desconocido",123,0,123,123,12,"2015-12",61
2016,"Enero","Albania",8,2,6,10,1,"2016-1",118
2016,"Enero","Alemania",5478,2604,2874,8082,1,"2016-1",15
2016,"Enero","Andorra",13,2,11,15,1,"2016-1",106
2016,"Enero","Antigua y Barbuda",11,4,7,15,1,"2016-1",106
2016,"Enero","Países Bajos",3656,2805,851,6461,1,"2016-1",18
2016,"Enero","Arabia Saudita",11,102,-91,113,1,"2016-1",62
2016,"Enero","Argelia",6,11,-5,17,1,"2016-1",101
2016,"Enero","Argentina",16699,7577,9122,24276,1,"2016-1",8
2016,"Enero","República de Armenia",2,0,2,2,1,"2016-1",167
2016,"Enero","Aruba",2,7123,-7121,7125,1,"2016-1",17
2016,"Enero","Australia",1645,1383,262,3028,1,"2016-1",23
2016,"Enero","Austria",557,94,463,651,1,"2016-1",39
2016,"Enero","Azerbaiyán",4,23,-19,27,1,"2016-1",94
2016,"Enero","Bahamas",21,112,-91,133,1,"2016-1",59
2016,"Enero","Bahréin",1,12,-11,13,1,"2016-1",112
2016,"Enero","Bangladesh",3,1,2,4,1,"2016-1",140
2016,"Enero","Barbados",27,259,-232,286,1,"2016-1",48
2016,"Enero","República de Belarús",14,2,12,16,1,"2016-1",102
2016,"Enero","Bélgica",788,369,419,1157,1,"2016-1",33
2016,"Enero","Belice",15,31,-16,46,1,"2016-1",85
2016,"Enero","Benín",1,0,1,1,1,"2016-1",185
2016,"Enero","Bermudas/Territorio Británico de Ultramar",4,4,0,8,1,"2016-1",125
2016,"Enero","Bolivia",1818,1299,519,3117,1,"2016-1",22
2016,"Enero","Bosnia y Herzegovina",3,0,3,3,1,"2016-1",149
2016,"Enero","Brasil",17823,9021,8802,26844,1,"2016-1",7
2016,"Enero","Bulgaria",90,2,88,92,1,"2016-1",70
2016,"Enero","Burkina Faso",2,0,2,2,1,"2016-1",167
2016,"Enero","Cabo Verde",2,1,1,3,1,"2016-1",149
2016,"Enero","Islas Caimán/Territorio Británico de Ultramar",6,32,-26,38,1,"2016-1",87
2016,"Enero","Camerún",4,4,0,8,1,"2016-1",125
2016,"Enero","Canadá",5627,8272,-2645,13899,1,"2016-1",11
2016,"Enero","España",9920,25362,-15442,35282,1,"2016-1",5
2016,"Enero","República Del Congo",2,4,-2,6,1,"2016-1",132
2016,"Enero","República Democrática del Congo",5,6,-1,11,1,"2016-1",117
2016,"Enero","República de Corea",1182,30,1152,1212,1,"2016-1",32
2016,"Enero","Costa de Marfil",3,26,-23,29,1,"2016-1",91
2016,"Enero","Costa Rica",3099,4133,-1034,7232,1,"2016-1",16
2016,"Enero","Croacia",90,4,86,94,1,"2016-1",66
2016,"Enero","Cuba",608,2367,-1759,2975,1,"2016-1",24
2016,"Enero","República Checa",163,19,144,182,1,"2016-1",55
2016,"Enero","Chile",9707,12909,-3202,22616,1,"2016-1",10
2016,"Enero","China",1223,375,848,1598,1,"2016-1",28
2016,"Enero","Chipre",8,1,7,9,1,"2016-1",121
2016,"Enero","Dinamarca",494,93,401,587,1,"2016-1",40
2016,"Enero","Dominica",7,55,-48,62,1,"2016-1",76
2016,"Enero","Ecuador",11157,41222,-30065,52379,1,"2016-1",2
2016,"Enero","Egipto",44,17,27,61,1,"2016-1",78
2016,"Enero","El Salvador",1941,1902,39,3843,1,"2016-1",20
2016,"Enero","Emiratos Árabes",4,477,-473,481,1,"2016-1",44
2016,"Enero","Eslovaquia",90,6,84,96,1,"2016-1",65
2016,"Enero","Eslovenia",90,2,88,92,1,"2016-1",70
2016,"Enero","Estados Unidos de América",37055,119302,-82247,156357,1,"2016-1",1
2016,"Enero","Estonia",30,3,27,33,1,"2016-1",90
2016,"Enero","Etiopia",2,11,-9,13,1,"2016-1",112
2016,"Enero","Filipinas",271,12,259,283,1,"2016-1",49
2016,"Enero","Finlandia",195,36,159,231,1,"2016-1",51
2016,"Enero","Francia",6113,3178,2935,9291,1,"2016-1",14
2016,"Enero","Georgia",12,0,12,12,1,"2016-1",114
2016,"Enero","Ghana",7,6,1,13,1,"2016-1",112
2016,"Enero","Granada",9,0,9,9,1,"2016-1",121
2016,"Enero","Grecia",153,21,132,174,1,"2016-1",56
2016,"Enero","Guatemala",1410,1993,-583,3403,1,"2016-1",21
2016,"Enero","Guyana",32,24,8,56,1,"2016-1",79
2016,"Enero","Guinea Ecuatorial",4,23,-19,27,1,"2016-1",94
2016,"Enero","Haití",45,38,7,83,1,"2016-1",72
2016,"Enero","Honduras",701,527,174,1228,1,"2016-1",30
2016,"Enero","Hungría",117,12,105,129,1,"2016-1",60
2016,"Enero","India",638,86,552,724,1,"2016-1",38
2016,"Enero","Indonesia",39,26,13,65,1,"2016-1",74
2016,"Enero","Iraq",2,13,-11,15,1,"2016-1",106
2016,"Enero","Irán",19,3,16,22,1,"2016-1",97
2016,"Enero","República de Irlanda",381,52,329,433,1,"2016-1",45
2016,"Enero","Islandia",37,4,33,41,1,"2016-1",86
2016,"Enero","Israel",897,201,696,1098,1,"2016-1",34
2016,"Enero","Italia",4271,1876,2395,6147,1,"2016-1",19
2016,"Enero","Jamaica",83,102,-19,185,1,"2016-1",54
2016,"Enero","Islas Salomón",1,0,1,1,1,"2016-1",185
2016,"Enero","Japón",786,142,644,928,1,"2016-1",36
2016,"Enero","Jordania",11,8,3,19,1,"2016-1",100
2016,"Enero","Kazajistán",14,1,13,15,1,"2016-1",106
2016,"Enero","Kenia",16,12,4,28,1,"2016-1",92
2016,"Enero","Kuwait",8,12,-4,20,1,"2016-1",99
2016,"Enero","República de Kosovo",3,0,3,3,1,"2016-1",149
2016,"Enero","República Democrática Popular  Lao",1,1,0,2,1,"2016-1",167
2016,"Enero","Letonia",46,1,45,47,1,"2016-1",84
2016,"Enero","Lituania",71,0,71,71,1,"2016-1",73
2016,"Enero","Líbano",42,41,1,83,1,"2016-1",72
2016,"Enero","Libia",1,1,0,2,1,"2016-1",167
2016,"Enero","Liechtenstein",7,1,6,8,1,"2016-1",125
2016,"Enero","Luxemburgo",23,11,12,34,1,"2016-1",89
2016,"Enero","Macedonia",5,0,5,5,1,"2016-1",136
2016,"Enero","Madagascar",2,0,2,2,1,"2016-1",167
2016,"Enero","Malasia",59,34,25,93,1,"2016-1",68
2016,"Enero","Malawi",1,1,0,2,1,"2016-1",167
2016,"Enero","Malí",3,3,0,6,1,"2016-1",132
2016,"Enero","Malta",26,37,-11,63,1,"2016-1",75
2016,"Enero","Marruecos",35,12,23,47,1,"2016-1",84
2016,"Enero","Mauricio",2,0,2,2,1,"2016-1",167
2016,"Enero","México",11973,33163,-21190,45136,1,"2016-1",4
2016,"Enero","República de Moldavia",3,0,3,3,1,"2016-1",149
2016,"Enero","Mónaco",2,1,1,3,1,"2016-1",149
2016,"Enero","Mongolia",1,0,1,1,1,"2016-1",185
2016,"Enero","Montenegro",2,0,2,2,1,"2016-1",167
2016,"Enero","Mozambique",2,7,-5,9,1,"2016-1",121
2016,"Enero","Myanmar",4,1,3,5,1,"2016-1",136
2016,"Enero","Nepal",6,0,6,6,1,"2016-1",132
2016,"Enero","Nicaragua",220,333,-113,553,1,"2016-1",41
2016,"Enero","Nigeria",23,13,10,36,1,"2016-1",88
2016,"Enero","Noruega",412,89,323,501,1,"2016-1",43
2016,"Enero","Nueva Zelanda",233,110,123,343,1,"2016-1",46
2016,"Enero","Omán",1,11,-10,12,1,"2016-1",114
2016,"Enero","Pakistán",23,3,20,26,1,"2016-1",95
2016,"Enero","Panamá",5929,41660,-35731,47589,1,"2016-1",3
2016,"Enero","Paraguay",678,289,389,967,1,"2016-1",35
2016,"Enero","Perú",11126,12159,-1033,23285,1,"2016-1",9
2016,"Enero","Palestina",2,0,2,2,1,"2016-1",167
2016,"Enero","Polonia",514,19,495,533,1,"2016-1",42
2016,"Enero","Portugal",1193,468,725,1661,1,"2016-1",27
2016,"Enero","Qatar",3,19,-16,22,1,"2016-1",97
2016,"Enero","Reino Unido de Gran Bretaña e Irlanda del Norte",5510,4827,683,10337,1,"2016-1",12
2016,"Enero","República CentroÁfricana",5,2,3,7,1,"2016-1",126
2016,"Enero","Federación de Rusia",747,44,703,791,1,"2016-1",37
2016,"Enero","República Dominicana",1211,8590,-7379,9801,1,"2016-1",13
2016,"Enero","Rumania",183,6,177,189,1,"2016-1",53
2016,"Enero","San Cristóbal y Nevis",6,0,6,6,1,"2016-1",132
2016,"Enero","San  Vicente y las Granadinas",4,0,4,4,1,"2016-1",140
2016,"Enero","Santa Lucia",9,2,7,11,1,"2016-1",117
2016,"Enero","Santa Sede/Ciudad del Vaticano",2,0,2,2,1,"2016-1",167
2016,"Enero","Senegal",2,2,0,4,1,"2016-1",140
2016,"Enero","Serbia",58,3,55,61,1,"2016-1",78
2016,"Enero","Sierra Leona",2,1,1,3,1,"2016-1",149
2016,"Enero","Singapur",61,36,25,97,1,"2016-1",64
2016,"Enero","República Árabe Siria",3,0,3,3,1,"2016-1",149
2016,"Enero","Sri Lanka",5,1,4,6,1,"2016-1",132
2016,"Enero","Sudáfrica",154,43,111,197,1,"2016-1",52
2016,"Enero","Suecia",863,618,245,1481,1,"2016-1",29
2016,"Enero","Suiza",1704,1018,686,2722,1,"2016-1",25
2016,"Enero","Surinam",39,15,24,54,1,"2016-1",80
2016,"Enero","Taiwán",161,12,149,173,1,"2016-1",57
2016,"Enero","Tailandia",15,35,-20,50,1,"2016-1",82
2016,"Enero","Tanzania",2,0,2,2,1,"2016-1",167
2016,"Enero","Trinidad y Tobago",104,191,-87,295,1,"2016-1",47
2016,"Enero","Túnez",12,2,10,14,1,"2016-1",109
2016,"Enero","Turquía",230,46,184,276,1,"2016-1",50
2016,"Enero","Ucrania",96,2,94,98,1,"2016-1",63
2016,"Enero","Uganda",3,2,1,5,1,"2016-1",136
2016,"Enero","Uruguay",928,299,629,1227,1,"2016-1",31
2016,"Enero","Venezuela",22827,8173,14654,31000,1,"2016-1",6
2016,"Enero","Vietnam",9,5,4,14,1,"2016-1",109
2016,"Enero","República Árabe de Yemen",1,0,1,1,1,"2016-1",185
2016,"Enero","Zambia",2,0,2,2,1,"2016-1",167
2016,"Enero","Zimbabue",8,0,8,8,1,"2016-1",125
2016,"Enero","Anguila/Territorio Británico de Ultramar",1,0,1,1,1,"2016-1",185
2016,"Enero","Desconocido",146,2,144,148,1,"2016-1",58
2016,"Febrero","Afganistán",1,7,-6,8,2,"2016-2",114
2016,"Febrero","Albania",5,2,3,7,2,"2016-2",117
2016,"Febrero","Alemania",5850,1779,4071,7629,2,"2016-2",13
2016,"Febrero","Andorra",15,1,14,16,2,"2016-2",97
2016,"Febrero","Angola",1,14,-13,15,2,"2016-2",98
2016,"Febrero","Antigua y Barbuda",12,5,7,17,2,"2016-2",96
2016,"Febrero","Países Bajos",3544,1960,1584,5504,2,"2016-2",15
2016,"Febrero","Arabia Saudita",8,43,-35,51,2,"2016-2",78
2016,"Febrero","Argelia",7,2,5,9,2,"2016-2",107
2016,"Febrero","Argentina",13502,5596,7906,19098,2,"2016-2",10
2016,"Febrero","República de Armenia",10,1,9,11,2,"2016-2",102
2016,"Febrero","Aruba",3,3781,-3778,3784,2,"2016-2",19
2016,"Febrero","Australia",1138,821,317,1959,2,"2016-2",24
2016,"Febrero","Austria",726,82,644,808,2,"2016-2",36
2016,"Febrero","Azerbaiyán",4,4,0,8,2,"2016-2",114
2016,"Febrero","Bahamas",12,62,-50,74,2,"2016-2",70
2016,"Febrero","Bahréin",3,3,0,6,2,"2016-2",124
2016,"Febrero","Bangladesh",3,0,3,3,2,"2016-2",153
2016,"Febrero","Barbados",26,157,-131,183,2,"2016-2",52
2016,"Febrero","República de Belarús",109,1,108,110,2,"2016-2",60
2016,"Febrero","Bélgica",771,181,590,952,2,"2016-2",33
2016,"Febrero","Belice",20,21,-1,41,2,"2016-2",82
2016,"Febrero","Bermudas/Territorio Británico de Ultramar",4,2,2,6,2,"2016-2",124
2016,"Febrero","Bolivia",1356,1069,287,2425,2,"2016-2",22
2016,"Febrero","Bosnia y Herzegovina",1,0,1,1,2,"2016-2",179
2016,"Febrero","Brasil",18125,7565,10560,25690,2,"2016-2",6
2016,"Febrero","Bulgaria",101,2,99,103,2,"2016-2",62
2016,"Febrero","Cabo Verde",4,1,3,5,2,"2016-2",134
2016,"Febrero","Islas Caimán/Territorio Británico de Ultramar",6,7,-1,13,2,"2016-2",99
2016,"Febrero","Camerún",5,0,5,5,2,"2016-2",134
2016,"Febrero","Canadá",5315,3209,2106,8524,2,"2016-2",11
2016,"Febrero","España",9074,20484,-11410,29558,2,"2016-2",5
2016,"Febrero","República Democrática del Congo",4,1,3,5,2,"2016-2",134
2016,"Febrero","República de Corea",798,54,744,852,2,"2016-2",35
2016,"Febrero","Costa de Marfil",7,3,4,10,2,"2016-2",105
2016,"Febrero","Costa Rica",2185,2394,-209,4579,2,"2016-2",18
2016,"Febrero","Croacia",86,8,78,94,2,"2016-2",64
2016,"Febrero","Cuba",411,1420,-1009,1831,2,"2016-2",25
2016,"Febrero","República Checa",189,8,181,197,2,"2016-2",50
2016,"Febrero","Chile",12878,7891,4987,20769,2,"2016-2",9
2016,"Febrero","China",1055,545,510,1600,2,"2016-2",26
2016,"Febrero","Chipre",10,0,10,10,2,"2016-2",105
2016,"Febrero","Dinamarca",536,40,496,576,2,"2016-2",40
2016,"Febrero","Dominica",7,4,3,11,2,"2016-2",102
2016,"Febrero","Ecuador",13103,21616,-8513,34719,2,"2016-2",3
2016,"Febrero","Egipto",40,40,0,80,2,"2016-2",66
2016,"Febrero","El Salvador",1873,1409,464,3282,2,"2016-2",20
2016,"Febrero","Emiratos Árabes",72,422,-350,494,2,"2016-2",42
2016,"Febrero","Eslovaquia",58,2,56,60,2,"2016-2",75
2016,"Febrero","Eslovenia",72,2,70,74,2,"2016-2",70
2016,"Febrero","Estados Unidos de América",40664,77322,-36658,117986,2,"2016-2",1
2016,"Febrero","Estonia",21,1,20,22,2,"2016-2",92
2016,"Febrero","Etiopia",2,3,-1,5,2,"2016-2",134
2016,"Febrero","Islas Fiji",1,0,1,1,2,"2016-2",179
2016,"Febrero","Filipinas",472,10,462,482,2,"2016-2",43
2016,"Febrero","Finlandia",158,15,143,173,2,"2016-2",54
2016,"Febrero","Francia",6023,1850,4173,7873,2,"2016-2",12
2016,"Febrero","Gabón",1,1,0,2,2,"2016-2",165
2016,"Febrero","Georgia",22,3,19,25,2,"2016-2",90
2016,"Febrero","Ghana",15,2,13,17,2,"2016-2",96
2016,"Febrero","Granada",4,0,4,4,2,"2016-2",140
2016,"Febrero","Grecia",145,21,124,166,2,"2016-2",57
2016,"Febrero","Guatemala",1476,1524,-48,3000,2,"2016-2",21
2016,"Febrero","Guyana",18,7,11,25,2,"2016-2",90
2016,"Febrero","Haití",19,33,-14,52,2,"2016-2",77
2016,"Febrero","Honduras",667,308,359,975,2,"2016-2",32
2016,"Febrero","Hong Kong",1,83,-82,84,2,"2016-2",65
2016,"Febrero","Hungría",98,8,90,106,2,"2016-2",61
2016,"Febrero","India",557,98,459,655,2,"2016-2",38
2016,"Febrero","Indonesia",37,16,21,53,2,"2016-2",76
2016,"Febrero","Iraq",2,5,-3,7,2,"2016-2",117
2016,"Febrero","Irán",17,11,6,28,2,"2016-2",88
2016,"Febrero","República de Irlanda",382,16,366,398,2,"2016-2",46
2016,"Febrero","Islandia",28,4,24,32,2,"2016-2",84
2016,"Febrero","Israel",910,214,696,1124,2,"2016-2",28
2016,"Febrero","Italia",3625,1595,2030,5220,2,"2016-2",16
2016,"Febrero","Jamaica",74,62,12,136,2,"2016-2",59
2016,"Febrero","Japón",982,90,892,1072,2,"2016-2",29
2016,"Febrero","Jordania",6,2,4,8,2,"2016-2",114
2016,"Febrero","Kazajistán",12,6,6,18,2,"2016-2",94
2016,"Febrero","Kenia",26,5,21,31,2,"2016-2",86
2016,"Febrero","Kiribati",1,0,1,1,2,"2016-2",179
2016,"Febrero","Kuwait",7,2,5,9,2,"2016-2",107
2016,"Febrero","República de Kosovo",5,0,5,5,2,"2016-2",134
2016,"Febrero","Letonia",44,0,44,44,2,"2016-2",81
2016,"Febrero","Lituania",69,0,69,69,2,"2016-2",72
2016,"Febrero","Líbano",29,36,-7,65,2,"2016-2",74
2016,"Febrero","Liechtenstein",3,0,3,3,2,"2016-2",153
2016,"Febrero","Luxemburgo",22,9,13,31,2,"2016-2",86
2016,"Febrero","Macedonia",3,1,2,4,2,"2016-2",140
2016,"Febrero","Madagascar",3,2,1,5,2,"2016-2",134
2016,"Febrero","Malasia",58,17,41,75,2,"2016-2",67
2016,"Febrero","Malí",2,1,1,3,2,"2016-2",153
2016,"Febrero","Malta",32,33,-1,65,2,"2016-2",74
2016,"Febrero","Marruecos",21,9,12,30,2,"2016-2",87
2016,"Febrero","Mauricio",3,2,1,5,2,"2016-2",134
2016,"Febrero","México",10701,19324,-8623,30025,2,"2016-2",4
2016,"Febrero","República de Moldavia",7,1,6,8,2,"2016-2",114
2016,"Febrero","Mónaco",4,1,3,5,2,"2016-2",134
2016,"Febrero","Mongolia",2,0,2,2,2,"2016-2",165
2016,"Febrero","Montenegro",3,0,3,3,2,"2016-2",153
2016,"Febrero","Mozambique",2,6,-4,8,2,"2016-2",114
2016,"Febrero","Myanmar",10,0,10,10,2,"2016-2",105
2016,"Febrero","Nepal",4,2,2,6,2,"2016-2",124
2016,"Febrero","Nicaragua",230,235,-5,465,2,"2016-2",44
2016,"Febrero","Nigeria",13,7,6,20,2,"2016-2",93
2016,"Febrero","Noruega",356,54,302,410,2,"2016-2",45
2016,"Febrero","Nueva Zelanda",199,80,119,279,2,"2016-2",47
2016,"Febrero","Omán",3,1,2,4,2,"2016-2",140
2016,"Febrero","Pakistán",24,0,24,24,2,"2016-2",91
2016,"Febrero","Panamá",9057,29811,-20754,38868,2,"2016-2",2
2016,"Febrero","Paraguay",694,367,327,1061,2,"2016-2",31
2016,"Febrero","Perú",13005,9587,3418,22592,2,"2016-2",7
2016,"Febrero","Palestina",5,0,5,5,2,"2016-2",134
2016,"Febrero","Polonia",563,23,540,586,2,"2016-2",39
2016,"Febrero","Portugal",930,371,559,1301,2,"2016-2",27
2016,"Febrero","Reino Unido de Gran Bretaña e Irlanda del Norte",4019,2375,1644,6394,2,"2016-2",14
2016,"Febrero","República CentroÁfricana",1,3,-2,4,2,"2016-2",140
2016,"Febrero","Federación de Rusia",481,58,423,539,2,"2016-2",41
2016,"Febrero","República Dominicana",1207,3991,-2784,5198,2,"2016-2",17
2016,"Febrero","Rumania",160,7,153,167,2,"2016-2",56
2016,"Febrero","Rwanda",2,1,1,3,2,"2016-2",153
2016,"Febrero","San Cristóbal y Nevis",2,0,2,2,2,"2016-2",165
2016,"Febrero","San Marino",3,0,3,3,2,"2016-2",153
2016,"Febrero","San  Vicente y las Granadinas",1,0,1,1,2,"2016-2",179
2016,"Febrero","Santa Lucia",6,0,6,6,2,"2016-2",124
2016,"Febrero","Santa Sede/Ciudad del Vaticano",1,1,0,2,2,"2016-2",165
2016,"Febrero","Senegal",3,0,3,3,2,"2016-2",153
2016,"Febrero","Serbia",33,0,33,33,2,"2016-2",83
2016,"Febrero","Sierra Leona",2,0,2,2,2,"2016-2",165
2016,"Febrero","Singapur",34,14,20,48,2,"2016-2",80
2016,"Febrero","República Árabe Siria",2,0,2,2,2,"2016-2",165
2016,"Febrero","Sri Lanka",6,0,6,6,2,"2016-2",124
2016,"Febrero","Sudáfrica",194,19,175,213,2,"2016-2",49
2016,"Febrero","Sudán",2,0,2,2,2,"2016-2",165
2016,"Febrero","Suecia",729,216,513,945,2,"2016-2",34
2016,"Febrero","Suiza",1645,524,1121,2169,2,"2016-2",23
2016,"Febrero","Surinam",59,12,47,71,2,"2016-2",71
2016,"Febrero","Taiwán",153,19,134,172,2,"2016-2",55
2016,"Febrero","República de Tayikistán",2,0,2,2,2,"2016-2",165
2016,"Febrero","Tailandia",24,50,-26,74,2,"2016-2",70
2016,"Febrero","Tanzania",2,2,0,4,2,"2016-2",140
2016,"Febrero","Togo",3,0,3,3,2,"2016-2",153
2016,"Febrero","Trinidad y Tobago",99,96,3,195,2,"2016-2",51
2016,"Febrero","Túnez",7,1,6,8,2,"2016-2",114
2016,"Febrero","Turquía",209,36,173,245,2,"2016-2",48
2016,"Febrero","Ucrania",98,0,98,98,2,"2016-2",63
2016,"Febrero","Uganda",5,2,3,7,2,"2016-2",117
2016,"Febrero","Uruguay",792,269,523,1061,2,"2016-2",31
2016,"Febrero","Uzbekistán",3,0,3,3,2,"2016-2",153
2016,"Febrero","Venezuela",17467,4142,13325,21609,2,"2016-2",8
2016,"Febrero","Vietnam",6,6,0,12,2,"2016-2",100
2016,"Febrero","República Árabe de Yemen",1,0,1,1,2,"2016-2",179
2016,"Febrero","Zambia",3,1,2,4,2,"2016-2",140
2016,"Febrero","Zimbabue",1,2,-1,3,2,"2016-2",153
2016,"Febrero","Anguila/Territorio Británico de Ultramar",1,0,1,1,2,"2016-2",179
2016,"Febrero","Desconocido",173,3,170,176,2,"2016-2",53
2016,"Marzo","Albania",7,0,7,7,3,"2016-3",124
2016,"Marzo","Alemania",6008,2787,3221,8795,3,"2016-3",11
2016,"Marzo","Andorra",17,3,14,20,3,"2016-3",93
2016,"Marzo","Antigua y Barbuda",13,2,11,15,3,"2016-3",102
2016,"Marzo","Países Bajos",3502,2183,1319,5685,3,"2016-3",16
2016,"Marzo","Arabia Saudita",25,46,-21,71,3,"2016-3",67
2016,"Marzo","Argelia",9,6,3,15,3,"2016-3",102
2016,"Marzo","Argentina",13361,6985,6376,20346,3,"2016-3",9
2016,"Marzo","República de Armenia",4,0,4,4,3,"2016-3",146
2016,"Marzo","Aruba",3,4730,-4727,4733,3,"2016-3",18
2016,"Marzo","Australia",1038,540,498,1578,3,"2016-3",26
2016,"Marzo","Austria",650,83,567,733,3,"2016-3",37
2016,"Marzo","Azerbaiyán",11,4,7,15,3,"2016-3",102
2016,"Marzo","Bahamas",13,98,-85,111,3,"2016-3",62
2016,"Marzo","Bangladesh",9,6,3,15,3,"2016-3",102
2016,"Marzo","Barbados",41,275,-234,316,3,"2016-3",48
2016,"Marzo","República de Belarús",12,1,11,13,3,"2016-3",105
2016,"Marzo","Bélgica",735,163,572,898,3,"2016-3",35
2016,"Marzo","Belice",14,35,-21,49,3,"2016-3",77
2016,"Marzo","Bermudas/Territorio Británico de Ultramar",12,0,12,12,3,"2016-3",109
2016,"Marzo","Bolivia",1370,1201,169,2571,3,"2016-3",23
2016,"Marzo","Bosnia y Herzegovina",4,3,1,7,3,"2016-3",124
2016,"Marzo","Botsuana",2,0,2,2,3,"2016-3",157
2016,"Marzo","Brasil",15077,8436,6641,23513,3,"2016-3",7
2016,"Marzo","Brunei Darussalam",1,0,1,1,3,"2016-3",176
2016,"Marzo","Bulgaria",75,2,73,77,3,"2016-3",65
2016,"Marzo","Burkina Faso",1,0,1,1,3,"2016-3",176
2016,"Marzo","Bután",2,0,2,2,3,"2016-3",157
2016,"Marzo","Cabo Verde",3,1,2,4,3,"2016-3",146
2016,"Marzo","Islas Caimán/Territorio Británico de Ultramar",7,10,-3,17,3,"2016-3",95
2016,"Marzo","Camerún",5,4,1,9,3,"2016-3",113
2016,"Marzo","Canadá",4877,3492,1385,8369,3,"2016-3",12
2016,"Marzo","España",10034,23874,-13840,33908,3,"2016-3",5
2016,"Marzo","República Democrática del Congo",6,0,6,6,3,"2016-3",132
2016,"Marzo","República de Corea",799,30,769,829,3,"2016-3",36
2016,"Marzo","Costa de Marfil",3,4,-1,7,3,"2016-3",124
2016,"Marzo","Costa Rica",2989,2343,646,5332,3,"2016-3",17
2016,"Marzo","Croacia",55,5,50,60,3,"2016-3",73
2016,"Marzo","Cuba",468,3406,-2938,3874,3,"2016-3",21
2016,"Marzo","República Checa",163,19,144,182,3,"2016-3",56
2016,"Marzo","Chile",9497,10475,-978,19972,3,"2016-3",10
2016,"Marzo","China",1374,1136,238,2510,3,"2016-3",24
2016,"Marzo","Chipre",21,1,20,22,3,"2016-3",90
2016,"Marzo","Dinamarca",485,45,440,530,3,"2016-3",40
2016,"Marzo","Dominica",9,3,6,12,3,"2016-3",109
2016,"Marzo","Ecuador",16579,26871,-10292,43450,3,"2016-3",2
2016,"Marzo","Egipto",16,24,-8,40,3,"2016-3",81
2016,"Marzo","El Salvador",2576,1827,749,4403,3,"2016-3",20
2016,"Marzo","Emiratos Árabes",17,404,-387,421,3,"2016-3",45
2016,"Marzo","Eslovaquia",59,0,59,59,3,"2016-3",74
2016,"Marzo","Eslovenia",85,1,84,86,3,"2016-3",64
2016,"Marzo","Estados Unidos de América",44890,104391,-59501,149281,3,"2016-3",1
2016,"Marzo","Estonia",20,5,15,25,3,"2016-3",89
2016,"Marzo","Etiopia",6,1,5,7,3,"2016-3",124
2016,"Marzo","Islas Fiji",1,0,1,1,3,"2016-3",176
2016,"Marzo","Filipinas",318,11,307,329,3,"2016-3",47
2016,"Marzo","Finlandia",207,10,197,217,3,"2016-3",53
2016,"Marzo","Francia",4727,2856,1871,7583,3,"2016-3",14
2016,"Marzo","Gambia",1,0,1,1,3,"2016-3",176
2016,"Marzo","Georgia",4,0,4,4,3,"2016-3",146
2016,"Marzo","Ghana",12,0,12,12,3,"2016-3",109
2016,"Marzo","Granada",6,0,6,6,3,"2016-3",132
2016,"Marzo","Grecia",154,21,133,175,3,"2016-3",57
2016,"Marzo","Guatemala",2061,1641,420,3702,3,"2016-3",22
2016,"Marzo","Guyana",20,16,4,36,3,"2016-3",84
2016,"Marzo","Guinea",1,0,1,1,3,"2016-3",176
2016,"Marzo","Guinea Ecuatorial",1,7,-6,8,3,"2016-3",115
2016,"Marzo","Haití",72,49,23,121,3,"2016-3",61
2016,"Marzo","Honduras",1025,316,709,1341,3,"2016-3",30
2016,"Marzo","Hong Kong",6,117,-111,123,3,"2016-3",60
2016,"Marzo","Hungría",106,2,104,108,3,"2016-3",63
2016,"Marzo","India",540,100,440,640,3,"2016-3",38
2016,"Marzo","Indonesia",45,3,42,48,3,"2016-3",78
2016,"Marzo","Irán",23,2,21,25,3,"2016-3",89
2016,"Marzo","República de Irlanda",425,16,409,441,3,"2016-3",44
2016,"Marzo","Islandia",38,3,35,41,3,"2016-3",80
2016,"Marzo","Israel",1357,188,1169,1545,3,"2016-3",27
2016,"Marzo","Italia",3258,1399,1859,4657,3,"2016-3",19
2016,"Marzo","Jamaica",81,61,20,142,3,"2016-3",59
2016,"Marzo","Japón",836,140,696,976,3,"2016-3",33
2016,"Marzo","Jordania",15,5,10,20,3,"2016-3",93
2016,"Marzo","Kazajistán",12,3,9,15,3,"2016-3",102
2016,"Marzo","Kenia",11,3,8,14,3,"2016-3",103
2016,"Marzo","Kirguistán",7,0,7,7,3,"2016-3",124
2016,"Marzo","Kuwait",5,10,-5,15,3,"2016-3",102
2016,"Marzo","República de Kosovo",1,0,1,1,3,"2016-3",176
2016,"Marzo","Letonia",19,1,18,20,3,"2016-3",93
2016,"Marzo","Lituania",59,4,55,63,3,"2016-3",70
2016,"Marzo","Líbano",38,24,14,62,3,"2016-3",71
2016,"Marzo","Liberia",5,0,5,5,3,"2016-3",137
2016,"Marzo","Liechtenstein",4,0,4,4,3,"2016-3",146
2016,"Marzo","Luxemburgo",22,15,7,37,3,"2016-3",83
2016,"Marzo","Macedonia",4,0,4,4,3,"2016-3",146
2016,"Marzo","Madagascar",1,0,1,1,3,"2016-3",176
2016,"Marzo","Malasia",45,8,37,53,3,"2016-3",76
2016,"Marzo","Malawi",1,0,1,1,3,"2016-3",176
2016,"Marzo","Malí",7,5,2,12,3,"2016-3",109
2016,"Marzo","Malta",20,35,-15,55,3,"2016-3",75
2016,"Marzo","Marruecos",25,20,5,45,3,"2016-3",79
2016,"Marzo","Mauricio",8,1,7,9,3,"2016-3",113
2016,"Marzo","México",14037,24994,-10957,39031,3,"2016-3",3
2016,"Marzo","República de Moldavia",3,0,3,3,3,"2016-3",152
2016,"Marzo","Mónaco",3,3,0,6,3,"2016-3",132
2016,"Marzo","Montenegro",3,0,3,3,3,"2016-3",152
2016,"Marzo","Mozambique",4,1,3,5,3,"2016-3",137
2016,"Marzo","Namibia",1,1,0,2,3,"2016-3",157
2016,"Marzo","Nepal",5,3,2,8,3,"2016-3",115
2016,"Marzo","Nicaragua",257,225,32,482,3,"2016-3",42
2016,"Marzo","Nigeria",22,7,15,29,3,"2016-3",86
2016,"Marzo","Noruega",455,48,407,503,3,"2016-3",41
2016,"Marzo","Nueva Zelanda",198,52,146,250,3,"2016-3",50
2016,"Marzo","Omán",1,5,-4,6,3,"2016-3",132
2016,"Marzo","Pakistán",28,0,28,28,3,"2016-3",87
2016,"Marzo","Panamá",7205,31422,-24217,38627,3,"2016-3",4
2016,"Marzo","Paraguay",666,358,308,1024,3,"2016-3",32
2016,"Marzo","Perú",11543,11720,-177,23263,3,"2016-3",8
2016,"Marzo","Palestina",1,0,1,1,3,"2016-3",176
2016,"Marzo","Polonia",422,22,400,444,3,"2016-3",43
2016,"Marzo","Portugal",986,499,487,1485,3,"2016-3",28
2016,"Marzo","Reino Unido de Gran Bretaña e Irlanda del Norte",4992,2781,2211,7773,3,"2016-3",13
2016,"Marzo","República CentroÁfricana",1,2,-1,3,3,"2016-3",152
2016,"Marzo","Federación de Rusia",500,77,423,577,3,"2016-3",39
2016,"Marzo","República Dominicana",1571,5856,-4285,7427,3,"2016-3",15
2016,"Marzo","Rumania",152,6,146,158,3,"2016-3",58
2016,"Marzo","Rwanda",1,0,1,1,3,"2016-3",176
2016,"Marzo","San Cristóbal y Nevis",5,0,5,5,3,"2016-3",137
2016,"Marzo","Samoa Occidental",1,0,1,1,3,"2016-3",176
2016,"Marzo","San  Vicente y las Granadinas",9,1,8,10,3,"2016-3",111
2016,"Marzo","Santa Lucia",12,1,11,13,3,"2016-3",105
2016,"Marzo","Santa Sede/Ciudad del Vaticano",1,0,1,1,3,"2016-3",176
2016,"Marzo","Senegal",2,2,0,4,3,"2016-3",146
2016,"Marzo","Serbia",29,0,29,29,3,"2016-3",86
2016,"Marzo","Sierra Leona",2,0,2,2,3,"2016-3",157
2016,"Marzo","Singapur",39,26,13,65,3,"2016-3",69
2016,"Marzo","Sri Lanka",6,1,5,7,3,"2016-3",124
2016,"Marzo","Sudáfrica",160,50,110,210,3,"2016-3",54
2016,"Marzo","Sudán",4,2,2,6,3,"2016-3",132
2016,"Marzo","Suecia",774,173,601,947,3,"2016-3",34
2016,"Marzo","Suiza",1412,463,949,1875,3,"2016-3",25
2016,"Marzo","Surinam",41,20,21,61,3,"2016-3",72
2016,"Marzo","Taiwán",199,6,193,205,3,"2016-3",55
2016,"Marzo","República de Tayikistán",1,0,1,1,3,"2016-3",176
2016,"Marzo","Tailandia",31,39,-8,70,3,"2016-3",68
2016,"Marzo","Tanzania",4,2,2,6,3,"2016-3",132
2016,"Marzo","Togo",4,0,4,4,3,"2016-3",146
2016,"Marzo","Trinidad y Tobago",132,101,31,233,3,"2016-3",52
2016,"Marzo","Túnez",4,1,3,5,3,"2016-3",137
2016,"Marzo","Turquía",259,70,189,329,3,"2016-3",47
2016,"Marzo","Ucrania",65,6,59,71,3,"2016-3",67
2016,"Marzo","Uganda",5,1,4,6,3,"2016-3",132
2016,"Marzo","Uruguay",1122,293,829,1415,3,"2016-3",29
2016,"Marzo","Uzbekistán",1,0,1,1,3,"2016-3",176
2016,"Marzo","Venezuela",18792,5155,13637,23947,3,"2016-3",6
2016,"Marzo","Vietnam",10,6,4,16,3,"2016-3",96
2016,"Marzo","Islas Vírgenes Británicas/Territorio Británico de Ultramar",3,4,-1,7,3,"2016-3",124
2016,"Marzo","Zimbabue",6,0,6,6,3,"2016-3",132
2016,"Marzo","Desconocido",258,0,258,258,3,"2016-3",49
2016,"Abril","Afganistán",1,5,-4,6,4,"2016-4",125
2016,"Abril","Albania",7,0,7,7,4,"2016-4",116
2016,"Abril","Alemania",3805,2639,1166,6444,4,"2016-4",12
2016,"Abril","Andorra",11,0,11,11,4,"2016-4",102
2016,"Abril","Angola",4,6,-2,10,4,"2016-4",105
2016,"Abril","Antigua y Barbuda",13,2,11,15,4,"2016-4",96
2016,"Abril","Países Bajos",4022,2130,1892,6152,4,"2016-4",14
2016,"Abril","Arabia Saudita",5,41,-36,46,4,"2016-4",77
2016,"Abril","Argelia",4,2,2,6,4,"2016-4",125
2016,"Abril","Argentina",11439,4706,6733,16145,4,"2016-4",10
2016,"Abril","República de Armenia",12,1,11,13,4,"2016-4",99
2016,"Abril","Aruba",2,4358,-4356,4360,4,"2016-4",18
2016,"Abril","Australia",1096,493,603,1589,4,"2016-4",27
2016,"Abril","Austria",362,58,304,420,4,"2016-4",41
2016,"Abril","Bahamas",14,55,-41,69,4,"2016-4",63
2016,"Abril","Bangladesh",5,0,5,5,4,"2016-4",135
2016,"Abril","Barbados",24,217,-193,241,4,"2016-4",50
2016,"Abril","República de Belarús",5,1,4,6,4,"2016-4",125
2016,"Abril","Bélgica",510,198,312,708,4,"2016-4",35
2016,"Abril","Belice",18,13,5,31,4,"2016-4",85
2016,"Abril","Benín",3,2,1,5,4,"2016-4",135
2016,"Abril","Bermudas/Territorio Británico de Ultramar",5,2,3,7,4,"2016-4",116
2016,"Abril","Bolivia",1357,882,475,2239,4,"2016-4",24
2016,"Abril","Bosnia y Herzegovina",5,4,1,9,4,"2016-4",110
2016,"Abril","Botsuana",4,0,4,4,4,"2016-4",141
2016,"Abril","Brasil",17358,6606,10752,23964,4,"2016-4",6
2016,"Abril","Bulgaria",62,7,55,69,4,"2016-4",63
2016,"Abril","Burundi",5,0,5,5,4,"2016-4",135
2016,"Abril","Cabo Verde",3,0,3,3,4,"2016-4",152
2016,"Abril","Islas Caimán/Territorio Británico de Ultramar",6,15,-9,21,4,"2016-4",90
2016,"Abril","Camboya",2,1,1,3,4,"2016-4",152
2016,"Abril","Camerún",1,2,-1,3,4,"2016-4",152
2016,"Abril","Canadá",2914,3188,-274,6102,4,"2016-4",15
2016,"Abril","Chad",1,1,0,2,4,"2016-4",163
2016,"Abril","España",8371,21553,-13182,29924,4,"2016-4",5
2016,"Abril","República Democrática del Congo",7,0,7,7,4,"2016-4",116
2016,"Abril","República de Corea",628,35,593,663,4,"2016-4",36
2016,"Abril","Costa de Marfil",2,9,-7,11,4,"2016-4",102
2016,"Abril","Costa Rica",2529,2439,90,4968,4,"2016-4",17
2016,"Abril","Croacia",54,10,44,64,4,"2016-4",68
2016,"Abril","Cuba",587,1713,-1126,2300,4,"2016-4",23
2016,"Abril","República Checa",151,16,135,167,4,"2016-4",55
2016,"Abril","Chile",8748,8275,473,17023,4,"2016-4",9
2016,"Abril","China",1219,1154,65,2373,4,"2016-4",22
2016,"Abril","Chipre",4,1,3,5,4,"2016-4",135
2016,"Abril","Dinamarca",319,25,294,344,4,"2016-4",44
2016,"Abril","Dominica",8,6,2,14,4,"2016-4",98
2016,"Abril","Ecuador",13194,17863,-4669,31057,4,"2016-4",4
2016,"Abril","Egipto",45,18,27,63,4,"2016-4",69
2016,"Abril","El Salvador",2152,1537,615,3689,4,"2016-4",20
2016,"Abril","Emiratos Árabes",18,198,-180,216,4,"2016-4",51
2016,"Abril","Eritrea",2,0,2,2,4,"2016-4",163
2016,"Abril","Eslovaquia",62,5,57,67,4,"2016-4",66
2016,"Abril","Eslovenia",33,2,31,35,4,"2016-4",82
2016,"Abril","Estados Unidos de América",37241,88307,-51066,125548,4,"2016-4",1
2016,"Abril","Estonia",17,0,17,17,4,"2016-4",93
2016,"Abril","Etiopia",4,6,-2,10,4,"2016-4",105
2016,"Abril","Islas Fiji",1,0,1,1,4,"2016-4",181
2016,"Abril","Filipinas",381,1,380,382,4,"2016-4",43
2016,"Abril","Finlandia",151,12,139,163,4,"2016-4",56
2016,"Abril","Francia",4487,2534,1953,7021,4,"2016-4",11
2016,"Abril","Gabón",2,0,2,2,4,"2016-4",163
2016,"Abril","Georgia",3,1,2,4,4,"2016-4",141
2016,"Abril","Ghana",13,2,11,15,4,"2016-4",96
2016,"Abril","Granada",4,1,3,5,4,"2016-4",135
2016,"Abril","Grecia",77,43,34,120,4,"2016-4",60
2016,"Abril","Guatemala",1502,1474,28,2976,4,"2016-4",21
2016,"Abril","Guyana",22,3,19,25,4,"2016-4",87
2016,"Abril","Guinea",1,0,1,1,4,"2016-4",181
2016,"Abril","Haití",27,28,-1,55,4,"2016-4",74
2016,"Abril","Honduras",907,305,602,1212,4,"2016-4",28
2016,"Abril","Hong Kong",1,192,-191,193,4,"2016-4",52
2016,"Abril","Hungría",63,4,59,67,4,"2016-4",66
2016,"Abril","India",522,85,437,607,4,"2016-4",37
2016,"Abril","Indonesia",46,18,28,64,4,"2016-4",68
2016,"Abril","Iraq",1,8,-7,9,4,"2016-4",110
2016,"Abril","Irán",20,4,16,24,4,"2016-4",88
2016,"Abril","República de Irlanda",399,37,362,436,4,"2016-4",40
2016,"Abril","Islandia",16,4,12,20,4,"2016-4",92
2016,"Abril","Israel",2070,101,1969,2171,4,"2016-4",25
2016,"Abril","Italia",2717,1385,1332,4102,4,"2016-4",19
2016,"Abril","Jamaica",51,79,-28,130,4,"2016-4",59
2016,"Abril","Islas Salomón",1,0,1,1,4,"2016-4",181
2016,"Abril","Japón",589,164,425,753,4,"2016-4",33
2016,"Abril","Jordania",9,5,4,14,4,"2016-4",98
2016,"Abril","Kazajistán",8,0,8,8,4,"2016-4",112
2016,"Abril","Kenia",30,7,23,37,4,"2016-4",80
2016,"Abril","República de Kosovo",2,0,2,2,4,"2016-4",163
2016,"Abril","Lesoto",3,0,3,3,4,"2016-4",152
2016,"Abril","Letonia",19,3,16,22,4,"2016-4",89
2016,"Abril","Lituania",35,9,26,44,4,"2016-4",78
2016,"Abril","Líbano",38,22,16,60,4,"2016-4",70
2016,"Abril","Liberia",1,0,1,1,4,"2016-4",181
2016,"Abril","Liechtenstein",2,0,2,2,4,"2016-4",163
2016,"Abril","Luxemburgo",13,18,-5,31,4,"2016-4",85
2016,"Abril","Macedonia",2,0,2,2,4,"2016-4",163
2016,"Abril","Madagascar",1,0,1,1,4,"2016-4",181
2016,"Abril","Malasia",42,13,29,55,4,"2016-4",74
2016,"Abril","Malí",1,0,1,1,4,"2016-4",181
2016,"Abril","Malta",11,24,-13,35,4,"2016-4",82
2016,"Abril","Marruecos",18,28,-10,46,4,"2016-4",77
2016,"Abril","Mauricio",4,2,2,6,4,"2016-4",125
2016,"Abril","Mauritania",1,0,1,1,4,"2016-4",181
2016,"Abril","México",11941,21456,-9515,33397,4,"2016-4",3
2016,"Abril","República de Moldavia",3,0,3,3,4,"2016-4",152
2016,"Abril","Montenegro",2,1,1,3,4,"2016-4",152
2016,"Abril","Mozambique",4,1,3,5,4,"2016-4",135
2016,"Abril","Myanmar",4,1,3,5,4,"2016-4",135
2016,"Abril","Nepal",4,1,3,5,4,"2016-4",135
2016,"Abril","Nicaragua",225,217,8,442,4,"2016-4",38
2016,"Abril","Nigeria",19,10,9,29,4,"2016-4",86
2016,"Abril","Noruega",251,54,197,305,4,"2016-4",46
2016,"Abril","Nueva Zelanda",211,73,138,284,4,"2016-4",48
2016,"Abril","Pakistán",17,3,14,20,4,"2016-4",92
2016,"Abril","Panamá",7891,27003,-19112,34894,4,"2016-4",2
2016,"Abril","Paraguay",602,340,262,942,4,"2016-4",31
2016,"Abril","Perú",9871,10183,-312,20054,4,"2016-4",8
2016,"Abril","Palestina",6,2,4,8,4,"2016-4",112
2016,"Abril","Polonia",378,10,368,388,4,"2016-4",42
2016,"Abril","Portugal",714,261,453,975,4,"2016-4",30
2016,"Abril","Qatar",1,9,-8,10,4,"2016-4",105
2016,"Abril","Reino Unido de Gran Bretaña e Irlanda del Norte",3554,2667,887,6221,4,"2016-4",13
2016,"Abril","República CentroÁfricana",2,0,2,2,4,"2016-4",163
2016,"Abril","Federación de Rusia",400,41,359,441,4,"2016-4",39
2016,"Abril","República Dominicana",1279,4759,-3480,6038,4,"2016-4",16
2016,"Abril","Rumania",134,10,124,144,4,"2016-4",57
2016,"Abril","Rwanda",3,0,3,3,4,"2016-4",152
2016,"Abril","San Cristóbal y Nevis",3,1,2,4,4,"2016-4",141
2016,"Abril","Samoa Estadounidense/Territorio no incorporado de Estados Unidos",1,0,1,1,4,"2016-4",181
2016,"Abril","San Marino",1,0,1,1,4,"2016-4",181
2016,"Abril","San  Vicente y las Granadinas",3,1,2,4,4,"2016-4",141
2016,"Abril","Santa Lucia",8,3,5,11,4,"2016-4",102
2016,"Abril","Senegal",8,1,7,9,4,"2016-4",110
2016,"Abril","Serbia",31,1,30,32,4,"2016-4",83
2016,"Abril","Sierra Leona",5,1,4,6,4,"2016-4",125
2016,"Abril","Singapur",39,28,11,67,4,"2016-4",66
2016,"Abril","República Árabe Siria",5,0,5,5,4,"2016-4",135
2016,"Abril","Sri Lanka",3,3,0,6,4,"2016-4",125
2016,"Abril","Sudáfrica",153,24,129,177,4,"2016-4",53
2016,"Abril","Suecia",596,116,480,712,4,"2016-4",34
2016,"Abril","Suiza",1222,499,723,1721,4,"2016-4",26
2016,"Abril","Surinam",50,8,42,58,4,"2016-4",71
2016,"Abril","Taiwán",128,12,116,140,4,"2016-4",58
2016,"Abril","República de Tayikistán",1,0,1,1,4,"2016-4",181
2016,"Abril","Tailandia",35,22,13,57,4,"2016-4",72
2016,"Abril","Tanzania",5,1,4,6,4,"2016-4",125
2016,"Abril","Togo",3,0,3,3,4,"2016-4",152
2016,"Abril","Trinidad y Tobago",95,220,-125,315,4,"2016-4",45
2016,"Abril","Túnez",16,0,16,16,4,"2016-4",94
2016,"Abril","Turquía",197,87,110,284,4,"2016-4",48
2016,"Abril","Ucrania",73,1,72,74,4,"2016-4",61
2016,"Abril","Uganda",9,0,9,9,4,"2016-4",110
2016,"Abril","Uruguay",827,182,645,1009,4,"2016-4",29
2016,"Abril","Uzbekistán",2,0,2,2,4,"2016-4",163
2016,"Abril","Venezuela",16402,4369,12033,20771,4,"2016-4",7
2016,"Abril","Vietnam",26,15,11,41,4,"2016-4",79
2016,"Abril","Zambia",6,0,6,6,4,"2016-4",125
2016,"Abril","Zimbabue",6,1,5,7,4,"2016-4",116
2016,"Abril","Desconocido",173,0,173,173,4,"2016-4",54
2016,"Mayo","Afganistán",2,6,-4,8,5,"2016-5",113
2016,"Mayo","Albania",4,1,3,5,5,"2016-5",125
2016,"Mayo","Alemania",3819,3139,680,6958,5,"2016-5",12
2016,"Mayo","Andorra",21,2,19,23,5,"2016-5",91
2016,"Mayo","Angola",2,12,-10,14,5,"2016-5",100
2016,"Mayo","Antigua y Barbuda",10,10,0,20,5,"2016-5",92
2016,"Mayo","Países Bajos",3644,2550,1094,6194,5,"2016-5",16
2016,"Mayo","Arabia Saudita",24,43,-19,67,5,"2016-5",71
2016,"Mayo","Argelia",2,7,-5,9,5,"2016-5",110
2016,"Mayo","Argentina",10895,4505,6390,15400,5,"2016-5",10
2016,"Mayo","República de Armenia",1,2,-1,3,5,"2016-5",148
2016,"Mayo","Australia",1234,469,765,1703,5,"2016-5",26
2016,"Mayo","Austria",345,81,264,426,5,"2016-5",41
2016,"Mayo","Azerbaiyán",10,2,8,12,5,"2016-5",103
2016,"Mayo","Bahamas",18,76,-58,94,5,"2016-5",62
2016,"Mayo","Bahréin",3,6,-3,9,5,"2016-5",110
2016,"Mayo","Bangladesh",4,5,-1,9,5,"2016-5",110
2016,"Mayo","Barbados",39,282,-243,321,5,"2016-5",45
2016,"Mayo","República de Belarús",8,0,8,8,5,"2016-5",113
2016,"Mayo","Bélgica",576,141,435,717,5,"2016-5",36
2016,"Mayo","Belice",26,18,8,44,5,"2016-5",79
2016,"Mayo","Bermudas/Territorio Británico de Ultramar",5,2,3,7,5,"2016-5",115
2016,"Mayo","Bolivia",1420,882,538,2302,5,"2016-5",23
2016,"Mayo","Bosnia y Herzegovina",3,0,3,3,5,"2016-5",148
2016,"Mayo","Botsuana",1,0,1,1,5,"2016-5",181
2016,"Mayo","Brasil",15415,6494,8921,21909,5,"2016-5",7
2016,"Mayo","Brunei Darussalam",1,0,1,1,5,"2016-5",181
2016,"Mayo","Bulgaria",64,11,53,75,5,"2016-5",65
2016,"Mayo","Burkina Faso",2,0,2,2,5,"2016-5",162
2016,"Mayo","Burundi",1,0,1,1,5,"2016-5",181
2016,"Mayo","Islas Caimán/Territorio Británico de Ultramar",5,9,-4,14,5,"2016-5",100
2016,"Mayo","Camboya",1,2,-1,3,5,"2016-5",148
2016,"Mayo","Camerún",3,1,2,4,5,"2016-5",133
2016,"Mayo","Guernsey",1,0,1,1,5,"2016-5",181
2016,"Mayo","Canadá",2967,3812,-845,6779,5,"2016-5",13
2016,"Mayo","España",8351,26799,-18448,35150,5,"2016-5",4
2016,"Mayo","República Democrática del Congo",3,0,3,3,5,"2016-5",148
2016,"Mayo","Islas Heard Y Mcdonald",1,0,1,1,5,"2016-5",181
2016,"Mayo","República de Corea",708,53,655,761,5,"2016-5",35
2016,"Mayo","Costa Rica",2484,2357,127,4841,5,"2016-5",18
2016,"Mayo","Croacia",46,15,31,61,5,"2016-5",73
2016,"Mayo","Cuba",668,2338,-1670,3006,5,"2016-5",22
2016,"Mayo","República Checa",168,21,147,189,5,"2016-5",53
2016,"Mayo","Chile",9879,8031,1848,17910,5,"2016-5",9
2016,"Mayo","China",1347,669,678,2016,5,"2016-5",24
2016,"Mayo","Chipre",7,2,5,9,5,"2016-5",110
2016,"Mayo","Dinamarca",308,70,238,378,5,"2016-5",43
2016,"Mayo","Dominica",3,0,3,3,5,"2016-5",148
2016,"Mayo","Ecuador",11192,17665,-6473,28857,5,"2016-5",5
2016,"Mayo","Egipto",28,32,-4,60,5,"2016-5",75
2016,"Mayo","El Salvador",2052,1950,102,4002,5,"2016-5",20
2016,"Mayo","Emiratos Árabes",8,256,-248,264,5,"2016-5",48
2016,"Mayo","Eslovaquia",55,2,53,57,5,"2016-5",77
2016,"Mayo","Eslovenia",40,3,37,43,5,"2016-5",80
2016,"Mayo","Estados Unidos de América",38436,105518,-67082,143954,5,"2016-5",1
2016,"Mayo","Estonia",28,0,28,28,5,"2016-5",86
2016,"Mayo","Etiopia",5,2,3,7,5,"2016-5",115
2016,"Mayo","Filipinas",261,0,261,261,5,"2016-5",49
2016,"Mayo","Finlandia",122,18,104,140,5,"2016-5",59
2016,"Mayo","Francia",4035,3607,428,7642,5,"2016-5",11
2016,"Mayo","Georgia",8,3,5,11,5,"2016-5",104
2016,"Mayo","Ghana",17,2,15,19,5,"2016-5",93
2016,"Mayo","Granada",4,2,2,6,5,"2016-5",119
2016,"Mayo","Grecia",106,88,18,194,5,"2016-5",52
2016,"Mayo","Guatemala",1740,1576,164,3316,5,"2016-5",21
2016,"Mayo","Guyana",24,9,15,33,5,"2016-5",84
2016,"Mayo","Guinea Ecuatorial",1,2,-1,3,5,"2016-5",148
2016,"Mayo","Guinea Bissau",2,0,2,2,5,"2016-5",162
2016,"Mayo","Haití",26,33,-7,59,5,"2016-5",76
2016,"Mayo","Honduras",764,370,394,1134,5,"2016-5",31
2016,"Mayo","Hong Kong",7,71,-64,78,5,"2016-5",64
2016,"Mayo","Hungría",65,8,57,73,5,"2016-5",66
2016,"Mayo","India",620,52,568,672,5,"2016-5",37
2016,"Mayo","Indonesia",58,7,51,65,5,"2016-5",72
2016,"Mayo","Iraq",2,4,-2,6,5,"2016-5",119
2016,"Mayo","Irán",10,3,7,13,5,"2016-5",102
2016,"Mayo","República de Irlanda",450,30,420,480,5,"2016-5",39
2016,"Mayo","Islandia",30,4,26,34,5,"2016-5",83
2016,"Mayo","Israel",1711,226,1485,1937,5,"2016-5",25
2016,"Mayo","Italia",2545,1570,975,4115,5,"2016-5",19
2016,"Mayo","Jamaica",60,110,-50,170,5,"2016-5",57
2016,"Mayo","Islas Salomón",1,0,1,1,5,"2016-5",181
2016,"Mayo","Japón",680,126,554,806,5,"2016-5",33
2016,"Mayo","Jordania",9,7,2,16,5,"2016-5",94
2016,"Mayo","Kazajistán",8,6,2,14,5,"2016-5",100
2016,"Mayo","Kenia",14,9,5,23,5,"2016-5",91
2016,"Mayo","Kirguistán",1,0,1,1,5,"2016-5",181
2016,"Mayo","Kuwait",3,1,2,4,5,"2016-5",133
2016,"Mayo","República de Kosovo",1,0,1,1,5,"2016-5",181
2016,"Mayo","Letonia",55,1,54,56,5,"2016-5",78
2016,"Mayo","Lituania",69,2,67,71,5,"2016-5",69
2016,"Mayo","Líbano",44,59,-15,103,5,"2016-5",60
2016,"Mayo","Liechtenstein",4,0,4,4,5,"2016-5",133
2016,"Mayo","Luxemburgo",18,7,11,25,5,"2016-5",89
2016,"Mayo","Macedonia",3,0,3,3,5,"2016-5",148
2016,"Mayo","Malasia",53,18,35,71,5,"2016-5",69
2016,"Mayo","Malta",17,20,-3,37,5,"2016-5",81
2016,"Mayo","Marruecos",14,18,-4,32,5,"2016-5",85
2016,"Mayo","Mauricio",3,0,3,3,5,"2016-5",148
2016,"Mayo","México",12615,26697,-14082,39312,5,"2016-5",2
2016,"Mayo","República de Moldavia",2,0,2,2,5,"2016-5",162
2016,"Mayo","Mongolia",1,0,1,1,5,"2016-5",181
2016,"Mayo","Montenegro",1,0,1,1,5,"2016-5",181
2016,"Mayo","Mozambique",2,1,1,3,5,"2016-5",148
2016,"Mayo","Myanmar",1,0,1,1,5,"2016-5",181
2016,"Mayo","Namibia",1,1,0,2,5,"2016-5",162
2016,"Mayo","Nepal",4,1,3,5,5,"2016-5",125
2016,"Mayo","Nicaragua",193,210,-17,403,5,"2016-5",42
2016,"Mayo","Nigeria",27,7,20,34,5,"2016-5",83
2016,"Mayo","Noruega",236,41,195,277,5,"2016-5",47
2016,"Mayo","Nueva Zelanda",314,36,278,350,5,"2016-5",44
2016,"Mayo","Pakistán",25,2,23,27,5,"2016-5",87
2016,"Mayo","Panamá",5861,31610,-25749,37471,5,"2016-5",3
2016,"Mayo","Paraguay",486,281,205,767,5,"2016-5",34
2016,"Mayo","Perú",10635,11494,-859,22129,5,"2016-5",6
2016,"Mayo","Palestina",1,1,0,2,5,"2016-5",162
2016,"Mayo","Polonia",281,27,254,308,5,"2016-5",46
2016,"Mayo","Portugal",663,241,422,904,5,"2016-5",32
2016,"Mayo","Reino Unido de Gran Bretaña e Irlanda del Norte",3625,2807,818,6432,5,"2016-5",15
2016,"Mayo","República CentroÁfricana",5,3,2,8,5,"2016-5",113
2016,"Mayo","Federación de Rusia",381,78,303,459,5,"2016-5",40
2016,"Mayo","República Dominicana",1104,5619,-4515,6723,5,"2016-5",14
2016,"Mayo","Rumania",163,14,149,177,5,"2016-5",56
2016,"Mayo","Rwanda",4,0,4,4,5,"2016-5",133
2016,"Mayo","San Cristóbal y Nevis",5,0,5,5,5,"2016-5",125
2016,"Mayo","Samoa Estadounidense/Territorio no incorporado de Estados Unidos",1,0,1,1,5,"2016-5",181
2016,"Mayo","San  Vicente y las Granadinas",6,7,-1,13,5,"2016-5",102
2016,"Mayo","Santa Lucia",5,1,4,6,5,"2016-5",119
2016,"Mayo","Santa Sede/Ciudad del Vaticano",2,0,2,2,5,"2016-5",162
2016,"Mayo","Senegal",4,0,4,4,5,"2016-5",133
2016,"Mayo","Serbia",25,0,25,25,5,"2016-5",89
2016,"Mayo","Sierra Leona",1,0,1,1,5,"2016-5",181
2016,"Mayo","Singapur",57,21,36,78,5,"2016-5",64
2016,"Mayo","República Árabe Siria",4,1,3,5,5,"2016-5",125
2016,"Mayo","Sri Lanka",14,1,13,15,5,"2016-5",96
2016,"Mayo","Sudáfrica",139,16,123,155,5,"2016-5",58
2016,"Mayo","Sudán",2,2,0,4,5,"2016-5",133
2016,"Mayo","Suecia",462,170,292,632,5,"2016-5",38
2016,"Mayo","Suiza",1116,540,576,1656,5,"2016-5",27
2016,"Mayo","Surinam",66,6,60,72,5,"2016-5",67
2016,"Mayo","Taiwán",167,21,146,188,5,"2016-5",55
2016,"Mayo","República de Tayikistán",1,0,1,1,5,"2016-5",181
2016,"Mayo","Tailandia",27,41,-14,68,5,"2016-5",70
2016,"Mayo","Trinidad y Tobago",97,91,6,188,5,"2016-5",55
2016,"Mayo","Túnez",11,3,8,14,5,"2016-5",100
2016,"Mayo","Turquía",565,746,-181,1311,5,"2016-5",28
2016,"Mayo","Ucrania",57,3,54,60,5,"2016-5",75
2016,"Mayo","Uganda",2,0,2,2,5,"2016-5",162
2016,"Mayo","Uruguay",929,206,723,1135,5,"2016-5",30
2016,"Mayo","Uzbekistán",2,0,2,2,5,"2016-5",162
2016,"Mayo","Venezuela",17366,4265,13101,21631,5,"2016-5",8
2016,"Mayo","Vietnam",8,7,1,15,5,"2016-5",96
2016,"Mayo","Islas Vírgenes Británicas/Territorio Británico de Ultramar",1,2,-1,3,5,"2016-5",148
2016,"Mayo","República Árabe de Yemen",2,0,2,2,5,"2016-5",162
2016,"Mayo","Zambia",4,0,4,4,5,"2016-5",133
2016,"Mayo","Zimbabue",9,0,9,9,5,"2016-5",110
2016,"Mayo","Islas Turcas y Caicos/Territorio Británico de Ultramar",1,0,1,1,5,"2016-5",181
2016,"Mayo","Desconocido",197,0,197,197,5,"2016-5",51
2016,"Junio","Albania",3,1,2,4,6,"2016-6",137
2016,"Junio","Alemania",3586,3883,-297,7469,6,"2016-6",15
2016,"Junio","Andorra",10,1,9,11,6,"2016-6",107
2016,"Junio","Angola",2,12,-10,14,6,"2016-6",101
2016,"Junio","Antigua y Barbuda",9,6,3,15,6,"2016-6",98
2016,"Junio","Países Bajos",3264,3029,235,6293,6,"2016-6",16
2016,"Junio","Arabia Saudita",5,37,-32,42,6,"2016-6",80
2016,"Junio","Argelia",5,4,1,9,6,"2016-6",112
2016,"Junio","Argentina",9191,5314,3877,14505,6,"2016-6",10
2016,"Junio","Aruba",1,4710,-4709,4711,6,"2016-6",19
2016,"Junio","Australia",1164,640,524,1804,6,"2016-6",26
2016,"Junio","Austria",343,98,245,441,6,"2016-6",43
2016,"Junio","Azerbaiyán",2,4,-2,6,6,"2016-6",121
2016,"Junio","Bahamas",23,149,-126,172,6,"2016-6",59
2016,"Junio","Bahréin",2,7,-5,9,6,"2016-6",112
2016,"Junio","Bangladesh",2,0,2,2,6,"2016-6",152
2016,"Junio","Barbados",27,230,-203,257,6,"2016-6",49
2016,"Junio","República de Belarús",12,3,9,15,6,"2016-6",98
2016,"Junio","Bélgica",792,217,575,1009,6,"2016-6",32
2016,"Junio","Belice",21,36,-15,57,6,"2016-6",75
2016,"Junio","Bermudas/Territorio Británico de Ultramar",3,2,1,5,6,"2016-6",128
2016,"Junio","Bolivia",1641,900,741,2541,6,"2016-6",23
2016,"Junio","Bosnia y Herzegovina",1,1,0,2,6,"2016-6",152
2016,"Junio","Botsuana",1,0,1,1,6,"2016-6",177
2016,"Junio","Brasil",12267,8656,3611,20923,6,"2016-6",8
2016,"Junio","Bulgaria",47,6,41,53,6,"2016-6",76
2016,"Junio","Burkina Faso",1,0,1,1,6,"2016-6",177
2016,"Junio","Cabo Verde",1,1,0,2,6,"2016-6",152
2016,"Junio","Islas Caimán/Territorio Británico de Ultramar",6,14,-8,20,6,"2016-6",93
2016,"Junio","Camerún",4,1,3,5,6,"2016-6",128
2016,"Junio","Canadá",2835,5078,-2243,7913,6,"2016-6",13
2016,"Junio","Chad",1,0,1,1,6,"2016-6",177
2016,"Junio","España",9569,33787,-24218,43356,6,"2016-6",4
2016,"Junio","República Democrática del Congo",5,0,5,5,6,"2016-6",128
2016,"Junio","República de Corea",794,50,744,844,6,"2016-6",35
2016,"Junio","Costa de Marfil",3,11,-8,14,6,"2016-6",101
2016,"Junio","Costa Rica",2721,2695,26,5416,6,"2016-6",17
2016,"Junio","Croacia",63,16,47,79,6,"2016-6",65
2016,"Junio","Cuba",587,3604,-3017,4191,6,"2016-6",21
2016,"Junio","República Checa",137,35,102,172,6,"2016-6",59
2016,"Junio","Chile",9971,8931,1040,18902,6,"2016-6",9
2016,"Junio","China",1253,654,599,1907,6,"2016-6",25
2016,"Junio","Chipre",5,8,-3,13,6,"2016-6",104
2016,"Junio","Dinamarca",380,116,264,496,6,"2016-6",41
2016,"Junio","Dominica",5,1,4,6,6,"2016-6",121
2016,"Junio","Ecuador",11007,20530,-9523,31537,6,"2016-6",5
2016,"Junio","Egipto",27,49,-22,76,6,"2016-6",66
2016,"Junio","El Salvador",2102,2380,-278,4482,6,"2016-6",20
2016,"Junio","Emiratos Árabes",2,231,-229,233,6,"2016-6",51
2016,"Junio","Eritrea",1,1,0,2,6,"2016-6",152
2016,"Junio","Eslovaquia",47,3,44,50,6,"2016-6",78
2016,"Junio","Eslovenia",48,11,37,59,6,"2016-6",74
2016,"Junio","Estados Unidos de América",52936,132186,-79250,185122,6,"2016-6",1
2016,"Junio","Estonia",21,4,17,25,6,"2016-6",89
2016,"Junio","Etiopia",14,4,10,18,6,"2016-6",94
2016,"Junio","Filipinas",281,11,270,292,6,"2016-6",48
2016,"Junio","Finlandia",133,40,93,173,6,"2016-6",57
2016,"Junio","Francia",4032,4971,-939,9003,6,"2016-6",11
2016,"Junio","Georgia",8,9,-1,17,6,"2016-6",95
2016,"Junio","Ghana",5,7,-2,12,6,"2016-6",106
2016,"Junio","Granada",6,0,6,6,6,"2016-6",121
2016,"Junio","Grecia",108,86,22,194,6,"2016-6",54
2016,"Junio","Guatemala",1878,1735,143,3613,6,"2016-6",22
2016,"Junio","Guyana",21,2,19,23,6,"2016-6",90
2016,"Junio","Guinea Ecuatorial",1,4,-3,5,6,"2016-6",128
2016,"Junio","Haití",40,33,7,73,6,"2016-6",67
2016,"Junio","Honduras",773,394,379,1167,6,"2016-6",30
2016,"Junio","Hong Kong",8,100,-92,108,6,"2016-6",61
2016,"Junio","Hungría",77,12,65,89,6,"2016-6",63
2016,"Junio","India",579,60,519,639,6,"2016-6",38
2016,"Junio","Indonesia",32,18,14,50,6,"2016-6",78
2016,"Junio","Iraq",2,6,-4,8,6,"2016-6",114
2016,"Junio","Irán",21,4,17,25,6,"2016-6",89
2016,"Junio","República de Irlanda",366,43,323,409,6,"2016-6",44
2016,"Junio","Islandia",19,6,13,25,6,"2016-6",89
2016,"Junio","Israel",1053,192,861,1245,6,"2016-6",28
2016,"Junio","Italia",2809,2116,693,4925,6,"2016-6",18
2016,"Junio","Jamaica",87,125,-38,212,6,"2016-6",53
2016,"Junio","Islas Salomón",1,0,1,1,6,"2016-6",177
2016,"Junio","Japón",613,188,425,801,6,"2016-6",37
2016,"Junio","Jordania",7,6,1,13,6,"2016-6",104
2016,"Junio","Kazajistán",35,3,32,38,6,"2016-6",81
2016,"Junio","Kenia",20,13,7,33,6,"2016-6",84
2016,"Junio","Kiribati",1,0,1,1,6,"2016-6",177
2016,"Junio","Kirguistán",1,1,0,2,6,"2016-6",152
2016,"Junio","Kuwait",1,2,-1,3,6,"2016-6",143
2016,"Junio","República de Kosovo",1,0,1,1,6,"2016-6",177
2016,"Junio","Lesoto",1,0,1,1,6,"2016-6",177
2016,"Junio","Letonia",32,3,29,35,6,"2016-6",83
2016,"Junio","Lituania",59,1,58,60,6,"2016-6",73
2016,"Junio","Líbano",26,62,-36,88,6,"2016-6",64
2016,"Junio","Libia",1,0,1,1,6,"2016-6",177
2016,"Junio","Liechtenstein",4,0,4,4,6,"2016-6",137
2016,"Junio","Luxemburgo",15,7,8,22,6,"2016-6",92
2016,"Junio","Macedonia",4,0,4,4,6,"2016-6",137
2016,"Junio","Madagascar",3,1,2,4,6,"2016-6",137
2016,"Junio","Malasia",56,8,48,64,6,"2016-6",69
2016,"Junio","Malta",23,38,-15,61,6,"2016-6",72
2016,"Junio","Marruecos",12,24,-12,36,6,"2016-6",82
2016,"Junio","Mauricio",5,0,5,5,6,"2016-6",128
2016,"Junio","México",14267,37266,-22999,51533,6,"2016-6",2
2016,"Junio","República de Moldavia",5,0,5,5,6,"2016-6",128
2016,"Junio","Montenegro",1,0,1,1,6,"2016-6",177
2016,"Junio","Myanmar",4,0,4,4,6,"2016-6",137
2016,"Junio","Namibia",3,0,3,3,6,"2016-6",143
2016,"Junio","Nepal",2,0,2,2,6,"2016-6",152
2016,"Junio","Nicaragua",287,238,49,525,6,"2016-6",40
2016,"Junio","Nigeria",21,9,12,30,6,"2016-6",85
2016,"Junio","Noruega",458,101,357,559,6,"2016-6",39
2016,"Junio","Nueva Zelanda",251,72,179,323,6,"2016-6",46
2016,"Junio","Omán",2,5,-3,7,6,"2016-6",117
2016,"Junio","Pakistán",25,0,25,25,6,"2016-6",89
2016,"Junio","Panamá",7482,37724,-30242,45206,6,"2016-6",3
2016,"Junio","Paraguay",628,286,342,914,6,"2016-6",34
2016,"Junio","Perú",13490,12888,602,26378,6,"2016-6",6
2016,"Junio","Palestina",3,1,2,4,6,"2016-6",137
2016,"Junio","Polonia",302,67,235,369,6,"2016-6",45
2016,"Junio","Portugal",544,265,279,809,6,"2016-6",36
2016,"Junio","Reino Unido de Gran Bretaña e Irlanda del Norte",3439,4430,-991,7869,6,"2016-6",14
2016,"Junio","República CentroÁfricana",2,1,1,3,6,"2016-6",143
2016,"Junio","Federación de Rusia",345,126,219,471,6,"2016-6",42
2016,"Junio","República Dominicana",1324,7665,-6341,8989,6,"2016-6",12
2016,"Junio","Rumania",127,10,117,137,6,"2016-6",60
2016,"Junio","Rwanda",8,0,8,8,6,"2016-6",114
2016,"Junio","San Cristóbal y Nevis",4,0,4,4,6,"2016-6",137
2016,"Junio","San Marino",1,0,1,1,6,"2016-6",177
2016,"Junio","San  Vicente y las Granadinas",4,0,4,4,6,"2016-6",137
2016,"Junio","Santa Lucia",13,2,11,15,6,"2016-6",98
2016,"Junio","Santa Sede/Ciudad del Vaticano",2,2,0,4,6,"2016-6",137
2016,"Junio","Senegal",2,0,2,2,6,"2016-6",152
2016,"Junio","Serbia",9,1,8,10,6,"2016-6",109
2016,"Junio","Singapur",42,27,15,69,6,"2016-6",68
2016,"Junio","República Árabe Siria",7,0,7,7,6,"2016-6",117
2016,"Junio","Sri Lanka",9,1,8,10,6,"2016-6",109
2016,"Junio","Sudáfrica",156,29,127,185,6,"2016-6",55
2016,"Junio","Suecia",719,236,483,955,6,"2016-6",33
2016,"Junio","Suiza",1195,729,466,1924,6,"2016-6",24
2016,"Junio","Surinam",47,15,32,62,6,"2016-6",70
2016,"Junio","Taiwán",176,3,173,179,6,"2016-6",56
2016,"Junio","Tailandia",26,35,-9,61,6,"2016-6",72
2016,"Junio","Tanzania",4,1,3,5,6,"2016-6",128
2016,"Junio","Trinidad y Tobago",90,128,-38,218,6,"2016-6",52
2016,"Junio","Túnez",7,2,5,9,6,"2016-6",112
2016,"Junio","Turquía",504,659,-155,1163,6,"2016-6",31
2016,"Junio","Ucrania",85,6,79,91,6,"2016-6",62
2016,"Junio","Uruguay",1021,187,834,1208,6,"2016-6",29
2016,"Junio","Uzbekistán",1,0,1,1,6,"2016-6",177
2016,"Junio","Venezuela",18550,4634,13916,23184,6,"2016-6",7
2016,"Junio","Vietnam",14,8,6,22,6,"2016-6",92
2016,"Junio","República Árabe de Yemen",1,0,1,1,6,"2016-6",177
2016,"Junio","Zambia",3,0,3,3,6,"2016-6",143
2016,"Junio","Zimbabue",3,0,3,3,6,"2016-6",143
2016,"Junio","Desconocido",248,0,248,248,6,"2016-6",50
2016,"Julio","Albania",7,5,2,12,7,"2016-7",107
2016,"Julio","Alemania",5582,3042,2540,8624,7,"2016-7",13
2016,"Julio","Andorra",13,1,12,14,7,"2016-7",102
2016,"Julio","Angola",2,14,-12,16,7,"2016-7",98
2016,"Julio","Antigua y Barbuda",4,10,-6,14,7,"2016-7",102
2016,"Julio","Países Bajos",6281,2947,3334,9228,7,"2016-7",12
2016,"Julio","Arabia Saudita",17,74,-57,91,7,"2016-7",65
2016,"Julio","Argelia",6,14,-8,20,7,"2016-7",93
2016,"Julio","Argentina",11648,4895,6753,16543,7,"2016-7",10
2016,"Julio","República de Armenia",1,0,1,1,7,"2016-7",179
2016,"Julio","Australia",1302,584,718,1886,7,"2016-7",25
2016,"Julio","Austria",627,77,550,704,7,"2016-7",39
2016,"Julio","Azerbaiyán",3,7,-4,10,7,"2016-7",109
2016,"Julio","Bahamas",26,100,-74,126,7,"2016-7",61
2016,"Julio","Bahréin",2,7,-5,9,7,"2016-7",115
2016,"Julio","Bangladesh",4,2,2,6,7,"2016-7",129
2016,"Julio","Barbados",40,263,-223,303,7,"2016-7",49
2016,"Julio","República de Belarús",15,0,15,15,7,"2016-7",99
2016,"Julio","Bélgica",1267,296,971,1563,7,"2016-7",28
2016,"Julio","Belice",39,29,10,68,7,"2016-7",70
2016,"Julio","Benín",3,1,2,4,7,"2016-7",140
2016,"Julio","Bermudas/Territorio Británico de Ultramar",3,3,0,6,7,"2016-7",129
2016,"Julio","Bolivia",1807,896,911,2703,7,"2016-7",24
2016,"Julio","Bosnia y Herzegovina",6,0,6,6,7,"2016-7",129
2016,"Julio","Botsuana",1,1,0,2,7,"2016-7",159
2016,"Julio","Brasil",14453,7824,6629,22277,7,"2016-7",8
2016,"Julio","Bulgaria",46,4,42,50,7,"2016-7",80
2016,"Julio","Burkina Faso",5,0,5,5,7,"2016-7",134
2016,"Julio","Cabo Verde",4,0,4,4,7,"2016-7",140
2016,"Julio","Islas Caimán/Territorio Británico de Ultramar",11,12,-1,23,7,"2016-7",91
2016,"Julio","Camboya",5,1,4,6,7,"2016-7",129
2016,"Julio","Camerún",3,4,-1,7,7,"2016-7",123
2016,"Julio","Canadá",3654,4951,-1297,8605,7,"2016-7",14
2016,"Julio","España",10474,28737,-18263,39211,7,"2016-7",5
2016,"Julio","República Democrática del Congo",9,0,9,9,7,"2016-7",115
2016,"Julio","República de Corea",759,33,726,792,7,"2016-7",37
2016,"Julio","Costa de Marfil",1,8,-7,9,7,"2016-7",115
2016,"Julio","Costa Rica",3687,3007,680,6694,7,"2016-7",17
2016,"Julio","Croacia",53,8,45,61,7,"2016-7",74
2016,"Julio","Cuba",716,2922,-2206,3638,7,"2016-7",21
2016,"Julio","República Checa",107,20,87,127,7,"2016-7",60
2016,"Julio","Chile",11440,8463,2977,19903,7,"2016-7",9
2016,"Julio","China",1218,599,619,1817,7,"2016-7",26
2016,"Julio","Chipre",11,2,9,13,7,"2016-7",105
2016,"Julio","Dinamarca",489,116,373,605,7,"2016-7",41
2016,"Julio","Dominica",6,14,-8,20,7,"2016-7",93
2016,"Julio","Ecuador",15421,27944,-12523,43365,7,"2016-7",3
2016,"Julio","Egipto",43,29,14,72,7,"2016-7",67
2016,"Julio","El Salvador",2366,2188,178,4554,7,"2016-7",19
2016,"Julio","Emiratos Árabes",28,378,-350,406,7,"2016-7",46
2016,"Julio","Eritrea",3,1,2,4,7,"2016-7",140
2016,"Julio","Eslovaquia",55,4,51,59,7,"2016-7",75
2016,"Julio","Eslovenia",61,6,55,67,7,"2016-7",72
2016,"Julio","Estados Unidos de América",51766,119408,-67642,171174,7,"2016-7",1
2016,"Julio","Estonia",40,2,38,42,7,"2016-7",84
2016,"Julio","Etiopia",6,6,0,12,7,"2016-7",107
2016,"Julio","Islas Fiji",1,0,1,1,7,"2016-7",179
2016,"Julio","Filipinas",307,10,297,317,7,"2016-7",48
2016,"Julio","Finlandia",120,31,89,151,7,"2016-7",58
2016,"Julio","Francia",6904,4282,2622,11186,7,"2016-7",11
2016,"Julio","Gabón",2,0,2,2,7,"2016-7",159
2016,"Julio","Georgia",12,1,11,13,7,"2016-7",105
2016,"Julio","Ghana",14,5,9,19,7,"2016-7",94
2016,"Julio","Granada",4,1,3,5,7,"2016-7",134
2016,"Julio","Grecia",118,44,74,162,7,"2016-7",56
2016,"Julio","Guatemala",1672,1807,-135,3479,7,"2016-7",22
2016,"Julio","Guyana",27,12,15,39,7,"2016-7",86
2016,"Julio","Guinea",1,0,1,1,7,"2016-7",179
2016,"Julio","Guinea Ecuatorial",1,8,-7,9,7,"2016-7",115
2016,"Julio","Haití",48,21,27,69,7,"2016-7",69
2016,"Julio","Honduras",988,347,641,1335,7,"2016-7",29
2016,"Julio","Hong Kong",18,81,-63,99,7,"2016-7",64
2016,"Julio","Hungría",90,14,76,104,7,"2016-7",63
2016,"Julio","India",575,54,521,629,7,"2016-7",40
2016,"Julio","Indonesia",49,20,29,69,7,"2016-7",69
2016,"Julio","Irán",25,4,21,29,7,"2016-7",88
2016,"Julio","República de Irlanda",483,43,440,526,7,"2016-7",42
2016,"Julio","Islandia",13,4,9,17,7,"2016-7",96
2016,"Julio","Isla de Man",1,0,1,1,7,"2016-7",179
2016,"Julio","Israel",1095,194,901,1289,7,"2016-7",30
2016,"Julio","Italia",2997,1619,1378,4616,7,"2016-7",18
2016,"Julio","Jamaica",79,120,-41,199,7,"2016-7",53
2016,"Julio","Japón",799,152,647,951,7,"2016-7",33
2016,"Julio","Jordania",7,4,3,11,7,"2016-7",108
2016,"Julio","Kazajistán",3,5,-2,8,7,"2016-7",117
2016,"Julio","Kenia",32,10,22,42,7,"2016-7",84
2016,"Julio","Kuwait",10,4,6,14,7,"2016-7",102
2016,"Julio","República de Kosovo",1,0,1,1,7,"2016-7",179
2016,"Julio","República Democrática Popular  Lao",1,0,1,1,7,"2016-7",179
2016,"Julio","Letonia",27,0,27,27,7,"2016-7",89
2016,"Julio","Lituania",67,0,67,67,7,"2016-7",72
2016,"Julio","Líbano",59,97,-38,156,7,"2016-7",57
2016,"Julio","Liechtenstein",7,0,7,7,7,"2016-7",123
2016,"Julio","Luxemburgo",41,7,34,48,7,"2016-7",81
2016,"Julio","Macedonia",4,0,4,4,7,"2016-7",140
2016,"Julio","Madagascar",1,1,0,2,7,"2016-7",159
2016,"Julio","Malasia",30,11,19,41,7,"2016-7",85
2016,"Julio","Malta",18,29,-11,47,7,"2016-7",82
2016,"Julio","Marruecos",36,18,18,54,7,"2016-7",78
2016,"Julio","Mauricio",6,3,3,9,7,"2016-7",115
2016,"Julio","Mauritania",2,0,2,2,7,"2016-7",159
2016,"Julio","México",16574,31564,-14990,48138,7,"2016-7",2
2016,"Julio","Mónaco",6,1,5,7,7,"2016-7",123
2016,"Julio","Mongolia",3,1,2,4,7,"2016-7",140
2016,"Julio","Montenegro",2,0,2,2,7,"2016-7",159
2016,"Julio","Mozambique",2,0,2,2,7,"2016-7",159
2016,"Julio","Myanmar",5,4,1,9,7,"2016-7",115
2016,"Julio","Nepal",3,0,3,3,7,"2016-7",145
2016,"Julio","Nicaragua",243,279,-36,522,7,"2016-7",43
2016,"Julio","Nigeria",10,8,2,18,7,"2016-7",95
2016,"Julio","Noruega",444,74,370,518,7,"2016-7",44
2016,"Julio","Nueva Zelanda",293,56,237,349,7,"2016-7",47
2016,"Julio","Omán",2,11,-9,13,7,"2016-7",105
2016,"Julio","Pakistán",12,4,8,16,7,"2016-7",98
2016,"Julio","Panamá",6880,35922,-29042,42802,7,"2016-7",4
2016,"Julio","Paraguay",500,319,181,819,7,"2016-7",35
2016,"Julio","Perú",13551,12797,754,26348,7,"2016-7",7
2016,"Julio","Palestina",3,1,2,4,7,"2016-7",140
2016,"Julio","Polonia",406,360,46,766,7,"2016-7",38
2016,"Julio","Portugal",651,258,393,909,7,"2016-7",34
2016,"Julio","Qatar",90,15,75,105,7,"2016-7",62
2016,"Julio","Reino Unido de Gran Bretaña e Irlanda del Norte",4529,3280,1249,7809,7,"2016-7",16
2016,"Julio","Federación de Rusia",378,94,284,472,7,"2016-7",45
2016,"Julio","República Dominicana",1698,6856,-5158,8554,7,"2016-7",15
2016,"Julio","Rumania",139,8,131,147,7,"2016-7",59
2016,"Julio","San Cristóbal y Nevis",3,0,3,3,7,"2016-7",145
2016,"Julio","Samoa Estadounidense/Territorio no incorporado de Estados Unidos",1,0,1,1,7,"2016-7",179
2016,"Julio","San  Vicente y las Granadinas",2,0,2,2,7,"2016-7",159
2016,"Julio","Santa Lucia",5,0,5,5,7,"2016-7",134
2016,"Julio","Santo Tomé y Príncipe",1,1,0,2,7,"2016-7",159
2016,"Julio","Senegal",2,1,1,3,7,"2016-7",145
2016,"Julio","Serbia",22,2,20,24,7,"2016-7",90
2016,"Julio","Singapur",41,14,27,55,7,"2016-7",77
2016,"Julio","República Árabe Siria",1,1,0,2,7,"2016-7",159
2016,"Julio","Somalia",1,0,1,1,7,"2016-7",179
2016,"Julio","Sri Lanka",7,0,7,7,7,"2016-7",123
2016,"Julio","Sudáfrica",148,28,120,176,7,"2016-7",55
2016,"Julio","Suecia",506,296,210,802,7,"2016-7",36
2016,"Julio","Suiza",2336,628,1708,2964,7,"2016-7",23
2016,"Julio","Surinam",29,9,20,38,7,"2016-7",87
2016,"Julio","Taiwán",190,9,181,199,7,"2016-7",53
2016,"Julio","Tailandia",37,48,-11,85,7,"2016-7",66
2016,"Julio","Togo",1,0,1,1,7,"2016-7",179
2016,"Julio","Trinidad y Tobago",139,118,21,257,7,"2016-7",51
2016,"Julio","Túnez",5,2,3,7,7,"2016-7",123
2016,"Julio","Turquía",543,463,80,1006,7,"2016-7",32
2016,"Julio","Ucrania",63,3,60,66,7,"2016-7",73
2016,"Julio","Uganda",1,1,0,2,7,"2016-7",159
2016,"Julio","Uruguay",977,285,692,1262,7,"2016-7",31
2016,"Julio","Uzbekistán",1,0,1,1,7,"2016-7",179
2016,"Julio","Venezuela",26535,4716,21819,31251,7,"2016-7",6
2016,"Julio","Vietnam",47,5,42,52,7,"2016-7",79
2016,"Julio","Islas Vírgenes Británicas/Territorio Británico de Ultramar",2,0,2,2,7,"2016-7",159
2016,"Julio","Zimbabue",3,0,3,3,7,"2016-7",145
2016,"Julio","Anguila/Territorio Británico de Ultramar",1,0,1,1,7,"2016-7",179
2016,"Julio","Desconocido",198,0,198,198,7,"2016-7",54
2016,"Agosto","Albania",9,11,-2,20,8,"2016-8",94
2016,"Agosto","Alemania",5874,2301,3573,8175,8,"2016-8",14
2016,"Agosto","Andorra",11,4,7,15,8,"2016-8",99
2016,"Agosto","Angola",3,11,-8,14,8,"2016-8",101
2016,"Agosto","Antigua y Barbuda",8,3,5,11,8,"2016-8",109
2016,"Agosto","Países Bajos",4071,3008,1063,7079,8,"2016-8",15
2016,"Agosto","Arabia Saudita",15,131,-116,146,8,"2016-8",56
2016,"Agosto","Argelia",11,7,4,18,8,"2016-8",96
2016,"Agosto","Argentina",11801,6004,5797,17805,8,"2016-8",10
2016,"Agosto","República de Armenia",3,3,0,6,8,"2016-8",132
2016,"Agosto","Australia",1269,532,737,1801,8,"2016-8",26
2016,"Agosto","Austria",509,85,424,594,8,"2016-8",39
2016,"Agosto","Azerbaiyán",4,16,-12,20,8,"2016-8",94
2016,"Agosto","Bahamas",34,67,-33,101,8,"2016-8",63
2016,"Agosto","Bahréin",1,7,-6,8,8,"2016-8",125
2016,"Agosto","Bangladesh",4,2,2,6,8,"2016-8",132
2016,"Agosto","Barbados",90,218,-128,308,8,"2016-8",49
2016,"Agosto","República de Belarús",12,1,11,13,8,"2016-8",105
2016,"Agosto","Bélgica",778,369,409,1147,8,"2016-8",31
2016,"Agosto","Belice",27,26,1,53,8,"2016-8",77
2016,"Agosto","Benín",1,2,-1,3,8,"2016-8",157
2016,"Agosto","Bermudas/Territorio Británico de Ultramar",1,4,-3,5,8,"2016-8",137
2016,"Agosto","Bolivia",1313,1054,259,2367,8,"2016-8",23
2016,"Agosto","Bosnia y Herzegovina",4,1,3,5,8,"2016-8",137
2016,"Agosto","Brasil",13174,8121,5053,21295,8,"2016-8",9
2016,"Agosto","Bulgaria",42,4,38,46,8,"2016-8",80
2016,"Agosto","Burkina Faso",3,0,3,3,8,"2016-8",157
2016,"Agosto","Islas Caimán/Territorio Británico de Ultramar",31,23,8,54,8,"2016-8",76
2016,"Agosto","Camboya",2,1,1,3,8,"2016-8",157
2016,"Agosto","Camerún",4,3,1,7,8,"2016-8",127
2016,"Agosto","Canadá",3204,5331,-2127,8535,8,"2016-8",13
2016,"Agosto","Chad",1,0,1,1,8,"2016-8",188
2016,"Agosto","España",11663,24636,-12973,36299,8,"2016-8",6
2016,"Agosto","República Del Congo",6,4,2,10,8,"2016-8",112
2016,"Agosto","República Democrática del Congo",5,1,4,6,8,"2016-8",132
2016,"Agosto","República de Corea",678,67,611,745,8,"2016-8",36
2016,"Agosto","Costa Rica",3311,2728,583,6039,8,"2016-8",17
2016,"Agosto","Croacia",66,19,47,85,8,"2016-8",67
2016,"Agosto","Cuba",702,2533,-1831,3235,8,"2016-8",22
2016,"Agosto","República Checa",94,15,79,109,8,"2016-8",62
2016,"Agosto","Chile",12357,9163,3194,21520,8,"2016-8",8
2016,"Agosto","China",1411,827,584,2238,8,"2016-8",24
2016,"Agosto","Chipre",11,1,10,12,8,"2016-8",107
2016,"Agosto","Dinamarca",256,64,192,320,8,"2016-8",47
2016,"Agosto","Dominica",5,0,5,5,8,"2016-8",137
2016,"Agosto","Ecuador",20606,21998,-1392,42604,8,"2016-8",5
2016,"Agosto","Egipto",36,74,-38,110,8,"2016-8",61
2016,"Agosto","El Salvador",2992,2256,736,5248,8,"2016-8",19
2016,"Agosto","Emiratos Árabes",16,359,-343,375,8,"2016-8",44
2016,"Agosto","Eritrea",1,0,1,1,8,"2016-8",188
2016,"Agosto","Eslovaquia",42,5,37,47,8,"2016-8",79
2016,"Agosto","Eslovenia",26,2,24,28,8,"2016-8",89
2016,"Agosto","Estados Unidos de América",43701,111696,-67995,155397,8,"2016-8",1
2016,"Agosto","Estonia",21,2,19,23,8,"2016-8",91
2016,"Agosto","Etiopia",8,2,6,10,8,"2016-8",112
2016,"Agosto","Islas Fiji",3,0,3,3,8,"2016-8",157
2016,"Agosto","Filipinas",314,7,307,321,8,"2016-8",46
2016,"Agosto","Finlandia",112,21,91,133,8,"2016-8",58
2016,"Agosto","Francia",6182,4755,1427,10937,8,"2016-8",11
2016,"Agosto","Gambia",1,0,1,1,8,"2016-8",188
2016,"Agosto","Georgia",7,1,6,8,8,"2016-8",125
2016,"Agosto","Ghana",4,4,0,8,8,"2016-8",125
2016,"Agosto","Granada",4,0,4,4,8,"2016-8",144
2016,"Agosto","Grecia",128,56,72,184,8,"2016-8",54
2016,"Agosto","Guatemala",2215,1726,489,3941,8,"2016-8",21
2016,"Agosto","Guyana",27,15,12,42,8,"2016-8",83
2016,"Agosto","Guinea",1,0,1,1,8,"2016-8",188
2016,"Agosto","Guinea Ecuatorial",3,6,-3,9,8,"2016-8",116
2016,"Agosto","Haití",32,25,7,57,8,"2016-8",74
2016,"Agosto","Honduras",919,441,478,1360,8,"2016-8",29
2016,"Agosto","Hong Kong",13,64,-51,77,8,"2016-8",70
2016,"Agosto","Hungría",80,12,68,92,8,"2016-8",65
2016,"Agosto","India",621,85,536,706,8,"2016-8",37
2016,"Agosto","Indonesia",38,22,16,60,8,"2016-8",72
2016,"Agosto","Iraq",2,3,-1,5,8,"2016-8",137
2016,"Agosto","Irán",26,5,21,31,8,"2016-8",87
2016,"Agosto","República de Irlanda",426,29,397,455,8,"2016-8",42
2016,"Agosto","Islandia",7,12,-5,19,8,"2016-8",95
2016,"Agosto","Israel",1111,197,914,1308,8,"2016-8",30
2016,"Agosto","Italia",4449,1557,2892,6006,8,"2016-8",18
2016,"Agosto","Islas Christmas",1,0,1,1,8,"2016-8",188
2016,"Agosto","Jamaica",106,146,-40,252,8,"2016-8",51
2016,"Agosto","Islas Salomón",2,0,2,2,8,"2016-8",169
2016,"Agosto","Japón",723,179,544,902,8,"2016-8",34
2016,"Agosto","Jordania",10,6,4,16,8,"2016-8",98
2016,"Agosto","Kazajistán",9,4,5,13,8,"2016-8",105
2016,"Agosto","Kenia",21,8,13,29,8,"2016-8",88
2016,"Agosto","Kuwait",8,8,0,16,8,"2016-8",98
2016,"Agosto","República de Kosovo",2,0,2,2,8,"2016-8",169
2016,"Agosto","Lesoto",3,1,2,4,8,"2016-8",144
2016,"Agosto","Letonia",20,2,18,22,8,"2016-8",92
2016,"Agosto","Lituania",51,3,48,54,8,"2016-8",76
2016,"Agosto","Líbano",64,54,10,118,8,"2016-8",60
2016,"Agosto","Liberia",2,0,2,2,8,"2016-8",169
2016,"Agosto","Liechtenstein",2,0,2,2,8,"2016-8",169
2016,"Agosto","Luxemburgo",37,8,29,45,8,"2016-8",81
2016,"Agosto","Macedonia",3,0,3,3,8,"2016-8",157
2016,"Agosto","Madagascar",1,0,1,1,8,"2016-8",188
2016,"Agosto","Malasia",32,17,15,49,8,"2016-8",78
2016,"Agosto","Malta",15,23,-8,38,8,"2016-8",84
2016,"Agosto","Marruecos",43,16,27,59,8,"2016-8",73
2016,"Agosto","Mauricio",3,0,3,3,8,"2016-8",157
2016,"Agosto","México",14811,32311,-17500,47122,8,"2016-8",3
2016,"Agosto","República de Moldavia",4,0,4,4,8,"2016-8",144
2016,"Agosto","Mónaco",1,2,-1,3,8,"2016-8",157
2016,"Agosto","Mongolia",1,1,0,2,8,"2016-8",169
2016,"Agosto","Montenegro",1,2,-1,3,8,"2016-8",157
2016,"Agosto","Mozambique",5,0,5,5,8,"2016-8",137
2016,"Agosto","Myanmar",4,0,4,4,8,"2016-8",144
2016,"Agosto","Nepal",6,2,4,8,8,"2016-8",125
2016,"Agosto","Nicaragua",310,275,35,585,8,"2016-8",40
2016,"Agosto","Nigeria",23,9,14,32,8,"2016-8",86
2016,"Agosto","Níger",1,0,1,1,8,"2016-8",188
2016,"Agosto","Noruega",226,85,141,311,8,"2016-8",48
2016,"Agosto","Nueva Zelanda",283,60,223,343,8,"2016-8",45
2016,"Agosto","Omán",1,24,-23,25,8,"2016-8",90
2016,"Agosto","Pakistán",13,0,13,13,8,"2016-8",105
2016,"Agosto","Panamá",8290,35939,-27649,44229,8,"2016-8",4
2016,"Agosto","Paraguay",621,381,240,1002,8,"2016-8",33
2016,"Agosto","Perú",13202,12907,295,26109,8,"2016-8",7
2016,"Agosto","Palestina",6,0,6,6,8,"2016-8",132
2016,"Agosto","Polonia",345,47,298,392,8,"2016-8",43
2016,"Agosto","Portugal",844,228,616,1072,8,"2016-8",32
2016,"Agosto","Qatar",4,40,-36,44,8,"2016-8",82
2016,"Agosto","Reino Unido de Gran Bretaña e Irlanda del Norte",3640,3341,299,6981,8,"2016-8",16
2016,"Agosto","República CentroÁfricana",5,5,0,10,8,"2016-8",112
2016,"Agosto","Federación de Rusia",391,131,260,522,8,"2016-8",41
2016,"Agosto","República Dominicana",2093,7094,-5001,9187,8,"2016-8",12
2016,"Agosto","Rumania",109,12,97,121,8,"2016-8",59
2016,"Agosto","San Cristóbal y Nevis",3,0,3,3,8,"2016-8",157
2016,"Agosto","Samoa Estadounidense/Territorio no incorporado de Estados Unidos",1,0,1,1,8,"2016-8",188
2016,"Agosto","Samoa Occidental",1,0,1,1,8,"2016-8",188
2016,"Agosto","San Marino",1,0,1,1,8,"2016-8",188
2016,"Agosto","San  Vicente y las Granadinas",5,1,4,6,8,"2016-8",132
2016,"Agosto","Santa Lucia",9,2,7,11,8,"2016-8",109
2016,"Agosto","Santa Sede/Ciudad del Vaticano",3,0,3,3,8,"2016-8",157
2016,"Agosto","Senegal",7,2,5,9,8,"2016-8",116
2016,"Agosto","Serbia",30,3,27,33,8,"2016-8",85
2016,"Agosto","Singapur",45,36,9,81,8,"2016-8",68
2016,"Agosto","República Árabe Siria",3,0,3,3,8,"2016-8",157
2016,"Agosto","Sri Lanka",12,0,12,12,8,"2016-8",107
2016,"Agosto","Sudáfrica",128,34,94,162,8,"2016-8",55
2016,"Agosto","Sudán",2,1,1,3,8,"2016-8",157
2016,"Agosto","Suecia",408,229,179,637,8,"2016-8",38
2016,"Agosto","Suiza",1236,786,450,2022,8,"2016-8",25
2016,"Agosto","Surinam",83,12,71,95,8,"2016-8",64
2016,"Agosto","Suazilandia",1,0,1,1,8,"2016-8",188
2016,"Agosto","Taiwán",133,6,127,139,8,"2016-8",57
2016,"Agosto","República de Tayikistán",1,0,1,1,8,"2016-8",188
2016,"Agosto","Tailandia",27,33,-6,60,8,"2016-8",72
2016,"Agosto","Tanzania",1,7,-6,8,8,"2016-8",125
2016,"Agosto","Togo",2,0,2,2,8,"2016-8",169
2016,"Agosto","Trinidad y Tobago",141,131,10,272,8,"2016-8",50
2016,"Agosto","Túnez",6,2,4,8,8,"2016-8",125
2016,"Agosto","Turkmenistán",1,7,-6,8,8,"2016-8",125
2016,"Agosto","Turquía",441,404,37,845,8,"2016-8",35
2016,"Agosto","Ucrania",66,11,55,77,8,"2016-8",70
2016,"Agosto","Uganda",1,13,-12,14,8,"2016-8",101
2016,"Agosto","Uruguay",1151,240,911,1391,8,"2016-8",27
2016,"Agosto","Uzbekistán",1,0,1,1,8,"2016-8",188
2016,"Agosto","Vanuatu",1,1,0,2,8,"2016-8",169
2016,"Agosto","Venezuela",59951,11900,48051,71851,8,"2016-8",2
2016,"Agosto","Vietnam",2,6,-4,8,8,"2016-8",125
2016,"Agosto","Zambia",2,1,1,3,8,"2016-8",157
2016,"Agosto","Zimbabue",2,0,2,2,8,"2016-8",169
2016,"Agosto","Anguila/Territorio Británico de Ultramar",1,1,0,2,8,"2016-8",169
2016,"Agosto","Desconocido",223,0,223,223,8,"2016-8",53
2016,"Septiembre","Albania",6,2,4,8,9,"2016-9",122
2016,"Septiembre","Alemania",4613,3286,1327,7899,9,"2016-9",13
2016,"Septiembre","Andorra",12,3,9,15,9,"2016-9",104
2016,"Septiembre","Angola",21,8,13,29,9,"2016-9",91
2016,"Septiembre","Antigua y Barbuda",6,3,3,9,9,"2016-9",120
2016,"Septiembre","Países Bajos",3588,2579,1009,6167,9,"2016-9",16
2016,"Septiembre","Arabia Saudita",6,43,-37,49,9,"2016-9",82
2016,"Septiembre","Argelia",6,8,-2,14,9,"2016-9",107
2016,"Septiembre","Argentina",10120,4440,5680,14560,9,"2016-9",10
2016,"Septiembre","República de Armenia",1,1,0,2,9,"2016-9",167
2016,"Septiembre","Australia",1162,513,649,1675,9,"2016-9",25
2016,"Septiembre","Austria",393,141,252,534,9,"2016-9",41
2016,"Septiembre","Azerbaiyán",30,10,20,40,9,"2016-9",86
2016,"Septiembre","Bahamas",41,106,-65,147,9,"2016-9",58
2016,"Septiembre","Bahréin",6,4,2,10,9,"2016-9",119
2016,"Septiembre","Bangladesh",5,0,5,5,9,"2016-9",137
2016,"Septiembre","Barbados",24,141,-117,165,9,"2016-9",57
2016,"Septiembre","República de Belarús",13,0,13,13,9,"2016-9",110
2016,"Septiembre","Bélgica",771,221,550,992,9,"2016-9",35
2016,"Septiembre","Belice",25,28,-3,53,9,"2016-9",78
2016,"Septiembre","Benín",2,0,2,2,9,"2016-9",167
2016,"Septiembre","Bermudas/Territorio Británico de Ultramar",5,5,0,10,9,"2016-9",119
2016,"Septiembre","Bolivia",1811,941,870,2752,9,"2016-9",23
2016,"Septiembre","Bosnia y Herzegovina",4,1,3,5,9,"2016-9",137
2016,"Septiembre","Botsuana",1,0,1,1,9,"2016-9",187
2016,"Septiembre","Brasil",14968,6545,8423,21513,9,"2016-9",8
2016,"Septiembre","Bulgaria",56,2,54,58,9,"2016-9",76
2016,"Septiembre","Burkina Faso",3,0,3,3,9,"2016-9",151
2016,"Septiembre","Bután",1,0,1,1,9,"2016-9",187
2016,"Septiembre","Islas Caimán/Territorio Británico de Ultramar",12,12,0,24,9,"2016-9",93
2016,"Septiembre","Camerún",2,3,-1,5,9,"2016-9",137
2016,"Septiembre","Canadá",2473,4159,-1686,6632,9,"2016-9",15
2016,"Septiembre","España",9752,31260,-21508,41012,9,"2016-9",4
2016,"Septiembre","República Del Congo",1,1,0,2,9,"2016-9",167
2016,"Septiembre","República Democrática del Congo",5,2,3,7,9,"2016-9",123
2016,"Septiembre","República de Corea",674,45,629,719,9,"2016-9",37
2016,"Septiembre","Costa de Marfil",3,12,-9,15,9,"2016-9",104
2016,"Septiembre","Costa Rica",3102,2390,712,5492,9,"2016-9",17
2016,"Septiembre","Croacia",44,16,28,60,9,"2016-9",74
2016,"Septiembre","Cuba",990,2414,-1424,3404,9,"2016-9",21
2016,"Septiembre","República Checa",143,42,101,185,9,"2016-9",54
2016,"Septiembre","Chile",10418,8556,1862,18974,9,"2016-9",9
2016,"Septiembre","China",1419,719,700,2138,9,"2016-9",24
2016,"Septiembre","Chipre",8,3,5,11,9,"2016-9",115
2016,"Septiembre","Dinamarca",301,62,239,363,9,"2016-9",44
2016,"Septiembre","República de Yibuti",2,0,2,2,9,"2016-9",167
2016,"Septiembre","Dominica",9,21,-12,30,9,"2016-9",89
2016,"Septiembre","Ecuador",13325,19593,-6268,32918,9,"2016-9",6
2016,"Septiembre","Egipto",55,31,24,86,9,"2016-9",67
2016,"Septiembre","El Salvador",2300,2242,58,4542,9,"2016-9",19
2016,"Septiembre","Emiratos Árabes",11,278,-267,289,9,"2016-9",49
2016,"Septiembre","Eslovaquia",52,0,52,52,9,"2016-9",79
2016,"Septiembre","Eslovenia",43,7,36,50,9,"2016-9",81
2016,"Septiembre","Estados Unidos de América",32941,96966,-64025,129907,9,"2016-9",1
2016,"Septiembre","Estonia",21,2,19,23,9,"2016-9",94
2016,"Septiembre","Etiopia",2,4,-2,6,9,"2016-9",127
2016,"Septiembre","Islas Fiji",2,2,0,4,9,"2016-9",142
2016,"Septiembre","Filipinas",282,7,275,289,9,"2016-9",49
2016,"Septiembre","Finlandia",102,14,88,116,9,"2016-9",62
2016,"Septiembre","Francia",3654,4404,-750,8058,9,"2016-9",12
2016,"Septiembre","Georgia",12,1,11,13,9,"2016-9",110
2016,"Septiembre","Ghana",9,2,7,11,9,"2016-9",115
2016,"Septiembre","Granada",5,0,5,5,9,"2016-9",137
2016,"Septiembre","Grecia",121,64,57,185,9,"2016-9",54
2016,"Septiembre","Guatemala",2199,1493,706,3692,9,"2016-9",20
2016,"Septiembre","Guyana",32,15,17,47,9,"2016-9",83
2016,"Septiembre","Guinea Ecuatorial",1,11,-10,12,9,"2016-9",112
2016,"Septiembre","Guinea Bissau",2,0,2,2,9,"2016-9",167
2016,"Septiembre","Haití",27,45,-18,72,9,"2016-9",73
2016,"Septiembre","Honduras",978,367,611,1345,9,"2016-9",29
2016,"Septiembre","Hong Kong",30,87,-57,117,9,"2016-9",61
2016,"Septiembre","Hungría",90,13,77,103,9,"2016-9",63
2016,"Septiembre","India",603,122,481,725,9,"2016-9",36
2016,"Septiembre","Indonesia",40,13,27,53,9,"2016-9",78
2016,"Septiembre","Iraq",2,12,-10,14,9,"2016-9",107
2016,"Septiembre","Irán",75,19,56,94,9,"2016-9",64
2016,"Septiembre","República de Irlanda",411,24,387,435,9,"2016-9",42
2016,"Septiembre","Islandia",21,0,21,21,9,"2016-9",96
2016,"Septiembre","Israel",790,307,483,1097,9,"2016-9",31
2016,"Septiembre","Italia",2919,2077,842,4996,9,"2016-9",18
2016,"Septiembre","Jamaica",86,86,0,172,9,"2016-9",56
2016,"Septiembre","Islas Salomón",20,0,20,20,9,"2016-9",98
2016,"Septiembre","Japón",857,224,633,1081,9,"2016-9",32
2016,"Septiembre","Jordania",10,6,4,16,9,"2016-9",101
2016,"Septiembre","Kazajistán",37,4,33,41,9,"2016-9",85
2016,"Septiembre","Kenia",21,11,10,32,9,"2016-9",88
2016,"Septiembre","Kirguistán",2,0,2,2,9,"2016-9",167
2016,"Septiembre","Kuwait",3,2,1,5,9,"2016-9",137
2016,"Septiembre","República de Kosovo",3,0,3,3,9,"2016-9",151
2016,"Septiembre","República Democrática Popular  Lao",3,0,3,3,9,"2016-9",151
2016,"Septiembre","Letonia",17,0,17,17,9,"2016-9",100
2016,"Septiembre","Lituania",74,0,74,74,9,"2016-9",72
2016,"Septiembre","Líbano",55,34,21,89,9,"2016-9",66
2016,"Septiembre","Libia",1,0,1,1,9,"2016-9",187
2016,"Septiembre","Liechtenstein",4,0,4,4,9,"2016-9",142
2016,"Septiembre","Luxemburgo",16,18,-2,34,9,"2016-9",87
2016,"Septiembre","Macedonia",4,0,4,4,9,"2016-9",142
2016,"Septiembre","Madagascar",1,4,-3,5,9,"2016-9",137
2016,"Septiembre","Malasia",68,8,60,76,9,"2016-9",70
2016,"Septiembre","Malí",1,0,1,1,9,"2016-9",187
2016,"Septiembre","Malta",19,31,-12,50,9,"2016-9",81
2016,"Septiembre","Marruecos",57,22,35,79,9,"2016-9",68
2016,"Septiembre","Mauricio",5,1,4,6,9,"2016-9",127
2016,"Septiembre","México",15682,30459,-14777,46141,9,"2016-9",3
2016,"Septiembre","República de Moldavia",2,0,2,2,9,"2016-9",167
2016,"Septiembre","Montenegro",2,0,2,2,9,"2016-9",167
2016,"Septiembre","Mozambique",24,5,19,29,9,"2016-9",91
2016,"Septiembre","Myanmar",2,1,1,3,9,"2016-9",151
2016,"Septiembre","Namibia",1,0,1,1,9,"2016-9",187
2016,"Septiembre","Nepal",1,3,-2,4,9,"2016-9",142
2016,"Septiembre","Nicaragua",321,269,52,590,9,"2016-9",39
2016,"Septiembre","Nigeria",13,9,4,22,9,"2016-9",95
2016,"Septiembre","Noruega",281,40,241,321,9,"2016-9",46
2016,"Septiembre","Nueva Zelanda",236,84,152,320,9,"2016-9",47
2016,"Septiembre","Omán",1,12,-11,13,9,"2016-9",110
2016,"Septiembre","Pakistán",15,5,10,20,9,"2016-9",98
2016,"Septiembre","Panamá",9065,31299,-22234,40364,9,"2016-9",5
2016,"Septiembre","Paraguay",920,426,494,1346,9,"2016-9",28
2016,"Septiembre","Perú",11707,12772,-1065,24479,9,"2016-9",7
2016,"Septiembre","Palestina",12,0,12,12,9,"2016-9",112
2016,"Septiembre","Polonia",305,53,252,358,9,"2016-9",45
2016,"Septiembre","Portugal",770,306,464,1076,9,"2016-9",33
2016,"Septiembre","Qatar",1,13,-12,14,9,"2016-9",107
2016,"Octubre","Argentina",11090,5969,5121,17059,10,"2016-10",10
2016,"Septiembre","Reino Unido de Gran Bretaña e Irlanda del Norte",3206,3948,-742,7154,9,"2016-9",14
2016,"Septiembre","Federación de Rusia",448,186,262,634,9,"2016-9",38
2016,"Septiembre","República Dominicana",1810,7079,-5269,8889,9,"2016-9",11
2016,"Septiembre","República Democrática Popular de Corea",2,0,2,2,9,"2016-9",167
2016,"Septiembre","Rumania",141,3,138,144,9,"2016-9",59
2016,"Septiembre","Rwanda",14,1,13,15,9,"2016-9",104
2016,"Septiembre","San Cristóbal y Nevis",10,0,10,10,9,"2016-9",119
2016,"Septiembre","Samoa Estadounidense/Territorio no incorporado de Estados Unidos",1,0,1,1,9,"2016-9",187
2016,"Septiembre","San Marino",1,0,1,1,9,"2016-9",187
2016,"Septiembre","San  Vicente y las Granadinas",11,0,11,11,9,"2016-9",115
2016,"Septiembre","Santa Lucia",8,2,6,10,9,"2016-9",119
2016,"Septiembre","Santa Sede/Ciudad del Vaticano",3,0,3,3,9,"2016-9",151
2016,"Septiembre","Senegal",7,1,6,8,9,"2016-9",122
2016,"Septiembre","Serbia",17,1,16,18,9,"2016-9",99
2016,"Septiembre","Singapur",40,18,22,58,9,"2016-9",76
2016,"Septiembre","República Árabe Siria",6,0,6,6,9,"2016-9",127
2016,"Septiembre","Sri Lanka",5,0,5,5,9,"2016-9",137
2016,"Septiembre","Sudáfrica",152,22,130,174,9,"2016-9",55
2016,"Septiembre","Sudán",3,2,1,5,9,"2016-9",137
2016,"Septiembre","Suecia",428,130,298,558,9,"2016-9",40
2016,"Septiembre","Suiza",1074,449,625,1523,9,"2016-9",26
2016,"Septiembre","Surinam",61,14,47,75,9,"2016-9",71
2016,"Septiembre","Taiwán",185,10,175,195,9,"2016-9",51
2016,"Septiembre","Tailandia",85,45,40,130,9,"2016-9",60
2016,"Septiembre","Tanzania",3,3,0,6,9,"2016-9",127
2016,"Septiembre","Togo",1,0,1,1,9,"2016-9",187
2016,"Septiembre","Trinidad y Tobago",84,110,-26,194,9,"2016-9",52
2016,"Septiembre","Túnez",5,0,5,5,9,"2016-9",137
2016,"Septiembre","Turquía",605,432,173,1037,9,"2016-9",34
2016,"Septiembre","Ucrania",81,9,72,90,9,"2016-9",65
2016,"Septiembre","Uruguay",1104,310,794,1414,9,"2016-9",27
2016,"Septiembre","Uzbekistán",27,0,27,27,9,"2016-9",92
2016,"Septiembre","Venezuela",54336,13746,40590,68082,9,"2016-9",2
2016,"Septiembre","Vietnam",40,6,34,46,9,"2016-9",84
2016,"Septiembre","Islas Vírgenes Británicas/Territorio Británico de Ultramar",2,0,2,2,9,"2016-9",167
2016,"Septiembre","República Árabe de Yemen",2,0,2,2,9,"2016-9",167
2016,"Septiembre","Zambia",1,0,1,1,9,"2016-9",187
2016,"Septiembre","Zimbabue",4,0,4,4,9,"2016-9",142
2016,"Septiembre","Anguila/Territorio Británico de Ultramar",2,1,1,3,9,"2016-9",151
2016,"Septiembre","Desconocido",233,0,233,233,9,"2016-9",50
2016,"Octubre","Albania",14,1,13,15,10,"2016-10",102
2016,"Octubre","Alemania",4922,2808,2114,7730,10,"2016-10",13
2016,"Octubre","Andorra",20,1,19,21,10,"2016-10",95
2016,"Octubre","Angola",7,8,-1,15,10,"2016-10",102
2016,"Octubre","Antigua y Barbuda",13,3,10,16,10,"2016-10",100
2016,"Octubre","Países Bajos",3928,2239,1689,6167,10,"2016-10",15
2016,"Octubre","Arabia Saudita",10,33,-23,43,10,"2016-10",81
2016,"Octubre","Argelia",10,4,6,14,10,"2016-10",106
2016,"Octubre","República de Armenia",7,0,7,7,10,"2016-10",129
2016,"Octubre","Australia",1307,489,818,1796,10,"2016-10",26
2016,"Octubre","Austria",471,99,372,570,10,"2016-10",42
2016,"Octubre","Azerbaiyán",6,3,3,9,10,"2016-10",115
2016,"Octubre","Bahamas",14,211,-197,225,10,"2016-10",55
2016,"Octubre","Bangladesh",2,2,0,4,10,"2016-10",142
2016,"Octubre","Barbados",35,208,-173,243,10,"2016-10",52
2016,"Octubre","República de Belarús",15,1,14,16,10,"2016-10",100
2016,"Octubre","Bélgica",760,146,614,906,10,"2016-10",34
2016,"Octubre","Belice",28,15,13,43,10,"2016-10",81
2016,"Octubre","Benín",5,2,3,7,10,"2016-10",129
2016,"Octubre","Bermudas/Territorio Británico de Ultramar",6,1,5,7,10,"2016-10",129
2016,"Octubre","Bolivia",1691,972,719,2663,10,"2016-10",23
2016,"Octubre","Bosnia y Herzegovina",4,3,1,7,10,"2016-10",129
2016,"Octubre","Botsuana",4,0,4,4,10,"2016-10",142
2016,"Octubre","Brasil",16987,6717,10270,23704,10,"2016-10",8
2016,"Octubre","Bulgaria",76,3,73,79,10,"2016-10",74
2016,"Octubre","Burkina Faso",1,1,0,2,10,"2016-10",173
2016,"Octubre","Burundi",3,0,3,3,10,"2016-10",150
2016,"Octubre","Cabo Verde",2,0,2,2,10,"2016-10",173
2016,"Octubre","Islas Caimán/Territorio Británico de Ultramar",5,14,-9,19,10,"2016-10",96
2016,"Octubre","Antártida",1,0,1,1,10,"2016-10",187
2016,"Octubre","Camerún",6,0,6,6,10,"2016-10",133
2016,"Octubre","Canadá",2908,3111,-203,6019,10,"2016-10",17
2016,"Octubre","España",10502,27455,-16953,37957,10,"2016-10",5
2016,"Octubre","República Del Congo",6,2,4,8,10,"2016-10",118
2016,"Octubre","Comoras",3,0,3,3,10,"2016-10",150
2016,"Octubre","República Democrática del Congo",5,1,4,6,10,"2016-10",133
2016,"Octubre","República de Corea",727,57,670,784,10,"2016-10",37
2016,"Octubre","Costa de Marfil",3,21,-18,24,10,"2016-10",91
2016,"Octubre","Costa Rica",3225,2480,745,5705,10,"2016-10",18
2016,"Octubre","Croacia",74,15,59,89,10,"2016-10",68
2016,"Octubre","Cuba",732,3147,-2415,3879,10,"2016-10",22
2016,"Octubre","República Checa",171,19,152,190,10,"2016-10",58
2016,"Octubre","Chile",12480,8818,3662,21298,10,"2016-10",9
2016,"Octubre","China",1469,981,488,2450,10,"2016-10",24
2016,"Octubre","Chipre",15,7,8,22,10,"2016-10",93
2016,"Octubre","Dinamarca",329,72,257,401,10,"2016-10",45
2016,"Octubre","Dominica",11,12,-1,23,10,"2016-10",92
2016,"Octubre","Ecuador",14703,22470,-7767,37173,10,"2016-10",6
2016,"Octubre","Egipto",32,24,8,56,10,"2016-10",77
2016,"Octubre","El Salvador",2438,2411,27,4849,10,"2016-10",19
2016,"Octubre","Emiratos Árabes",11,206,-195,217,10,"2016-10",56
2016,"Octubre","Eritrea",1,1,0,2,10,"2016-10",173
2016,"Octubre","Eslovaquia",101,2,99,103,10,"2016-10",65
2016,"Octubre","Eslovenia",49,5,44,54,10,"2016-10",78
2016,"Octubre","Estados Unidos de América",31330,103467,-72137,134797,10,"2016-10",1
2016,"Octubre","Estonia",54,3,51,57,10,"2016-10",76
2016,"Octubre","Etiopia",4,3,1,7,10,"2016-10",129
2016,"Octubre","Islas Fiji",1,0,1,1,10,"2016-10",187
2016,"Octubre","Filipinas",319,12,307,331,10,"2016-10",48
2016,"Octubre","Finlandia",154,20,134,174,10,"2016-10",60
2016,"Octubre","Francia",4653,3429,1224,8082,10,"2016-10",12
2016,"Octubre","Gabón",4,1,3,5,10,"2016-10",135
2016,"Octubre","Georgia",17,8,9,25,10,"2016-10",88
2016,"Octubre","Ghana",11,2,9,13,10,"2016-10",107
2016,"Octubre","Granada",7,0,7,7,10,"2016-10",129
2016,"Octubre","Grecia",134,47,87,181,10,"2016-10",59
2016,"Octubre","Guatemala",2257,1826,431,4083,10,"2016-10",21
2016,"Octubre","Guyana",31,7,24,38,10,"2016-10",83
2016,"Octubre","Guinea Ecuatorial",4,10,-6,14,10,"2016-10",106
2016,"Octubre","Haití",33,40,-7,73,10,"2016-10",75
2016,"Octubre","Honduras",1497,449,1048,1946,10,"2016-10",25
2016,"Octubre","Hong Kong",9,99,-90,108,10,"2016-10",64
2016,"Octubre","Hungría",105,11,94,116,10,"2016-10",63
2016,"Octubre","India",557,155,402,712,10,"2016-10",38
2016,"Octubre","Indonesia",71,20,51,91,10,"2016-10",67
2016,"Octubre","Iraq",3,4,-1,7,10,"2016-10",129
2016,"Octubre","Irán",26,4,22,30,10,"2016-10",85
2016,"Octubre","República de Irlanda",385,30,355,415,10,"2016-10",44
2016,"Octubre","Islandia",12,2,10,14,10,"2016-10",106
2016,"Octubre","Israel",665,241,424,906,10,"2016-10",34
2016,"Octubre","Italia",3068,1426,1642,4494,10,"2016-10",20
2016,"Octubre","Jamaica",142,701,-559,843,10,"2016-10",36
2016,"Octubre","Islas Salomón",1,0,1,1,10,"2016-10",187
2016,"Octubre","Japón",718,183,535,901,10,"2016-10",35
2016,"Octubre","Jordania",8,3,5,11,10,"2016-10",111
2016,"Octubre","Kazajistán",6,6,0,12,10,"2016-10",110
2016,"Octubre","Kenia",20,4,16,24,10,"2016-10",91
2016,"Octubre","Kiribati",1,0,1,1,10,"2016-10",187
2016,"Octubre","Kirguistán",2,0,2,2,10,"2016-10",173
2016,"Octubre","Kuwait",2,1,1,3,10,"2016-10",150
2016,"Octubre","República de Kosovo",3,0,3,3,10,"2016-10",150
2016,"Octubre","Letonia",16,0,16,16,10,"2016-10",100
2016,"Octubre","Lituania",71,9,62,80,10,"2016-10",72
2016,"Octubre","Líbano",58,21,37,79,10,"2016-10",74
2016,"Octubre","Liberia",1,1,0,2,10,"2016-10",173
2016,"Octubre","Liechtenstein",1,1,0,2,10,"2016-10",173
2016,"Octubre","Luxemburgo",13,8,5,21,10,"2016-10",95
2016,"Octubre","Macedonia",2,0,2,2,10,"2016-10",173
2016,"Octubre","Madagascar",1,1,0,2,10,"2016-10",173
2016,"Octubre","Malasia",47,38,9,85,10,"2016-10",69
2016,"Octubre","Malawi",2,0,2,2,10,"2016-10",173
2016,"Octubre","Maldivas",1,1,0,2,10,"2016-10",173
2016,"Octubre","Malí",1,3,-2,4,10,"2016-10",142
2016,"Octubre","Malta",11,16,-5,27,10,"2016-10",86
2016,"Octubre","Marruecos",56,76,-20,132,10,"2016-10",62
2016,"Octubre","Mauricio",8,0,8,8,10,"2016-10",118
2016,"Octubre","Mauritania",2,0,2,2,10,"2016-10",173
2016,"Octubre","México",13829,36093,-22264,49922,10,"2016-10",3
2016,"Octubre","República de Moldavia",1,0,1,1,10,"2016-10",187
2016,"Octubre","Mongolia",2,0,2,2,10,"2016-10",173
2016,"Octubre","Montenegro",2,1,1,3,10,"2016-10",150
2016,"Octubre","Mozambique",7,0,7,7,10,"2016-10",129
2016,"Octubre","Myanmar",1,1,0,2,10,"2016-10",173
2016,"Octubre","Namibia",2,0,2,2,10,"2016-10",173
2016,"Octubre","Nepal",8,1,7,9,10,"2016-10",115
2016,"Octubre","Nicaragua",286,299,-13,585,10,"2016-10",41
2016,"Octubre","Nigeria",15,9,6,24,10,"2016-10",91
2016,"Octubre","Noruega",295,44,251,339,10,"2016-10",47
2016,"Octubre","Nueva Zelanda",243,45,198,288,10,"2016-10",50
2016,"Octubre","Papúa Nueva Guinea",7,0,7,7,10,"2016-10",129
2016,"Octubre","Pakistán",27,5,22,32,10,"2016-10",84
2016,"Octubre","Panamá",7299,34533,-27234,41832,10,"2016-10",4
2016,"Octubre","Paraguay",813,582,231,1395,10,"2016-10",29
2016,"Octubre","Perú",14050,13572,478,27622,10,"2016-10",7
2016,"Octubre","Palestina",3,0,3,3,10,"2016-10",150
2016,"Octubre","Polonia",530,25,505,555,10,"2016-10",43
2016,"Octubre","Portugal",915,298,617,1213,10,"2016-10",31
2016,"Octubre","Puerto Rico/Territorio de Estados Unidos",1,1355,-1354,1356,10,"2016-10",30
2016,"Octubre","Qatar",1,13,-12,14,10,"2016-10",106
2016,"Octubre","Reino Unido de Gran Bretaña e Irlanda del Norte",3280,2815,465,6095,10,"2016-10",16
2016,"Octubre","República CentroÁfricana",2,2,0,4,10,"2016-10",142
2016,"Octubre","Federación de Rusia",591,55,536,646,10,"2016-10",40
2016,"Octubre","República Dominicana",1856,7426,-5570,9282,10,"2016-10",11
2016,"Octubre","Rumania",193,5,188,198,10,"2016-10",57
2016,"Octubre","Rwanda",2,0,2,2,10,"2016-10",173
2016,"Octubre","San Cristóbal y Nevis",3,0,3,3,10,"2016-10",150
2016,"Octubre","San  Vicente y las Granadinas",7,0,7,7,10,"2016-10",129
2016,"Octubre","Santa Lucia",12,0,12,12,10,"2016-10",110
2016,"Octubre","Santa Sede/Ciudad del Vaticano",2,0,2,2,10,"2016-10",173
2016,"Octubre","Senegal",9,1,8,10,10,"2016-10",112
2016,"Octubre","Serbia",24,1,23,25,10,"2016-10",88
2016,"Octubre","Sierra Leona",4,0,4,4,10,"2016-10",142
2016,"Octubre","Singapur",61,30,31,91,10,"2016-10",67
2016,"Octubre","República Árabe Siria",2,0,2,2,10,"2016-10",173
2016,"Octubre","Somalia",2,0,2,2,10,"2016-10",173
2016,"Octubre","Sri Lanka",11,1,10,12,10,"2016-10",110
2016,"Octubre","Sudáfrica",218,45,173,263,10,"2016-10",51
2016,"Octubre","Sudán",1,0,1,1,10,"2016-10",187
2016,"Octubre","Suecia",548,125,423,673,10,"2016-10",39
2016,"Octubre","Suiza",1253,445,808,1698,10,"2016-10",27
2016,"Octubre","Surinam",62,19,43,81,10,"2016-10",71
2016,"Octubre","Suazilandia",2,0,2,2,10,"2016-10",173
2016,"Octubre","Taiwán",217,8,209,225,10,"2016-10",55
2016,"Octubre","República de Tayikistán",2,0,2,2,10,"2016-10",173
2016,"Octubre","Tailandia",29,108,-79,137,10,"2016-10",61
2016,"Octubre","Tanzania",1,1,0,2,10,"2016-10",173
2016,"Octubre","Togo",1,0,1,1,10,"2016-10",187
2016,"Octubre","Trinidad y Tobago",104,123,-19,227,10,"2016-10",53
2016,"Octubre","Túnez",16,1,15,17,10,"2016-10",97
2016,"Octubre","Turquía",662,339,323,1001,10,"2016-10",32
2016,"Octubre","Ucrania",82,1,81,83,10,"2016-10",70
2016,"Octubre","Uganda",5,1,4,6,10,"2016-10",133
2016,"Octubre","Uruguay",1349,330,1019,1679,10,"2016-10",28
2016,"Octubre","Uzbekistán",1,0,1,1,10,"2016-10",187
2016,"Octubre","Venezuela",42901,15103,27798,58004,10,"2016-10",2
2016,"Octubre","Vietnam",31,7,24,38,10,"2016-10",83
2016,"Octubre","República Árabe de Yemen",1,0,1,1,10,"2016-10",187
2016,"Octubre","Zambia",4,0,4,4,10,"2016-10",142
2016,"Octubre","Zimbabue",6,3,3,9,10,"2016-10",115
2016,"Octubre","Desconocido",313,0,313,313,10,"2016-10",49
2016,"Noviembre","Afganistán",1,5,-4,6,11,"2016-11",133
2016,"Noviembre","Albania",6,4,2,10,11,"2016-11",115
2016,"Noviembre","Alemania",4867,1714,3153,6581,11,"2016-11",13
2016,"Noviembre","Andorra",18,6,12,24,11,"2016-11",93
2016,"Noviembre","Angola",3,9,-6,12,11,"2016-11",110
2016,"Noviembre","Antigua y Barbuda",16,4,12,20,11,"2016-11",95
2016,"Noviembre","Países Bajos",3891,2016,1875,5907,11,"2016-11",17
2016,"Noviembre","Arabia Saudita",3,28,-25,31,11,"2016-11",87
2016,"Noviembre","Argelia",9,6,3,15,11,"2016-11",103
2016,"Noviembre","Argentina",11707,6794,4913,18501,11,"2016-11",10
2016,"Noviembre","República de Armenia",3,0,3,3,11,"2016-11",150
2016,"Noviembre","Aruba",3,3411,-3408,3414,11,"2016-11",22
2016,"Noviembre","Australia",1405,616,789,2021,11,"2016-11",26
2016,"Noviembre","Austria",529,63,466,592,11,"2016-11",41
2016,"Noviembre","Azerbaiyán",11,16,-5,27,11,"2016-11",90
2016,"Noviembre","Bahamas",21,67,-46,88,11,"2016-11",66
2016,"Noviembre","Bahréin",2,3,-1,5,11,"2016-11",136
2016,"Noviembre","Bangladesh",6,0,6,6,11,"2016-11",133
2016,"Noviembre","Barbados",25,173,-148,198,11,"2016-11",54
2016,"Noviembre","República de Belarús",7,2,5,9,11,"2016-11",119
2016,"Noviembre","Bélgica",863,138,725,1001,11,"2016-11",33
2016,"Noviembre","Belice",30,12,18,42,11,"2016-11",83
2016,"Noviembre","Benín",5,1,4,6,11,"2016-11",133
2016,"Noviembre","Bermudas/Territorio Británico de Ultramar",3,1,2,4,11,"2016-11",143
2016,"Noviembre","Bolivia",1699,945,754,2644,11,"2016-11",24
2016,"Noviembre","Bosnia y Herzegovina",1,0,1,1,11,"2016-11",188
2016,"Noviembre","Botsuana",1,0,1,1,11,"2016-11",188
2016,"Noviembre","Brasil",15561,6583,8978,22144,11,"2016-11",8
2016,"Noviembre","Bulgaria",75,7,68,82,11,"2016-11",68
2016,"Noviembre","Burkina Faso",2,0,2,2,11,"2016-11",168
2016,"Noviembre","Burundi",1,0,1,1,11,"2016-11",188
2016,"Noviembre","Bután",2,0,2,2,11,"2016-11",168
2016,"Noviembre","Cabo Verde",1,1,0,2,11,"2016-11",168
2016,"Noviembre","Islas Caimán/Territorio Británico de Ultramar",6,6,0,12,11,"2016-11",110
2016,"Noviembre","Camerún",6,2,4,8,11,"2016-11",121
2016,"Noviembre","Canadá",3620,2411,1209,6031,11,"2016-11",14
2016,"Noviembre","Chad",3,0,3,3,11,"2016-11",150
2016,"Noviembre","España",11813,23278,-11465,35091,11,"2016-11",6
2016,"Noviembre","República Del Congo",2,2,0,4,11,"2016-11",143
2016,"Noviembre","República Democrática del Congo",9,1,8,10,11,"2016-11",115
2016,"Noviembre","República de Corea",779,57,722,836,11,"2016-11",36
2016,"Noviembre","Costa de Marfil",3,11,-8,14,11,"2016-11",105
2016,"Noviembre","Costa Rica",3342,2662,680,6004,11,"2016-11",15
2016,"Noviembre","Croacia",79,4,75,83,11,"2016-11",67
2016,"Noviembre","Cuba",676,2650,-1974,3326,11,"2016-11",23
2016,"Noviembre","República Checa",206,10,196,216,11,"2016-11",52
2016,"Noviembre","Chile",11878,9621,2257,21499,11,"2016-11",9
2016,"Noviembre","China",1640,461,1179,2101,11,"2016-11",25
2016,"Noviembre","Chipre",6,2,4,8,11,"2016-11",121
2016,"Noviembre","Dinamarca",355,31,324,386,11,"2016-11",46
2016,"Noviembre","Dominica",4,1,3,5,11,"2016-11",136
2016,"Noviembre","Ecuador",15447,20690,-5243,36137,11,"2016-11",5
2016,"Noviembre","Egipto",30,41,-11,71,11,"2016-11",73
2016,"Noviembre","El Salvador",2846,2167,679,5013,11,"2016-11",18
2016,"Noviembre","Emiratos Árabes",17,273,-256,290,11,"2016-11",49
2016,"Noviembre","Eritrea",1,1,0,2,11,"2016-11",168
2016,"Noviembre","Eslovaquia",89,4,85,93,11,"2016-11",64
2016,"Noviembre","Eslovenia",59,1,58,60,11,"2016-11",78
2016,"Noviembre","Estados Unidos de América",36138,99777,-63639,135915,11,"2016-11",1
2016,"Noviembre","Estonia",51,2,49,53,11,"2016-11",80
2016,"Noviembre","Etiopia",8,6,2,14,11,"2016-11",105
2016,"Noviembre","Islas Fiji",2,0,2,2,11,"2016-11",168
2016,"Noviembre","Filipinas",313,9,304,322,11,"2016-11",48
2016,"Noviembre","Finlandia",175,9,166,184,11,"2016-11",55
2016,"Noviembre","Francia",4577,2275,2302,6852,11,"2016-11",12
2016,"Noviembre","Georgia",16,0,16,16,11,"2016-11",101
2016,"Noviembre","Ghana",16,3,13,19,11,"2016-11",96
2016,"Noviembre","Granada",10,0,10,10,11,"2016-11",115
2016,"Noviembre","Grecia",131,17,114,148,11,"2016-11",60
2016,"Noviembre","Guatemala",2451,1810,641,4261,11,"2016-11",21
2016,"Noviembre","Guyana",28,6,22,34,11,"2016-11",85
2016,"Noviembre","Guinea",1,0,1,1,11,"2016-11",188
2016,"Noviembre","Haití",44,31,13,75,11,"2016-11",71
2016,"Noviembre","Honduras",1011,399,612,1410,11,"2016-11",30
2016,"Noviembre","Hong Kong",12,67,-55,79,11,"2016-11",69
2016,"Noviembre","Hungría",121,7,114,128,11,"2016-11",61
2016,"Noviembre","India",714,73,641,787,11,"2016-11",38
2016,"Noviembre","Indonesia",100,23,77,123,11,"2016-11",62
2016,"Noviembre","Iraq",2,7,-5,9,11,"2016-11",119
2016,"Noviembre","Irán",20,6,14,26,11,"2016-11",92
2016,"Noviembre","República de Irlanda",463,19,444,482,11,"2016-11",44
2016,"Noviembre","Islandia",20,7,13,27,11,"2016-11",90
2016,"Noviembre","Israel",643,230,413,873,11,"2016-11",35
2016,"Noviembre","Italia",3755,1057,2698,4812,11,"2016-11",19
2016,"Noviembre","Jamaica",64,4685,-4621,4749,11,"2016-11",20
2016,"Noviembre","Japón",762,159,603,921,11,"2016-11",34
2016,"Noviembre","Jordania",13,2,11,15,11,"2016-11",103
2016,"Noviembre","Kazajistán",9,0,9,9,11,"2016-11",119
2016,"Noviembre","Kenia",29,23,6,52,11,"2016-11",81
2016,"Noviembre","Kirguistán",2,0,2,2,11,"2016-11",168
2016,"Noviembre","Kuwait",2,5,-3,7,11,"2016-11",127
2016,"Noviembre","República de Kosovo",1,0,1,1,11,"2016-11",188
2016,"Noviembre","Lesoto",2,0,2,2,11,"2016-11",168
2016,"Noviembre","Letonia",65,2,63,67,11,"2016-11",74
2016,"Noviembre","Lituania",69,3,66,72,11,"2016-11",72
2016,"Noviembre","Líbano",43,17,26,60,11,"2016-11",78
2016,"Noviembre","Liechtenstein",5,0,5,5,11,"2016-11",136
2016,"Noviembre","Luxemburgo",15,11,4,26,11,"2016-11",92
2016,"Noviembre","Macedonia",4,0,4,4,11,"2016-11",143
2016,"Noviembre","Madagascar",3,1,2,4,11,"2016-11",143
2016,"Noviembre","Malasia",78,10,68,88,11,"2016-11",66
2016,"Noviembre","Malawi",3,1,2,4,11,"2016-11",143
2016,"Noviembre","Malí",6,0,6,6,11,"2016-11",133
2016,"Noviembre","Malta",9,22,-13,31,11,"2016-11",87
2016,"Noviembre","Marruecos",19,40,-21,59,11,"2016-11",79
2016,"Noviembre","Mauricio",8,3,5,11,11,"2016-11",112
2016,"Noviembre","México",13801,33627,-19826,47428,11,"2016-11",3
2016,"Noviembre","República de Moldavia",4,0,4,4,11,"2016-11",143
2016,"Noviembre","Mónaco",2,2,0,4,11,"2016-11",143
2016,"Noviembre","Mongolia",2,0,2,2,11,"2016-11",168
2016,"Noviembre","Montenegro",6,1,5,7,11,"2016-11",127
2016,"Noviembre","Mozambique",6,3,3,9,11,"2016-11",119
2016,"Noviembre","Myanmar",16,0,16,16,11,"2016-11",101
2016,"Noviembre","Nepal",14,2,12,16,11,"2016-11",101
2016,"Noviembre","Nicaragua",321,274,47,595,11,"2016-11",40
2016,"Noviembre","Nigeria",30,5,25,35,11,"2016-11",84
2016,"Noviembre","Noruega",352,53,299,405,11,"2016-11",45
2016,"Noviembre","Nueva Zelanda",226,59,167,285,11,"2016-11",50
2016,"Noviembre","Omán",2,4,-2,6,11,"2016-11",133
2016,"Noviembre","Papúa Nueva Guinea",1,2,-1,3,11,"2016-11",150
2016,"Noviembre","Pakistán",16,0,16,16,11,"2016-11",101
2016,"Noviembre","Panamá",10477,32669,-22192,43146,11,"2016-11",4
2016,"Noviembre","Paraguay",678,327,351,1005,11,"2016-11",32
2016,"Noviembre","Perú",12413,14492,-2079,26905,11,"2016-11",7
2016,"Noviembre","Palestina",1,1,0,2,11,"2016-11",168
2016,"Noviembre","Polonia",545,24,521,569,11,"2016-11",42
2016,"Noviembre","Portugal",811,250,561,1061,11,"2016-11",31
2016,"Noviembre","Puerto Rico/Territorio de Estados Unidos",1,1688,-1687,1689,11,"2016-11",28
2016,"Noviembre","Qatar",2,5,-3,7,11,"2016-11",127
2016,"Noviembre","Reino Unido de Gran Bretaña e Irlanda del Norte",3779,2174,1605,5953,11,"2016-11",16
2016,"Noviembre","Federación de Rusia",513,50,463,563,11,"2016-11",43
2016,"Noviembre","República Dominicana",1843,7258,-5415,9101,11,"2016-11",11
2016,"Noviembre","Rumania",163,3,160,166,11,"2016-11",58
2016,"Noviembre","Rwanda",1,0,1,1,11,"2016-11",188
2016,"Noviembre","San Cristóbal y Nevis",3,0,3,3,11,"2016-11",150
2016,"Noviembre","San Marino",2,0,2,2,11,"2016-11",168
2016,"Noviembre","San  Vicente y las Granadinas",3,0,3,3,11,"2016-11",150
2016,"Noviembre","Santa Lucia",9,2,7,11,11,"2016-11",112
2016,"Diciembre","Barbados",35,272,-237,307,12,"2016-12",53
2016,"Noviembre","Santa Sede/Ciudad del Vaticano",2,0,2,2,11,"2016-11",168
2016,"Noviembre","Senegal",7,0,7,7,11,"2016-11",127
2016,"Noviembre","Serbia",30,0,30,30,11,"2016-11",88
2016,"Noviembre","Seychelles",1,0,1,1,11,"2016-11",188
2016,"Noviembre","Sierra Leona",2,0,2,2,11,"2016-11",168
2016,"Noviembre","Singapur",72,23,49,95,11,"2016-11",63
2016,"Noviembre","República Árabe Siria",1,0,1,1,11,"2016-11",188
2016,"Noviembre","Sri Lanka",12,0,12,12,11,"2016-11",110
2016,"Noviembre","Sudáfrica",136,24,112,160,11,"2016-11",59
2016,"Noviembre","Sudán",2,0,2,2,11,"2016-11",168
2016,"Noviembre","Suecia",576,137,439,713,11,"2016-11",39
2016,"Noviembre","Suiza",1327,380,947,1707,11,"2016-11",27
2016,"Noviembre","Surinam",50,11,39,61,11,"2016-11",76
2016,"Noviembre","Suazilandia",1,0,1,1,11,"2016-11",188
2016,"Noviembre","Taiwán",167,0,167,167,11,"2016-11",57
2016,"Noviembre","Tailandia",47,124,-77,171,11,"2016-11",56
2016,"Noviembre","Tanzania",17,5,12,22,11,"2016-11",94
2016,"Noviembre","Tonga",1,0,1,1,11,"2016-11",188
2016,"Noviembre","Trinidad y Tobago",105,102,3,207,11,"2016-11",53
2016,"Noviembre","Túnez",12,0,12,12,11,"2016-11",110
2016,"Noviembre","Turquía",585,248,337,833,11,"2016-11",37
2016,"Noviembre","Ucrania",74,1,73,75,11,"2016-11",71
2016,"Noviembre","Uganda",6,0,6,6,11,"2016-11",133
2016,"Noviembre","Uruguay",1044,437,607,1481,11,"2016-11",29
2016,"Noviembre","Venezuela",41034,15799,25235,56833,11,"2016-11",2
2016,"Noviembre","Vietnam",24,19,5,43,11,"2016-11",82
2016,"Noviembre","República Árabe de Yemen",1,0,1,1,11,"2016-11",188
2016,"Noviembre","Zambia",7,0,7,7,11,"2016-11",127
2016,"Noviembre","Zimbabue",18,0,18,18,11,"2016-11",97
2016,"Noviembre","Anguila/Territorio Británico de Ultramar",1,0,1,1,11,"2016-11",188
2016,"Noviembre","Islas Turcas y Caicos/Territorio Británico de Ultramar",1,0,1,1,11,"2016-11",188
2016,"Noviembre","Refugiado",2,0,2,2,11,"2016-11",168
2016,"Noviembre","Desconocido",1,0,1,1,11,"2016-11",188
2016,"Noviembre","Desconocido",264,0,264,264,11,"2016-11",51
2016,"Diciembre","Albania",5,5,0,10,12,"2016-12",112
2016,"Diciembre","Alemania",5933,2329,3604,8262,12,"2016-12",14
2016,"Diciembre","Andorra",10,1,9,11,12,"2016-12",108
2016,"Diciembre","Angola",7,8,-1,15,12,"2016-12",100
2016,"Diciembre","Antigua y Barbuda",16,3,13,19,12,"2016-12",91
2016,"Diciembre","Países Bajos",4857,2868,1989,7725,12,"2016-12",16
2016,"Diciembre","Arabia Saudita",23,27,-4,50,12,"2016-12",80
2016,"Diciembre","Argelia",12,6,6,18,12,"2016-12",94
2016,"Diciembre","Argentina",13034,8140,4894,21174,12,"2016-12",10
2016,"Diciembre","República de Armenia",3,2,1,5,12,"2016-12",140
2016,"Diciembre","Australia",1905,591,1314,2496,12,"2016-12",26
2016,"Diciembre","Austria",572,85,487,657,12,"2016-12",40
2016,"Diciembre","Azerbaiyán",4,5,-1,9,12,"2016-12",118
2016,"Diciembre","Bahamas",22,365,-343,387,12,"2016-12",49
2016,"Diciembre","Bahréin",3,10,-7,13,12,"2016-12",104
2016,"Diciembre","Bangladesh",4,5,-1,9,12,"2016-12",118
2016,"Diciembre","República de Belarús",17,3,14,20,12,"2016-12",90
2016,"Diciembre","Bélgica",967,220,747,1187,12,"2016-12",33
2016,"Diciembre","Belice",22,38,-16,60,12,"2016-12",76
2016,"Diciembre","Bermudas/Territorio Británico de Ultramar",6,7,-1,13,12,"2016-12",104
2016,"Diciembre","Bolivia",2348,804,1544,3152,12,"2016-12",24
2016,"Diciembre","Bosnia y Herzegovina",12,2,10,14,12,"2016-12",101
2016,"Diciembre","Botsuana",3,0,3,3,12,"2016-12",150
2016,"Diciembre","Brasil",15072,7231,7841,22303,12,"2016-12",9
2016,"Diciembre","Brunei Darussalam",1,0,1,1,12,"2016-12",177
2016,"Diciembre","Bulgaria",78,2,76,80,12,"2016-12",70
2016,"Diciembre","Burkina Faso",1,0,1,1,12,"2016-12",177
2016,"Diciembre","Islas Caimán/Territorio Británico de Ultramar",35,174,-139,209,12,"2016-12",56
2016,"Diciembre","Camerún",5,2,3,7,12,"2016-12",126
2016,"Diciembre","Canadá",6213,3679,2534,9892,12,"2016-12",13
2016,"Diciembre","España",11641,31335,-19694,42976,12,"2016-12",6
2016,"Diciembre","República Del Congo",1,1,0,2,12,"2016-12",156
2016,"Diciembre","República Democrática del Congo",6,3,3,9,12,"2016-12",118
2016,"Diciembre","República de Corea",797,22,775,819,12,"2016-12",38
2016,"Diciembre","Costa de Marfil",2,9,-7,11,12,"2016-12",108
2016,"Diciembre","Costa Rica",3932,2751,1181,6683,12,"2016-12",17
2016,"Diciembre","Croacia",79,2,77,81,12,"2016-12",69
2016,"Diciembre","Cuba",894,3857,-2963,4751,12,"2016-12",20
2016,"Diciembre","República Checa",163,6,157,169,12,"2016-12",60
2016,"Diciembre","Chile",9495,12890,-3395,22385,12,"2016-12",8
2016,"Diciembre","China",1131,243,888,1374,12,"2016-12",30
2016,"Diciembre","Chipre",8,2,6,10,12,"2016-12",112
2016,"Diciembre","Dinamarca",470,32,438,502,12,"2016-12",43
2016,"Diciembre","Dominica",6,0,6,6,12,"2016-12",128
2016,"Diciembre","Ecuador",15393,27966,-12573,43359,12,"2016-12",5
2016,"Diciembre","Egipto",60,69,-9,129,12,"2016-12",63
2016,"Diciembre","El Salvador",2087,2475,-388,4562,12,"2016-12",22
2016,"Diciembre","Emiratos Árabes",15,321,-306,336,12,"2016-12",51
2016,"Diciembre","Eritrea",1,1,0,2,12,"2016-12",156
2016,"Diciembre","Eslovaquia",79,4,75,83,12,"2016-12",67
2016,"Diciembre","Eslovenia",58,5,53,63,12,"2016-12",74
2016,"Diciembre","Estados Unidos de América",52240,132280,-80040,184520,12,"2016-12",1
2016,"Diciembre","Estonia",39,0,39,39,12,"2016-12",85
2016,"Diciembre","Etiopia",10,3,7,13,12,"2016-12",104
2016,"Diciembre","Filipinas",334,5,329,339,12,"2016-12",50
2016,"Diciembre","Finlandia",285,30,255,315,12,"2016-12",52
2016,"Diciembre","Francia",6486,3961,2525,10447,12,"2016-12",12
2016,"Diciembre","Georgia",17,1,16,18,12,"2016-12",94
2016,"Diciembre","Ghana",15,1,14,16,12,"2016-12",97
2016,"Diciembre","Granada",8,0,8,8,12,"2016-12",123
2016,"Diciembre","Grecia",195,18,177,213,12,"2016-12",55
2016,"Diciembre","Guatemala",2335,1533,802,3868,12,"2016-12",23
2016,"Diciembre","Guyana",32,10,22,42,12,"2016-12",82
2016,"Diciembre","Guinea Ecuatorial",2,1,1,3,12,"2016-12",150
2016,"Diciembre","Haití",33,26,7,59,12,"2016-12",77
2016,"Diciembre","Honduras",858,380,478,1238,12,"2016-12",32
2016,"Diciembre","Hong Kong",19,35,-16,54,12,"2016-12",78
2016,"Diciembre","Hungría",105,17,88,122,12,"2016-12",64
2016,"Diciembre","India",591,117,474,708,12,"2016-12",39
2016,"Diciembre","Indonesia",44,8,36,52,12,"2016-12",79
2016,"Diciembre","Irán",29,11,18,40,12,"2016-12",84
2016,"Diciembre","República de Irlanda",440,26,414,466,12,"2016-12",45
2016,"Diciembre","Islandia",15,2,13,17,12,"2016-12",95
2016,"Diciembre","Israel",682,381,301,1063,12,"2016-12",34
2016,"Diciembre","Italia",4069,1321,2748,5390,12,"2016-12",18
2016,"Diciembre","Jamaica",83,4665,-4582,4748,12,"2016-12",21
2016,"Diciembre","Japón",756,1135,-379,1891,12,"2016-12",28
2016,"Diciembre","Jordania",13,5,8,18,12,"2016-12",94
2016,"Diciembre","Kazajistán",7,1,6,8,12,"2016-12",123
2016,"Diciembre","Kenia",4,12,-8,16,12,"2016-12",97
2016,"Diciembre","Kiribati",1,0,1,1,12,"2016-12",177
2016,"Diciembre","Kirguistán",1,0,1,1,12,"2016-12",177
2016,"Diciembre","Kuwait",6,3,3,9,12,"2016-12",118
2016,"Diciembre","República de Kosovo",1,0,1,1,12,"2016-12",177
2016,"Diciembre","Letonia",29,0,29,29,12,"2016-12",89
2016,"Diciembre","Lituania",58,5,53,63,12,"2016-12",74
2016,"Diciembre","Líbano",55,23,32,78,12,"2016-12",71
2016,"Diciembre","Libia",1,0,1,1,12,"2016-12",177
2016,"Diciembre","Liechtenstein",4,1,3,5,12,"2016-12",140
2016,"Diciembre","Luxemburgo",19,15,4,34,12,"2016-12",87
2016,"Diciembre","Madagascar",1,0,1,1,12,"2016-12",177
2016,"Diciembre","Malasia",53,8,45,61,12,"2016-12",75
2016,"Diciembre","Malta",16,24,-8,40,12,"2016-12",84
2016,"Diciembre","Marruecos",39,28,11,67,12,"2016-12",72
2016,"Diciembre","Mauricio",5,0,5,5,12,"2016-12",140
2016,"Diciembre","México",13472,40324,-26852,53796,12,"2016-12",3
2016,"Diciembre","República de Moldavia",4,1,3,5,12,"2016-12",140
2016,"Diciembre","Mongolia",2,0,2,2,12,"2016-12",156
2016,"Diciembre","Montenegro",5,0,5,5,12,"2016-12",140
2016,"Diciembre","Mozambique",4,1,3,5,12,"2016-12",140
2016,"Diciembre","Myanmar",1,0,1,1,12,"2016-12",177
2016,"Diciembre","Namibia",4,0,4,4,12,"2016-12",143
2016,"Diciembre","Nepal",6,2,4,8,12,"2016-12",123
2016,"Diciembre","Nicaragua",232,241,-9,473,12,"2016-12",44
2016,"Diciembre","Nigeria",12,3,9,15,12,"2016-12",100
2016,"Diciembre","Noruega",489,84,405,573,12,"2016-12",41
2016,"Diciembre","Nueva Zelanda",326,95,231,421,12,"2016-12",46
2016,"Diciembre","Omán",1,9,-8,10,12,"2016-12",112
2016,"Diciembre","Pakistán",15,0,15,15,12,"2016-12",100
2016,"Diciembre","Panamá",7985,39089,-31104,47074,12,"2016-12",4
2016,"Diciembre","Paraguay",615,268,347,883,12,"2016-12",37
2016,"Diciembre","Perú",10056,15830,-5774,25886,12,"2016-12",7
2016,"Diciembre","Palestina",8,0,8,8,12,"2016-12",123
2016,"Diciembre","Polonia",393,27,366,420,12,"2016-12",47
2016,"Diciembre","Portugal",702,252,450,954,12,"2016-12",35
2016,"Diciembre","Qatar",1,6,-5,7,12,"2016-12",126
2016,"Diciembre","Reino Unido de Gran Bretaña e Irlanda del Norte",4642,3213,1429,7855,12,"2016-12",15
2016,"Diciembre","Federación de Rusia",523,37,486,560,12,"2016-12",42
2016,"Diciembre","República Dominicana",1428,9185,-7757,10613,12,"2016-12",11
2016,"Diciembre","Rumania",186,10,176,196,12,"2016-12",58
2016,"Diciembre","San Cristóbal y Nevis",4,0,4,4,12,"2016-12",143
2016,"Diciembre","San Marino",5,0,5,5,12,"2016-12",140
2016,"Diciembre","San  Vicente y las Granadinas",8,0,8,8,12,"2016-12",123
2016,"Diciembre","Santa Lucia",9,1,8,10,12,"2016-12",112
2016,"Diciembre","Serbia",34,3,31,37,12,"2016-12",86
2016,"Diciembre","Sierra Leona",1,1,0,2,12,"2016-12",156
2016,"Diciembre","Singapur",66,37,29,103,12,"2016-12",66
2016,"Diciembre","República Árabe Siria",12,0,12,12,12,"2016-12",105
2016,"Diciembre","Somalia",1,0,1,1,12,"2016-12",177
2016,"Diciembre","Sri Lanka",9,0,9,9,12,"2016-12",118
2016,"Diciembre","Sudáfrica",159,27,132,186,12,"2016-12",59
2016,"Diciembre","Sudán",1,0,1,1,12,"2016-12",177
2016,"Diciembre","Suecia",1188,155,1033,1343,12,"2016-12",31
2016,"Diciembre","Suiza",2283,542,1741,2825,12,"2016-12",25
2016,"Diciembre","Surinam",215,1,214,216,12,"2016-12",54
2016,"Diciembre","Taiwán",141,7,134,148,12,"2016-12",62
2016,"Diciembre","Tailandia",32,85,-53,117,12,"2016-12",65
2016,"Diciembre","Tanzania",1,2,-1,3,12,"2016-12",150
2016,"Diciembre","Togo",1,0,1,1,12,"2016-12",177
2016,"Diciembre","Trinidad y Tobago",132,73,59,205,12,"2016-12",57
2016,"Diciembre","Túnez",6,0,6,6,12,"2016-12",128
2016,"Diciembre","Turquía",524,386,138,910,12,"2016-12",36
2016,"Diciembre","Ucrania",72,9,63,81,12,"2016-12",69
2016,"Diciembre","Uganda",1,0,1,1,12,"2016-12",177
2016,"Diciembre","Uruguay",1015,380,635,1395,12,"2016-12",29
2016,"Diciembre","Uzbekistán",5,0,5,5,12,"2016-12",140
2016,"Diciembre","Venezuela",42804,17591,25213,60395,12,"2016-12",2
2016,"Diciembre","Vietnam",8,21,-13,29,12,"2016-12",89
2016,"Diciembre","Islas Vírgenes Británicas/Territorio Británico de Ultramar",3,2,1,5,12,"2016-12",140
2016,"Diciembre","República Árabe de Yemen",4,0,4,4,12,"2016-12",143
2016,"Diciembre","Zambia",1,0,1,1,12,"2016-12",177
2016,"Diciembre","Zimbabue",3,0,3,3,12,"2016-12",150
2016,"Diciembre","Refugiado",7,0,7,7,12,"2016-12",126
2016,"Diciembre","Desconocido",158,5,153,163,12,"2016-12",61
2017,"Enero","Afganistán",3,9,-6,12,1,"2017-1",116
2017,"Enero","Albania",13,16,-3,29,1,"2017-1",94
2017,"Enero","Alemania",5619,2729,2890,8348,1,"2017-1",15
2017,"Enero","Andorra",9,1,8,10,1,"2017-1",120
2017,"Enero","Angola",2,28,-26,30,1,"2017-1",93
2017,"Enero","Antigua y Barbuda",16,6,10,22,1,"2017-1",99
2017,"Enero","Países Bajos",4041,3417,624,7458,1,"2017-1",17
2017,"Enero","Arabia Saudita",5,110,-105,115,1,"2017-1",62
2017,"Enero","Argelia",8,10,-2,18,1,"2017-1",105
2017,"Enero","Argentina",20996,8884,12112,29880,1,"2017-1",7
2017,"Enero","República de Armenia",2,1,1,3,1,"2017-1",161
2017,"Enero","Australia",1699,1441,258,3140,1,"2017-1",25
2017,"Enero","Austria",632,92,540,724,1,"2017-1",41
2017,"Enero","Azerbaiyán",7,15,-8,22,1,"2017-1",99
2017,"Enero","Bahamas",27,76,-49,103,1,"2017-1",64
2017,"Enero","Bahréin",2,16,-14,18,1,"2017-1",105
2017,"Enero","Bangladesh",3,5,-2,8,1,"2017-1",127
2017,"Enero","Barbados",27,206,-179,233,1,"2017-1",52
2017,"Enero","República de Belarús",28,3,25,31,1,"2017-1",91
2017,"Enero","Bélgica",912,356,556,1268,1,"2017-1",32
2017,"Enero","Belice",15,21,-6,36,1,"2017-1",86
2017,"Enero","Benín",5,0,5,5,1,"2017-1",144
2017,"Enero","Bermudas/Territorio Británico de Ultramar",3,5,-2,8,1,"2017-1",127
2017,"Enero","Bolivia",1897,1330,567,3227,1,"2017-1",24
2017,"Enero","Bosnia y Herzegovina",3,0,3,3,1,"2017-1",161
2017,"Enero","Botsuana",1,1,0,2,1,"2017-1",171
2017,"Enero","Brasil",16889,7627,9262,24516,1,"2017-1",10
2017,"Enero","Brunei Darussalam",1,0,1,1,1,"2017-1",193
2017,"Enero","Bulgaria",82,5,77,87,1,"2017-1",68
2017,"Enero","Islas Caimán/Territorio Británico de Ultramar",7,46,-39,53,1,"2017-1",79
2017,"Enero","Camerún",5,8,-3,13,1,"2017-1",113
2017,"Enero","Canadá",6126,8725,-2599,14851,1,"2017-1",11
2017,"Enero","España",10611,28954,-18343,39565,1,"2017-1",6
2017,"Enero","República Del Congo",1,3,-2,4,1,"2017-1",149
2017,"Enero","República Democrática del Congo",9,0,9,9,1,"2017-1",123
2017,"Enero","República de Corea",1011,34,977,1045,1,"2017-1",36
2017,"Enero","Costa de Marfil",1,11,-10,12,1,"2017-1",116
2017,"Enero","Costa Rica",3598,3970,-372,7568,1,"2017-1",16
2017,"Enero","Croacia",103,10,93,113,1,"2017-1",63
2017,"Enero","Cuba",866,3638,-2772,4504,1,"2017-1",22
2017,"Enero","República Checa",172,21,151,193,1,"2017-1",56
2017,"Enero","Chile",11453,14951,-3498,26404,1,"2017-1",8
2017,"Enero","China",1008,260,748,1268,1,"2017-1",32
2017,"Enero","Chipre",15,1,14,16,1,"2017-1",108
2017,"Enero","Dinamarca",517,88,429,605,1,"2017-1",44
2017,"Enero","República de Yibuti",2,0,2,2,1,"2017-1",171
2017,"Enero","Dominica",12,7,5,19,1,"2017-1",102
2017,"Enero","Ecuador",10767,37996,-27229,48763,1,"2017-1",5
2017,"Enero","Egipto",20,33,-13,53,1,"2017-1",79
2017,"Enero","El Salvador",2136,2656,-520,4792,1,"2017-1",20
2017,"Enero","Emiratos Árabes",6,667,-661,673,1,"2017-1",42
2017,"Enero","Eslovaquia",139,4,135,143,1,"2017-1",60
2017,"Enero","Eslovenia",77,3,74,80,1,"2017-1",70
2017,"Enero","Estados Unidos de América",33933,114795,-80862,148728,1,"2017-1",1
2017,"Enero","Estonia",44,2,42,46,1,"2017-1",82
2017,"Enero","Etiopia",6,14,-8,20,1,"2017-1",101
2017,"Enero","Filipinas",189,17,172,206,1,"2017-1",53
2017,"Enero","Finlandia",228,45,183,273,1,"2017-1",51
2017,"Enero","Francia",6870,3400,3470,10270,1,"2017-1",12
2017,"Enero","Gambia",1,0,1,1,1,"2017-1",193
2017,"Enero","Georgia",9,1,8,10,1,"2017-1",120
2017,"Enero","Ghana",12,3,9,15,1,"2017-1",110
2017,"Enero","Granada",6,1,5,7,1,"2017-1",132
2017,"Enero","Grecia",135,19,116,154,1,"2017-1",59
2017,"Enero","Guatemala",1523,2060,-537,3583,1,"2017-1",23
2017,"Enero","Guyana",28,14,14,42,1,"2017-1",84
2017,"Enero","Guinea",1,2,-1,3,1,"2017-1",161
2017,"Enero","Guinea Ecuatorial",2,15,-13,17,1,"2017-1",107
2017,"Enero","Guam/Territorio no incorporado de Estados Unidos",1,0,1,1,1,"2017-1",193
2017,"Enero","Haití",38,41,-3,79,1,"2017-1",71
2017,"Enero","Honduras",745,558,187,1303,1,"2017-1",30
2017,"Enero","Hong Kong",7,54,-47,61,1,"2017-1",76
2017,"Enero","Hungría",121,17,104,138,1,"2017-1",61
2017,"Enero","India",629,95,534,724,1,"2017-1",41
2017,"Enero","Indonesia",55,22,33,77,1,"2017-1",73
2017,"Enero","Iraq",3,10,-7,13,1,"2017-1",113
2017,"Enero","Irán",18,10,8,28,1,"2017-1",96
2017,"Enero","República de Irlanda",447,50,397,497,1,"2017-1",47
2017,"Enero","Islandia",15,6,9,21,1,"2017-1",100
2017,"Enero","Israel",801,260,541,1061,1,"2017-1",34
2017,"Enero","Italia",4095,1731,2364,5826,1,"2017-1",18
2017,"Enero","Jamaica",62,5601,-5539,5663,1,"2017-1",19
2017,"Enero","Japón",702,164,538,866,1,"2017-1",38
2017,"Enero","Jordania",4,3,1,7,1,"2017-1",132
2017,"Enero","Kazajistán",12,20,-8,32,1,"2017-1",90
2017,"Enero","Kenia",14,10,4,24,1,"2017-1",97
2017,"Enero","Kiribati",2,0,2,2,1,"2017-1",171
2017,"Enero","Kirguistán",1,0,1,1,1,"2017-1",193
2017,"Enero","Kuwait",2,15,-13,17,1,"2017-1",107
2017,"Enero","República de Kosovo",4,0,4,4,1,"2017-1",149
2017,"Enero","Letonia",33,1,32,34,1,"2017-1",88
2017,"Enero","Lituania",68,7,61,75,1,"2017-1",74
2017,"Enero","Líbano",65,29,36,94,1,"2017-1",65
2017,"Enero","Liberia",2,4,-2,6,1,"2017-1",137
2017,"Enero","Libia",1,0,1,1,1,"2017-1",193
2017,"Enero","Liechtenstein",10,1,9,11,1,"2017-1",118
2017,"Enero","Luxemburgo",27,21,6,48,1,"2017-1",80
2017,"Enero","Macedonia",6,0,6,6,1,"2017-1",137
2017,"Enero","Madagascar",1,1,0,2,1,"2017-1",171
2017,"Enero","Malasia",44,27,17,71,1,"2017-1",75
2017,"Enero","Malawi",4,2,2,6,1,"2017-1",137
2017,"Enero","Malta",18,67,-49,85,1,"2017-1",69
2017,"Enero","Marruecos",23,10,13,33,1,"2017-1",89
2017,"Enero","Mauricio",9,0,9,9,1,"2017-1",123
2017,"Enero","México",12073,37824,-25751,49897,1,"2017-1",3
2017,"Enero","República de Moldavia",5,0,5,5,1,"2017-1",144
2017,"Enero","Mónaco",4,0,4,4,1,"2017-1",149
2017,"Enero","Mongolia",3,1,2,4,1,"2017-1",149
2017,"Enero","Montenegro",2,0,2,2,1,"2017-1",171
2017,"Enero","Mozambique",1,2,-1,3,1,"2017-1",161
2017,"Enero","Myanmar",6,3,3,9,1,"2017-1",123
2017,"Enero","Namibia",2,1,1,3,1,"2017-1",161
2017,"Enero","Nepal",3,0,3,3,1,"2017-1",161
2017,"Enero","Nicaragua",289,375,-86,664,1,"2017-1",43
2017,"Enero","Nigeria",14,21,-7,35,1,"2017-1",87
2017,"Enero","Noruega",425,92,333,517,1,"2017-1",46
2017,"Enero","Nueva Zelanda",206,128,78,334,1,"2017-1",49
2017,"Enero","Pakistán",28,2,26,30,1,"2017-1",93
2017,"Enero","Panamá",7910,41499,-33589,49409,1,"2017-1",4
2017,"Enero","Paraguay",729,323,406,1052,1,"2017-1",35
2017,"Enero","Perú",10651,15083,-4432,25734,1,"2017-1",9
2017,"Enero","Palestina",1,1,0,2,1,"2017-1",171
2017,"Enero","Polonia",517,33,484,550,1,"2017-1",45
2017,"Enero","Portugal",953,152,801,1105,1,"2017-1",33
2017,"Enero","Puerto Rico/Territorio de Estados Unidos",1,1828,-1827,1829,1,"2017-1",27
2017,"Enero","Qatar",3,41,-38,44,1,"2017-1",83
2017,"Enero","Reino Unido de Gran Bretaña e Irlanda del Norte",4363,4756,-393,9119,1,"2017-1",14
2017,"Enero","República CentroÁfricana",5,7,-2,12,1,"2017-1",116
2017,"Enero","Federación de Rusia",729,55,674,784,1,"2017-1",39
2017,"Enero","República Dominicana",1417,8294,-6877,9711,1,"2017-1",13
2017,"Enero","Rumania",191,9,182,200,1,"2017-1",54
2017,"Enero","Rwanda",2,1,1,3,1,"2017-1",161
2017,"Enero","San Cristóbal y Nevis",8,0,8,8,1,"2017-1",127
2017,"Enero","San  Vicente y las Granadinas",5,2,3,7,1,"2017-1",132
2017,"Enero","Santa Lucia",9,6,3,15,1,"2017-1",110
2017,"Enero","Santa Sede/Ciudad del Vaticano",2,0,2,2,1,"2017-1",171
2017,"Enero","Senegal",1,4,-3,5,1,"2017-1",144
2017,"Enero","Serbia",39,0,39,39,1,"2017-1",85
2017,"Enero","Singapur",51,38,13,89,1,"2017-1",66
2017,"Enero","República Árabe Siria",3,0,3,3,1,"2017-1",161
2017,"Enero","Sri Lanka",9,2,7,11,1,"2017-1",118
2017,"Enero","Sudáfrica",135,49,86,184,1,"2017-1",58
2017,"Enero","Suecia",1087,406,681,1493,1,"2017-1",29
2017,"Enero","Suiza",1903,941,962,2844,1,"2017-1",26
2017,"Enero","Surinam",35,11,24,46,1,"2017-1",82
2017,"Enero","Taiwán",173,11,162,184,1,"2017-1",58
2017,"Enero","Tailandia",22,55,-33,77,1,"2017-1",73
2017,"Enero","Tanzania",4,3,1,7,1,"2017-1",132
2017,"Enero","República Democrática de Timor Oriental",1,0,1,1,1,"2017-1",193
2017,"Enero","Trinidad y Tobago",139,172,-33,311,1,"2017-1",50
2017,"Enero","Túnez",8,6,2,14,1,"2017-1",111
2017,"Enero","Turquía",562,316,246,878,1,"2017-1",37
2017,"Enero","Ucrania",82,6,76,88,1,"2017-1",67
2017,"Enero","Uganda",3,2,1,5,1,"2017-1",144
2017,"Enero","Uruguay",1170,416,754,1586,1,"2017-1",28
2017,"Enero","Uzbekistán",1,0,1,1,1,"2017-1",193
2017,"Enero","Venezuela",47124,23804,23320,70928,1,"2017-1",2
2017,"Enero","Vietnam",19,9,10,28,1,"2017-1",96
2017,"Enero","Islas Vírgenes Británicas/Territorio Británico de Ultramar",3,3,0,6,1,"2017-1",137
2017,"Enero","República Árabe de Yemen",1,0,1,1,1,"2017-1",193
2017,"Enero","Zambia",3,0,3,3,1,"2017-1",161
2017,"Enero","Zimbabue",6,0,6,6,1,"2017-1",137
2017,"Enero","Islas Turcas y Caicos/Territorio Británico de Ultramar",1,0,1,1,1,"2017-1",193
2017,"Enero","Refugiado Otro",1,0,1,1,1,"2017-1",193
2017,"Enero","Refugiado",3,0,3,3,1,"2017-1",161
2017,"Enero","Desconocido",194,0,194,194,1,"2017-1",55
2017,"Febrero","Afganistán",2,4,-2,6,2,"2017-2",129
2017,"Febrero","Albania",9,6,3,15,2,"2017-2",103
2017,"Febrero","Alemania",6403,1928,4475,8331,2,"2017-2",13
2017,"Febrero","Andorra",25,2,23,27,2,"2017-2",91
2017,"Febrero","Angola",7,8,-1,15,2,"2017-2",103
2017,"Febrero","Antigua y Barbuda",12,1,11,13,2,"2017-2",104
2017,"Febrero","Países Bajos",4098,1626,2472,5724,2,"2017-2",15
2017,"Febrero","Arabia Saudita",4,27,-23,31,2,"2017-2",88
2017,"Febrero","Argelia",6,5,1,11,2,"2017-2",110
2017,"Febrero","Argentina",17576,6222,11354,23798,2,"2017-2",8
2017,"Febrero","República de Armenia",9,0,9,9,2,"2017-2",116
2017,"Febrero","Australia",1159,943,216,2102,2,"2017-2",27
2017,"Febrero","Austria",766,76,690,842,2,"2017-2",37
2017,"Febrero","Azerbaiyán",5,3,2,8,2,"2017-2",118
2017,"Febrero","Bahamas",39,69,-30,108,2,"2017-2",65
2017,"Febrero","Bahréin",2,4,-2,6,2,"2017-2",129
2017,"Febrero","Bangladesh",4,1,3,5,2,"2017-2",134
2017,"Febrero","Barbados",31,140,-109,171,2,"2017-2",58
2017,"Febrero","República de Belarús",27,0,27,27,2,"2017-2",91
2017,"Febrero","Bélgica",1023,162,861,1185,2,"2017-2",29
2017,"Febrero","Belice",25,15,10,40,2,"2017-2",81
2017,"Febrero","Benín",1,1,0,2,2,"2017-2",165
2017,"Febrero","Bermudas/Territorio Británico de Ultramar",3,3,0,6,2,"2017-2",129
2017,"Febrero","Bolivia",1555,1026,529,2581,2,"2017-2",24
2017,"Febrero","Bosnia y Herzegovina",4,8,-4,12,2,"2017-2",107
2017,"Febrero","Botsuana",1,0,1,1,2,"2017-2",181
2017,"Febrero","Brasil",16681,6689,9992,23370,2,"2017-2",9
2017,"Febrero","Bulgaria",100,9,91,109,2,"2017-2",64
2017,"Febrero","Burkina Faso",2,0,2,2,2,"2017-2",165
2017,"Febrero","Burundi",6,1,5,7,2,"2017-2",123
2017,"Febrero","Cabo Verde",2,0,2,2,2,"2017-2",165
2017,"Febrero","Islas Caimán/Territorio Británico de Ultramar",8,13,-5,21,2,"2017-2",97
2017,"Febrero","Camboya",3,1,2,4,2,"2017-2",146
2017,"Febrero","Camerún",5,6,-1,11,2,"2017-2",110
2017,"Febrero","Canadá",6335,3390,2945,9725,2,"2017-2",11
2017,"Febrero","Chad",3,1,2,4,2,"2017-2",146
2017,"Febrero","España",9094,21954,-12860,31048,2,"2017-2",6
2017,"Febrero","República Democrática del Congo",4,0,4,4,2,"2017-2",146
2017,"Febrero","República de Corea",897,45,852,942,2,"2017-2",36
2017,"Febrero","Costa de Marfil",10,10,0,20,2,"2017-2",99
2017,"Febrero","Costa Rica",2999,2556,443,5555,2,"2017-2",17
2017,"Febrero","Croacia",111,5,106,116,2,"2017-2",63
2017,"Febrero","Cuba",645,2047,-1402,2692,2,"2017-2",22
2017,"Febrero","República Checa",276,9,267,285,2,"2017-2",51
2017,"Febrero","Chile",15598,8687,6911,24285,2,"2017-2",7
2017,"Febrero","China",1472,902,570,2374,2,"2017-2",25
2017,"Febrero","Chipre",9,3,6,12,2,"2017-2",107
2017,"Febrero","Dinamarca",565,42,523,607,2,"2017-2",41
2017,"Febrero","Dominica",7,0,7,7,2,"2017-2",123
2017,"Febrero","Ecuador",11908,21971,-10063,33879,2,"2017-2",5
2017,"Febrero","Egipto",46,23,23,69,2,"2017-2",72
2017,"Febrero","El Salvador",2089,1823,266,3912,2,"2017-2",19
2017,"Febrero","Emiratos Árabes",5,284,-279,289,2,"2017-2",50
2017,"Febrero","Eritrea",1,2,-1,3,2,"2017-2",152
2017,"Febrero","Eslovaquia",73,1,72,74,2,"2017-2",71
2017,"Febrero","Eslovenia",148,5,143,153,2,"2017-2",60
2017,"Febrero","Estados Unidos de América",40223,74093,-33870,114316,2,"2017-2",1
2017,"Febrero","Estonia",165,3,162,168,2,"2017-2",59
2017,"Febrero","Islas Fiji",1,0,1,1,2,"2017-2",181
2017,"Febrero","Filipinas",371,15,356,386,2,"2017-2",48
2017,"Febrero","Finlandia",222,10,212,232,2,"2017-2",52
2017,"Febrero","Francia",7077,2153,4924,9230,2,"2017-2",12
2017,"Febrero","Georgia",26,0,26,26,2,"2017-2",92
2017,"Febrero","Ghana",13,8,5,21,2,"2017-2",97
2017,"Febrero","Granada",10,0,10,10,2,"2017-2",113
2017,"Febrero","Grecia",131,17,114,148,2,"2017-2",61
2017,"Febrero","Guatemala",1702,1416,286,3118,2,"2017-2",20
2017,"Febrero","Guyana",26,7,19,33,2,"2017-2",85
2017,"Febrero","Guinea",3,1,2,4,2,"2017-2",146
2017,"Febrero","Guinea Ecuatorial",4,5,-1,9,2,"2017-2",116
2017,"Febrero","Haití",30,25,5,55,2,"2017-2",77
2017,"Febrero","Honduras",628,350,278,978,2,"2017-2",32
2017,"Febrero","Hong Kong",13,87,-74,100,2,"2017-2",66
2017,"Febrero","Hungría",157,23,134,180,2,"2017-2",57
2017,"Febrero","India",542,122,420,664,2,"2017-2",40
2017,"Febrero","Indonesia",59,16,43,75,2,"2017-2",69
2017,"Febrero","Iraq",3,7,-4,10,2,"2017-2",113
2017,"Febrero","Irán",22,10,12,32,2,"2017-2",87
2017,"Febrero","República de Irlanda",414,16,398,430,2,"2017-2",46
2017,"Febrero","Islandia",23,1,22,24,2,"2017-2",94
2017,"Febrero","Israel",950,168,782,1118,2,"2017-2",30
2017,"Febrero","Italia",4001,1364,2637,5365,2,"2017-2",18
2017,"Febrero","Jamaica",81,2527,-2446,2608,2,"2017-2",23
2017,"Febrero","Japón",862,88,774,950,2,"2017-2",34
2017,"Febrero","Jordania",10,1,9,11,2,"2017-2",110
2017,"Febrero","Kazajistán",18,3,15,21,2,"2017-2",97
2017,"Febrero","Kenia",19,6,13,25,2,"2017-2",93
2017,"Febrero","Kiribati",1,0,1,1,2,"2017-2",181
2017,"Febrero","Kuwait",4,1,3,5,2,"2017-2",134
2017,"Febrero","República de Kosovo",2,0,2,2,2,"2017-2",165
2017,"Febrero","Letonia",32,0,32,32,2,"2017-2",87
2017,"Febrero","Lituania",84,9,75,93,2,"2017-2",67
2017,"Febrero","Líbano",39,27,12,66,2,"2017-2",73
2017,"Febrero","Libia",3,0,3,3,2,"2017-2",152
2017,"Febrero","Liechtenstein",4,0,4,4,2,"2017-2",146
2017,"Febrero","Luxemburgo",31,15,16,46,2,"2017-2",80
2017,"Febrero","Macedonia",2,0,2,2,2,"2017-2",165
2017,"Febrero","Madagascar",1,0,1,1,2,"2017-2",181
2017,"Febrero","Malasia",41,17,24,58,2,"2017-2",75
2017,"Febrero","Malí",5,0,5,5,2,"2017-2",134
2017,"Febrero","Malta",24,35,-11,59,2,"2017-2",74
2017,"Febrero","Marruecos",34,5,29,39,2,"2017-2",82
2017,"Febrero","Mauricio",2,0,2,2,2,"2017-2",165
2017,"Febrero","Mauritania",2,0,2,2,2,"2017-2",165
2017,"Febrero","México",12080,23380,-11300,35460,2,"2017-2",4
2017,"Febrero","República de Moldavia",4,0,4,4,2,"2017-2",146
2017,"Febrero","Mónaco",7,0,7,7,2,"2017-2",123
2017,"Febrero","Mongolia",5,0,5,5,2,"2017-2",134
2017,"Febrero","Mozambique",2,2,0,4,2,"2017-2",146
2017,"Febrero","Namibia",3,0,3,3,2,"2017-2",152
2017,"Febrero","Nepal",4,3,1,7,2,"2017-2",123
2017,"Febrero","Nicaragua",227,269,-42,496,2,"2017-2",44
2017,"Febrero","Nigeria",28,9,19,37,2,"2017-2",83
2017,"Febrero","Níger",4,0,4,4,2,"2017-2",146
2017,"Febrero","Noruega",409,47,362,456,2,"2017-2",45
2017,"Febrero","Nueva Zelanda",223,98,125,321,2,"2017-2",49
2017,"Febrero","Pakistán",18,0,18,18,2,"2017-2",101
2017,"Febrero","Panamá",10716,26311,-15595,37027,2,"2017-2",3
2017,"Febrero","Paraguay",548,428,120,976,2,"2017-2",33
2017,"Febrero","Perú",12579,10516,2063,23095,2,"2017-2",10
2017,"Febrero","Palestina",6,0,6,6,2,"2017-2",129
2017,"Febrero","Polonia",487,21,466,508,2,"2017-2",43
2017,"Febrero","Portugal",699,110,589,809,2,"2017-2",38
2017,"Febrero","Reino Unido de Gran Bretaña e Irlanda del Norte",4167,2226,1941,6393,2,"2017-2",14
2017,"Febrero","República CentroÁfricana",1,0,1,1,2,"2017-2",181
2017,"Febrero","Federación de Rusia",478,75,403,553,2,"2017-2",42
2017,"Febrero","República Dominicana",1439,4280,-2841,5719,2,"2017-2",16
2017,"Febrero","Rumania",183,4,179,187,2,"2017-2",56
2017,"Febrero","Rwanda",1,0,1,1,2,"2017-2",181
2017,"Febrero","San Cristóbal y Nevis",10,0,10,10,2,"2017-2",113
2017,"Febrero","Samoa Occidental",1,0,1,1,2,"2017-2",181
2017,"Febrero","San Marino",2,0,2,2,2,"2017-2",165
2017,"Febrero","San  Vicente y las Granadinas",4,1,3,5,2,"2017-2",134
2017,"Febrero","Santa Lucia",9,0,9,9,2,"2017-2",116
2017,"Febrero","Santa Sede/Ciudad del Vaticano",1,0,1,1,2,"2017-2",181
2017,"Febrero","Senegal",2,0,2,2,2,"2017-2",165
2017,"Febrero","Serbia",34,0,34,34,2,"2017-2",84
2017,"Febrero","Singapur",41,48,-7,89,2,"2017-2",68
2017,"Febrero","República Árabe Siria",6,0,6,6,2,"2017-2",129
2017,"Febrero","Sri Lanka",2,1,1,3,2,"2017-2",152
2017,"Febrero","Sudáfrica",110,16,94,126,2,"2017-2",62
2017,"Febrero","Sudán",1,0,1,1,2,"2017-2",181
2017,"Febrero","Suecia",882,179,703,1061,2,"2017-2",31
2017,"Febrero","Suiza",1814,531,1283,2345,2,"2017-2",26
2017,"Febrero","Surinam",43,7,36,50,2,"2017-2",79
2017,"Febrero","Taiwán",194,3,191,197,2,"2017-2",55
2017,"Febrero","República de Tayikistán",1,0,1,1,2,"2017-2",181
2017,"Febrero","Tailandia",20,33,-13,53,2,"2017-2",78
2017,"Febrero","Tanzania",2,5,-3,7,2,"2017-2",123
2017,"Febrero","Trinidad y Tobago",146,59,87,205,2,"2017-2",53
2017,"Febrero","Túnez",19,0,19,19,2,"2017-2",100
2017,"Febrero","Turquía",532,236,296,768,2,"2017-2",39
2017,"Febrero","Ucrania",66,8,58,74,2,"2017-2",71
2017,"Febrero","Uganda",2,2,0,4,2,"2017-2",146
2017,"Febrero","Uruguay",1008,318,690,1326,2,"2017-2",28
2017,"Febrero","Uzbekistán",2,0,2,2,2,"2017-2",165
2017,"Febrero","Venezuela",39953,13873,26080,53826,2,"2017-2",2
2017,"Febrero","Vietnam",27,3,24,30,2,"2017-2",89
2017,"Febrero","Islas Vírgenes Británicas/Territorio Británico de Ultramar",2,6,-4,8,2,"2017-2",118
2017,"Febrero","Zimbabue",1,0,1,1,2,"2017-2",181
2017,"Febrero","Islas Turcas y Caicos/Territorio Británico de Ultramar",1,0,1,1,2,"2017-2",181
2017,"Febrero","Refugiado",12,0,12,12,2,"2017-2",107
2017,"Febrero","Desconocido",198,0,198,198,2,"2017-2",54
2017,"Marzo","Albania",5,5,0,10,3,"2017-3",113
2017,"Marzo","Alemania",6637,2627,4010,9264,3,"2017-3",12
2017,"Marzo","Andorra",13,2,11,15,3,"2017-3",101
2017,"Marzo","Antigua y Barbuda",5,6,-1,11,3,"2017-3",109
2017,"Marzo","Países Bajos",3935,1991,1944,5926,3,"2017-3",17
2017,"Marzo","Arabia Saudita",13,47,-34,60,3,"2017-3",79
2017,"Marzo","Argelia",7,8,-1,15,3,"2017-3",101
2017,"Marzo","Argentina",20121,8197,11924,28318,3,"2017-3",7
2017,"Marzo","República de Armenia",6,1,5,7,3,"2017-3",123
2017,"Marzo","Australia",1187,629,558,1816,3,"2017-3",28
2017,"Marzo","Austria",513,87,426,600,3,"2017-3",41
2017,"Marzo","Azerbaiyán",10,1,9,11,3,"2017-3",109
2017,"Marzo","Bahamas",27,85,-58,112,3,"2017-3",62
2017,"Marzo","Bahréin",1,3,-2,4,3,"2017-3",140
2017,"Marzo","Bangladesh",8,2,6,10,3,"2017-3",113
2017,"Marzo","Barbados",17,192,-175,209,3,"2017-3",54
2017,"Marzo","República de Belarús",16,4,12,20,3,"2017-3",95
2017,"Marzo","Bélgica",982,227,755,1209,3,"2017-3",31
2017,"Marzo","Belice",17,21,-4,38,3,"2017-3",86
2017,"Marzo","Benín",2,2,0,4,3,"2017-3",140
2017,"Marzo","Bermudas/Territorio Británico de Ultramar",4,4,0,8,3,"2017-3",119
2017,"Marzo","Bolivia",1245,1016,229,2261,3,"2017-3",25
2017,"Marzo","Bosnia y Herzegovina",2,0,2,2,3,"2017-3",171
2017,"Marzo","Botsuana",2,1,1,3,3,"2017-3",153
2017,"Marzo","Brasil",16032,6943,9089,22975,3,"2017-3",9
2017,"Marzo","Bulgaria",87,6,81,93,3,"2017-3",66
2017,"Marzo","Burkina Faso",1,0,1,1,3,"2017-3",189
2017,"Marzo","Burundi",1,1,0,2,3,"2017-3",171
2017,"Marzo","Bután",2,0,2,2,3,"2017-3",171
2017,"Marzo","Islas Caimán/Territorio Británico de Ultramar",3,3,0,6,3,"2017-3",128
2017,"Marzo","Camboya",1,6,-5,7,3,"2017-3",123
2017,"Marzo","Camerún",5,1,4,6,3,"2017-3",128
2017,"Marzo","Canadá",5984,4177,1807,10161,3,"2017-3",11
2017,"Marzo","Chad",2,0,2,2,3,"2017-3",171
2017,"Marzo","España",9951,27454,-17503,37405,3,"2017-3",5
2017,"Marzo","República Del Congo",2,1,1,3,3,"2017-3",153
2017,"Marzo","República Democrática del Congo",20,0,20,20,3,"2017-3",95
2017,"Marzo","República de Corea",846,43,803,889,3,"2017-3",39
2017,"Marzo","Costa de Marfil",3,9,-6,12,3,"2017-3",105
2017,"Marzo","Costa Rica",3278,2881,397,6159,3,"2017-3",16
2017,"Marzo","Croacia",112,4,108,116,3,"2017-3",61
2017,"Marzo","Cuba",588,2631,-2043,3219,3,"2017-3",23
2017,"Marzo","República Checa",260,28,232,288,3,"2017-3",49
2017,"Marzo","Chile",11372,10563,809,21935,3,"2017-3",10
2017,"Marzo","China",1607,1343,264,2950,3,"2017-3",24
2017,"Marzo","Chipre",13,2,11,15,3,"2017-3",101
2017,"Marzo","Dinamarca",606,43,563,649,3,"2017-3",40
2017,"Marzo","Dominica",5,1,4,6,3,"2017-3",128
2017,"Marzo","Ecuador",13329,27154,-13825,40483,3,"2017-3",3
2017,"Marzo","Egipto",46,22,24,68,3,"2017-3",74
2017,"Marzo","El Salvador",2166,2091,75,4257,3,"2017-3",19
2017,"Marzo","Emiratos Árabes",21,260,-239,281,3,"2017-3",50
2017,"Marzo","Eritrea",1,4,-3,5,3,"2017-3",133
2017,"Marzo","Eslovaquia",101,2,99,103,3,"2017-3",64
2017,"Marzo","Eslovenia",64,3,61,67,3,"2017-3",75
2017,"Marzo","Estados Unidos de América",44460,93040,-48580,137500,3,"2017-3",1
2017,"Marzo","Estonia",38,0,38,38,3,"2017-3",86
2017,"Marzo","Etiopia",7,9,-2,16,3,"2017-3",98
2017,"Marzo","Filipinas",293,12,281,305,3,"2017-3",48
2017,"Marzo","Finlandia",177,17,160,194,3,"2017-3",55
2017,"Marzo","Francia",6115,2597,3518,8712,3,"2017-3",13
2017,"Marzo","Georgia",5,2,3,7,3,"2017-3",123
2017,"Marzo","Ghana",12,2,10,14,3,"2017-3",103
2017,"Marzo","Granada",4,0,4,4,3,"2017-3",140
2017,"Marzo","Grecia",150,28,122,178,3,"2017-3",57
2017,"Marzo","Guatemala",1850,1794,56,3644,3,"2017-3",20
2017,"Marzo","Guyana",37,9,28,46,3,"2017-3",82
2017,"Marzo","Haití",42,34,8,76,3,"2017-3",71
2017,"Marzo","Honduras",717,384,333,1101,3,"2017-3",32
2017,"Marzo","Hong Kong",7,73,-66,80,3,"2017-3",69
2017,"Marzo","Hungría",100,6,94,106,3,"2017-3",63
2017,"Marzo","India",842,93,749,935,3,"2017-3",38
2017,"Marzo","Indonesia",59,9,50,68,3,"2017-3",74
2017,"Marzo","Iraq",3,4,-1,7,3,"2017-3",123
2017,"Marzo","Irán",20,3,17,23,3,"2017-3",90
2017,"Marzo","República de Irlanda",445,33,412,478,3,"2017-3",46
2017,"Marzo","Islandia",37,6,31,43,3,"2017-3",83
2017,"Marzo","Israel",1635,228,1407,1863,3,"2017-3",27
2017,"Marzo","Italia",3387,1592,1795,4979,3,"2017-3",18
2017,"Marzo","Jamaica",55,3328,-3273,3383,3,"2017-3",21
2017,"Marzo","Islas Salomón",1,0,1,1,3,"2017-3",189
2017,"Marzo","Japón",896,201,695,1097,3,"2017-3",33
2017,"Marzo","Jordania",13,7,6,20,3,"2017-3",95
2017,"Marzo","Kazajistán",16,2,14,18,3,"2017-3",96
2017,"Marzo","Kenia",17,4,13,21,3,"2017-3",92
2017,"Marzo","Kuwait",8,4,4,12,3,"2017-3",105
2017,"Marzo","República de Kosovo",1,3,-2,4,3,"2017-3",140
2017,"Marzo","Letonia",61,0,61,61,3,"2017-3",78
2017,"Marzo","Lituania",71,8,63,79,3,"2017-3",70
2017,"Marzo","Líbano",57,27,30,84,3,"2017-3",67
2017,"Marzo","Libia",1,0,1,1,3,"2017-3",189
2017,"Marzo","Liechtenstein",9,0,9,9,3,"2017-3",115
2017,"Marzo","Luxemburgo",31,18,13,49,3,"2017-3",81
2017,"Marzo","Macedonia",4,0,4,4,3,"2017-3",140
2017,"Marzo","Madagascar",2,0,2,2,3,"2017-3",171
2017,"Marzo","Malasia",59,5,54,64,3,"2017-3",76
2017,"Marzo","Malawi",3,0,3,3,3,"2017-3",153
2017,"Marzo","Malí",4,1,3,5,3,"2017-3",133
2017,"Marzo","Malta",8,49,-41,57,3,"2017-3",80
2017,"Marzo","Marruecos",18,13,5,31,3,"2017-3",87
2017,"Marzo","Mauricio",4,1,3,5,3,"2017-3",133
2017,"Marzo","México",12848,26795,-13947,39643,3,"2017-3",4
2017,"Marzo","República de Moldavia",4,0,4,4,3,"2017-3",140
2017,"Marzo","Mónaco",1,4,-3,5,3,"2017-3",133
2017,"Marzo","Mongolia",8,2,6,10,3,"2017-3",113
2017,"Marzo","Montenegro",2,1,1,3,3,"2017-3",153
2017,"Marzo","Mozambique",2,1,1,3,3,"2017-3",153
2017,"Marzo","Myanmar",1,0,1,1,3,"2017-3",189
2017,"Marzo","Nepal",3,0,3,3,3,"2017-3",153
2017,"Marzo","Nicaragua",243,243,0,486,3,"2017-3",45
2017,"Marzo","Nigeria",20,7,13,27,3,"2017-3",89
2017,"Marzo","Noruega",451,54,397,505,3,"2017-3",43
2017,"Marzo","Nueva Zelanda",209,58,151,267,3,"2017-3",51
2017,"Marzo","Omán",4,12,-8,16,3,"2017-3",98
2017,"Marzo","Pakistán",20,2,18,22,3,"2017-3",91
2017,"Marzo","Panamá",5612,30592,-24980,36204,3,"2017-3",6
2017,"Marzo","Paraguay",571,365,206,936,3,"2017-3",37
2017,"Marzo","Perú",11740,12297,-557,24037,3,"2017-3",8
2017,"Marzo","Palestina",6,3,3,9,3,"2017-3",115
2017,"Marzo","Polonia",434,32,402,466,3,"2017-3",47
2017,"Marzo","Portugal",842,143,699,985,3,"2017-3",35
2017,"Marzo","Qatar",1,13,-12,14,3,"2017-3",103
2017,"Marzo","Reino Unido de Gran Bretaña e Irlanda del Norte",4390,2748,1642,7138,3,"2017-3",14
2017,"Marzo","Federación de Rusia",448,43,405,491,3,"2017-3",44
2017,"Marzo","República Dominicana",1277,5565,-4288,6842,3,"2017-3",15
2017,"Marzo","Rumania",169,5,164,174,3,"2017-3",58
2017,"Marzo","Rwanda",1,0,1,1,3,"2017-3",189
2017,"Marzo","San Cristóbal y Nevis",2,0,2,2,3,"2017-3",171
2017,"Marzo","Samoa Occidental",1,0,1,1,3,"2017-3",189
2017,"Marzo","San  Vicente y las Granadinas",3,0,3,3,3,"2017-3",153
2017,"Marzo","Santa Lucia",8,0,8,8,3,"2017-3",119
2017,"Marzo","Santo Tomé y Príncipe",2,0,2,2,3,"2017-3",171
2017,"Marzo","Senegal",3,0,3,3,3,"2017-3",153
2017,"Marzo","Serbia",37,4,33,41,3,"2017-3",84
2017,"Marzo","Sierra Leona",2,0,2,2,3,"2017-3",171
2017,"Marzo","Singapur",73,44,29,117,3,"2017-3",60
2017,"Marzo","República Árabe Siria",3,0,3,3,3,"2017-3",153
2017,"Marzo","Somalia",1,0,1,1,3,"2017-3",189
2017,"Marzo","Sri Lanka",11,0,11,11,3,"2017-3",109
2017,"Marzo","Sudáfrica",145,25,120,170,3,"2017-3",59
2017,"Marzo","Sudán",1,2,-1,3,3,"2017-3",153
2017,"Marzo","Suecia",811,155,656,966,3,"2017-3",36
2017,"Marzo","Suiza",1525,495,1030,2020,3,"2017-3",26
2017,"Marzo","Surinam",47,16,31,63,3,"2017-3",77
2017,"Marzo","Taiwán",250,14,236,264,3,"2017-3",52
2017,"Marzo","República de Tayikistán",2,0,2,2,3,"2017-3",171
2017,"Marzo","Tailandia",28,74,-46,102,3,"2017-3",65
2017,"Marzo","Tanzania",2,4,-2,6,3,"2017-3",128
2017,"Marzo","República Democrática de Timor Oriental",2,0,2,2,3,"2017-3",171
2017,"Marzo","Togo",2,0,2,2,3,"2017-3",171
2017,"Marzo","Trinidad y Tobago",103,81,22,184,3,"2017-3",56
2017,"Marzo","Túnez",4,0,4,4,3,"2017-3",140
2017,"Marzo","Turquía",608,421,187,1029,3,"2017-3",34
2017,"Marzo","Ucrania",78,4,74,82,3,"2017-3",68
2017,"Marzo","Uganda",8,2,6,10,3,"2017-3",113
2017,"Marzo","Uruguay",1065,369,696,1434,3,"2017-3",29
2017,"Marzo","Venezuela",39787,15906,23881,55693,3,"2017-3",2
2017,"Marzo","Vietnam",22,6,16,28,3,"2017-3",88
2017,"Marzo","República Árabe de Yemen",1,0,1,1,3,"2017-3",189
2017,"Marzo","Zambia",3,0,3,3,3,"2017-3",153
2017,"Marzo","Zimbabue",8,0,8,8,3,"2017-3",119
2017,"Marzo","Islas Turcas y Caicos/Territorio Británico de Ultramar",2,0,2,2,3,"2017-3",171
2017,"Marzo","Refugiado Otro",1,0,1,1,3,"2017-3",189
2017,"Marzo","Refugiado",2,0,2,2,3,"2017-3",171
2017,"Marzo","Desconocido",251,0,251,251,3,"2017-3",53
2017,"Abril","Afganistán",1,4,-3,5,4,"2017-4",136
2017,"Abril","Albania",6,4,2,10,4,"2017-4",110
2017,"Abril","Alemania",5150,2762,2388,7912,4,"2017-4",14
2017,"Abril","Andorra",10,0,10,10,4,"2017-4",110
2017,"Abril","Angola",1,8,-7,9,4,"2017-4",113
2017,"Abril","Antigua y Barbuda",7,12,-5,19,4,"2017-4",96
2017,"Abril","Países Bajos",4748,2612,2136,7360,4,"2017-4",17
2017,"Abril","Arabia Saudita",6,73,-67,79,4,"2017-4",72
2017,"Abril","Argelia",3,4,-1,7,4,"2017-4",125
2017,"Abril","Argentina",15951,6156,9795,22107,4,"2017-4",9
2017,"Abril","República de Armenia",4,2,2,6,4,"2017-4",130
2017,"Abril","Aruba",1,4207,-4206,4208,4,"2017-4",21
2017,"Abril","Australia",1164,629,535,1793,4,"2017-4",28
2017,"Abril","Austria",440,87,353,527,4,"2017-4",43
2017,"Abril","Azerbaiyán",5,4,1,9,4,"2017-4",113
2017,"Abril","Bahamas",24,112,-88,136,4,"2017-4",60
2017,"Abril","Bahréin",1,6,-5,7,4,"2017-4",125
2017,"Abril","Bangladesh",6,0,6,6,4,"2017-4",130
2017,"Abril","Barbados",27,284,-257,311,4,"2017-4",50
2017,"Abril","República de Belarús",13,0,13,13,4,"2017-4",105
2017,"Abril","Bélgica",767,223,544,990,4,"2017-4",35
2017,"Abril","Belice",8,34,-26,42,4,"2017-4",82
2017,"Abril","Bermudas/Territorio Británico de Ultramar",2,2,0,4,4,"2017-4",142
2017,"Abril","Bolivia",1467,1123,344,2590,4,"2017-4",24
2017,"Abril","Bosnia y Herzegovina",6,2,4,8,4,"2017-4",120
2017,"Abril","Brasil",15667,8490,7177,24157,4,"2017-4",7
2017,"Abril","Bulgaria",75,5,70,80,4,"2017-4",69
2017,"Abril","Burkina Faso",6,0,6,6,4,"2017-4",130
2017,"Abril","Burundi",1,0,1,1,4,"2017-4",184
2017,"Abril","Islas Caimán/Territorio Británico de Ultramar",15,59,-44,74,4,"2017-4",76
2017,"Abril","Camerún",3,1,2,4,4,"2017-4",142
2017,"Abril","Canadá",3768,4124,-356,7892,4,"2017-4",15
2017,"Abril","España",10317,28769,-18452,39086,4,"2017-4",6
2017,"Abril","República Democrática del Congo",3,1,2,4,4,"2017-4",142
2017,"Abril","República de Corea",742,43,699,785,4,"2017-4",38
2017,"Abril","Costa de Marfil",6,33,-27,39,4,"2017-4",83
2017,"Abril","Costa Rica",4769,3374,1395,8143,4,"2017-4",13
2017,"Abril","Croacia",92,17,75,109,4,"2017-4",62
2017,"Abril","Cuba",683,3357,-2674,4040,4,"2017-4",22
2017,"Abril","República Checa",167,23,144,190,4,"2017-4",54
2017,"Abril","Chile",10381,10092,289,20473,4,"2017-4",10
2017,"Abril","China",1323,1105,218,2428,4,"2017-4",26
2017,"Abril","Chipre",9,6,3,15,4,"2017-4",103
2017,"Abril","Dinamarca",472,41,431,513,4,"2017-4",44
2017,"Abril","Dominica",7,1,6,8,4,"2017-4",120
2017,"Abril","Ecuador",14406,26209,-11803,40615,4,"2017-4",4
2017,"Abril","Egipto",24,71,-47,95,4,"2017-4",67
2017,"Abril","El Salvador",2731,2004,727,4735,4,"2017-4",19
2017,"Abril","Emiratos Árabes",14,469,-455,483,4,"2017-4",45
2017,"Abril","Eritrea",1,1,0,2,4,"2017-4",160
2017,"Abril","Eslovaquia",69,0,69,69,4,"2017-4",78
2017,"Abril","Eslovenia",77,2,75,79,4,"2017-4",72
2017,"Abril","Estados Unidos de América",39838,105689,-65851,145527,4,"2017-4",1
2017,"Abril","Estonia",13,1,12,14,4,"2017-4",104
2017,"Abril","Etiopia",9,9,0,18,4,"2017-4",98
2017,"Abril","Filipinas",405,11,394,416,4,"2017-4",49
2017,"Abril","Finlandia",145,17,128,162,4,"2017-4",58
2017,"Abril","Francia",5684,2987,2697,8671,4,"2017-4",12
2017,"Abril","Georgia",16,1,15,17,4,"2017-4",100
2017,"Abril","Ghana",14,4,10,18,4,"2017-4",98
2017,"Abril","Granada",5,2,3,7,4,"2017-4",125
2017,"Abril","Grecia",170,47,123,217,4,"2017-4",53
2017,"Abril","Guatemala",2076,1651,425,3727,4,"2017-4",23
2017,"Abril","Guyana",17,10,7,27,4,"2017-4",87
2017,"Abril","Guinea Bissau",3,0,3,3,4,"2017-4",152
2017,"Abril","Haití",34,41,-7,75,4,"2017-4",75
2017,"Abril","Honduras",1041,402,639,1443,4,"2017-4",31
2017,"Abril","Hong Kong",10,101,-91,111,4,"2017-4",61
2017,"Abril","Hungría",90,10,80,100,4,"2017-4",66
2017,"Abril","India",597,69,528,666,4,"2017-4",41
2017,"Abril","Indonesia",93,8,85,101,4,"2017-4",65
2017,"Abril","Iraq",4,5,-1,9,4,"2017-4",113
2017,"Abril","Irán",9,3,6,12,4,"2017-4",107
2017,"Abril","República de Irlanda",413,45,368,458,4,"2017-4",46
2017,"Abril","Islandia",27,9,18,36,4,"2017-4",84
2017,"Abril","Israel",2341,227,2114,2568,4,"2017-4",25
2017,"Abril","Italia",3147,1499,1648,4646,4,"2017-4",20
2017,"Abril","Jamaica",78,5417,-5339,5495,4,"2017-4",18
2017,"Abril","Japón",690,244,446,934,4,"2017-4",36
2017,"Abril","Jordania",11,6,5,17,4,"2017-4",100
2017,"Abril","Kazajistán",10,2,8,12,4,"2017-4",107
2017,"Abril","Kenia",26,8,18,34,4,"2017-4",85
2017,"Abril","Kiribati",1,0,1,1,4,"2017-4",184
2017,"Abril","Kuwait",7,1,6,8,4,"2017-4",120
2017,"Abril","República de Kosovo",2,0,2,2,4,"2017-4",160
2017,"Abril","Letonia",22,1,21,23,4,"2017-4",91
2017,"Abril","Lituania",72,1,71,73,4,"2017-4",77
2017,"Abril","Líbano",48,33,15,81,4,"2017-4",68
2017,"Abril","Liberia",1,0,1,1,4,"2017-4",184
2017,"Abril","Libia",2,0,2,2,4,"2017-4",160
2017,"Abril","Liechtenstein",7,1,6,8,4,"2017-4",120
2017,"Abril","Luxemburgo",13,9,4,22,4,"2017-4",94
2017,"Abril","Macedonia",8,0,8,8,4,"2017-4",120
2017,"Abril","Madagascar",1,0,1,1,4,"2017-4",184
2017,"Abril","Malasia",42,3,39,45,4,"2017-4",81
2017,"Abril","Malawi",1,0,1,1,4,"2017-4",184
2017,"Abril","Malí",1,0,1,1,4,"2017-4",184
2017,"Abril","Malta",25,35,-10,60,4,"2017-4",80
2017,"Abril","Marruecos",34,45,-11,79,4,"2017-4",72
2017,"Abril","Mauricio",15,0,15,15,4,"2017-4",103
2017,"Abril","México",15181,32591,-17410,47772,4,"2017-4",3
2017,"Abril","República de Moldavia",3,0,3,3,4,"2017-4",152
2017,"Abril","Mónaco",3,4,-1,7,4,"2017-4",125
2017,"Abril","Montenegro",6,0,6,6,4,"2017-4",130
2017,"Abril","Mozambique",6,0,6,6,4,"2017-4",130
2017,"Abril","Myanmar",19,3,16,22,4,"2017-4",94
2017,"Abril","Nepal",4,0,4,4,4,"2017-4",142
2017,"Abril","Nicaragua",277,257,20,534,4,"2017-4",42
2017,"Abril","Nigeria",16,6,10,22,4,"2017-4",94
2017,"Abril","Noruega",373,50,323,423,4,"2017-4",47
2017,"Abril","Nueva Zelanda",206,74,132,280,4,"2017-4",51
2017,"Abril","Omán",2,3,-1,5,4,"2017-4",136
2017,"Abril","Pakistán",21,2,19,23,4,"2017-4",91
2017,"Abril","Panamá",8049,31123,-23074,39172,4,"2017-4",5
2017,"Abril","Paraguay",620,421,199,1041,4,"2017-4",34
2017,"Abril","Perú",10386,13425,-3039,23811,4,"2017-4",8
2017,"Abril","Palestina",2,1,1,3,4,"2017-4",152
2017,"Abril","Polonia",395,23,372,418,4,"2017-4",48
2017,"Abril","Portugal",902,199,703,1101,4,"2017-4",33
2017,"Abril","Reino Unido de Gran Bretaña e Irlanda del Norte",4576,3214,1362,7790,4,"2017-4",16
2017,"Abril","Federación de Rusia",602,118,484,720,4,"2017-4",39
2017,"Abril","República Dominicana",1897,7319,-5422,9216,4,"2017-4",11
2017,"Abril","Rumania",149,8,141,157,4,"2017-4",59
2017,"Abril","San Cristóbal y Nevis",3,0,3,3,4,"2017-4",152
2017,"Abril","San Marino",1,1,0,2,4,"2017-4",160
2017,"Abril","San  Vicente y las Granadinas",4,1,3,5,4,"2017-4",136
2017,"Abril","Santa Lucia",7,1,6,8,4,"2017-4",120
2017,"Abril","Senegal",3,0,3,3,4,"2017-4",152
2017,"Abril","Serbia",31,0,31,31,4,"2017-4",86
2017,"Abril","Sierra Leona",1,0,1,1,4,"2017-4",184
2017,"Abril","Singapur",47,31,16,78,4,"2017-4",73
2017,"Abril","República Árabe Siria",11,0,11,11,4,"2017-4",108
2017,"Abril","Sri Lanka",11,5,6,16,4,"2017-4",101
2017,"Abril","Sudáfrica",146,30,116,176,4,"2017-4",56
2017,"Abril","Sudán",2,2,0,4,4,"2017-4",142
2017,"Abril","Suecia",616,187,429,803,4,"2017-4",37
2017,"Abril","Suiza",1525,512,1013,2037,4,"2017-4",27
2017,"Abril","Surinam",70,6,64,76,4,"2017-4",74
2017,"Abril","Taiwán",184,5,179,189,4,"2017-4",55
2017,"Abril","Tailandia",29,72,-43,101,4,"2017-4",65
2017,"Abril","Tanzania",1,0,1,1,4,"2017-4",184
2017,"Abril","Togo",1,0,1,1,4,"2017-4",184
2017,"Abril","Trinidad y Tobago",95,75,20,170,4,"2017-4",57
2017,"Abril","Túnez",13,11,2,24,4,"2017-4",89
2017,"Abril","Turquía",407,746,-339,1153,4,"2017-4",32
2017,"Abril","Ucrania",100,2,98,102,4,"2017-4",63
2017,"Abril","Uganda",5,0,5,5,4,"2017-4",136
2017,"Abril","Uruguay",1272,323,949,1595,4,"2017-4",30
2017,"Abril","Venezuela",43631,16581,27050,60212,4,"2017-4",2
2017,"Abril","Vietnam",9,15,-6,24,4,"2017-4",89
2017,"Abril","República Árabe de Yemen",1,0,1,1,4,"2017-4",184
2017,"Abril","Zimbabue",3,0,3,3,4,"2017-4",152
2017,"Abril","Anguila/Territorio Británico de Ultramar",1,0,1,1,4,"2017-4",184
2017,"Abril","Refugiado",3,0,3,3,4,"2017-4",152
2017,"Abril","Desconocido",247,0,247,247,4,"2017-4",52
2017,"Mayo","Afganistán",2,4,-2,6,5,"2017-5",134
2017,"Mayo","Albania",5,7,-2,12,5,"2017-5",111
2017,"Mayo","Alemania",4263,3241,1022,7504,5,"2017-5",13
2017,"Mayo","Andorra",10,2,8,12,5,"2017-5",111
2017,"Mayo","Angola",1,9,-8,10,5,"2017-5",119
2017,"Mayo","Antigua y Barbuda",5,3,2,8,5,"2017-5",125
2017,"Mayo","Países Bajos",3663,2961,702,6624,5,"2017-5",16
2017,"Mayo","Arabia Saudita",9,31,-22,40,5,"2017-5",82
2017,"Mayo","Argelia",15,6,9,21,5,"2017-5",94
2017,"Mayo","Argentina",15179,5515,9664,20694,5,"2017-5",9
2017,"Mayo","República de Armenia",2,0,2,2,5,"2017-5",163
2017,"Mayo","Aruba",1,5591,-5590,5592,5,"2017-5",18
2017,"Mayo","Australia",1218,539,679,1757,5,"2017-5",27
2017,"Mayo","Austria",370,125,245,495,5,"2017-5",42
2017,"Mayo","Azerbaiyán",18,0,18,18,5,"2017-5",102
2017,"Mayo","Bahamas",34,47,-13,81,5,"2017-5",64
2017,"Mayo","Bahréin",1,9,-8,10,5,"2017-5",119
2017,"Mayo","Bangladesh",20,2,18,22,5,"2017-5",93
2017,"Mayo","Barbados",44,278,-234,322,5,"2017-5",47
2017,"Mayo","República de Belarús",10,0,10,10,5,"2017-5",119
2017,"Mayo","Bélgica",683,177,506,860,5,"2017-5",36
2017,"Mayo","Belice",26,31,-5,57,5,"2017-5",74
2017,"Mayo","Bermudas/Territorio Británico de Ultramar",3,10,-7,13,5,"2017-5",109
2017,"Mayo","Bolivia",1987,929,1058,2916,5,"2017-5",23
2017,"Mayo","Bosnia y Herzegovina",7,13,-6,20,5,"2017-5",98
2017,"Mayo","Brasil",16224,7127,9097,23351,5,"2017-5",8
2017,"Mayo","Bulgaria",73,2,71,75,5,"2017-5",66
2017,"Mayo","Burkina Faso",2,0,2,2,5,"2017-5",163
2017,"Mayo","Islas Caimán/Territorio Británico de Ultramar",5,9,-4,14,5,"2017-5",108
2017,"Mayo","Camerún",6,1,5,7,5,"2017-5",130
2017,"Mayo","Canadá",3484,4597,-1113,8081,5,"2017-5",11
2017,"Mayo","España",9133,36727,-27594,45860,5,"2017-5",3
2017,"Mayo","República Democrática del Congo",22,1,21,23,5,"2017-5",92
2017,"Mayo","República de Corea",716,44,672,760,5,"2017-5",38
2017,"Mayo","Costa de Marfil",10,14,-4,24,5,"2017-5",91
2017,"Mayo","Costa Rica",3577,2882,695,6459,5,"2017-5",17
2017,"Mayo","Croacia",82,18,64,100,5,"2017-5",60
2017,"Mayo","Cuba",625,3119,-2494,3744,5,"2017-5",21
2017,"Mayo","República Checa",119,74,45,193,5,"2017-5",53
2017,"Mayo","Chile",10730,8422,2308,19152,5,"2017-5",10
2017,"Mayo","China",1653,835,818,2488,5,"2017-5",24
2017,"Mayo","Chipre",7,0,7,7,5,"2017-5",130
2017,"Mayo","Dinamarca",293,91,202,384,5,"2017-5",46
2017,"Mayo","Dominica",8,0,8,8,5,"2017-5",125
2017,"Mayo","Ecuador",14712,19531,-4819,34243,5,"2017-5",6
2017,"Mayo","Egipto",25,41,-16,66,5,"2017-5",68
2017,"Mayo","El Salvador",2387,2021,366,4408,5,"2017-5",20
2017,"Mayo","Emiratos Árabes",29,218,-189,247,5,"2017-5",51
2017,"Mayo","Eslovaquia",52,1,51,53,5,"2017-5",75
2017,"Mayo","Eslovenia",48,3,45,51,5,"2017-5",76
2017,"Mayo","Estados Unidos de América",41896,101759,-59863,143655,5,"2017-5",1
2017,"Mayo","Estonia",34,4,30,38,5,"2017-5",83
2017,"Mayo","Etiopia",6,3,3,9,5,"2017-5",121
2017,"Mayo","Islas Fiji",1,0,1,1,5,"2017-5",176
2017,"Mayo","Filipinas",281,7,274,288,5,"2017-5",50
2017,"Mayo","Finlandia",139,15,124,154,5,"2017-5",57
2017,"Mayo","Francia",4651,3314,1337,7965,5,"2017-5",12
2017,"Mayo","Georgia",18,2,16,20,5,"2017-5",98
2017,"Mayo","Ghana",14,6,8,20,5,"2017-5",98
2017,"Mayo","Granada",8,2,6,10,5,"2017-5",119
2017,"Mayo","Grecia",90,59,31,149,5,"2017-5",58
2017,"Mayo","Guatemala",2028,1606,422,3634,5,"2017-5",22
2017,"Mayo","Guyana",28,15,13,43,5,"2017-5",80
2017,"Mayo","Guinea",1,0,1,1,5,"2017-5",176
2017,"Mayo","Haití",49,25,24,74,5,"2017-5",67
2017,"Mayo","Honduras",878,362,516,1240,5,"2017-5",30
2017,"Mayo","Hong Kong",10,48,-38,58,5,"2017-5",73
2017,"Mayo","Hungría",79,18,61,97,5,"2017-5",61
2017,"Mayo","India",740,55,685,795,5,"2017-5",37
2017,"Mayo","Indonesia",58,3,55,61,5,"2017-5",71
2017,"Mayo","Irán",28,1,27,29,5,"2017-5",89
2017,"Mayo","República de Irlanda",446,21,425,467,5,"2017-5",44
2017,"Mayo","Islandia",30,4,26,34,5,"2017-5",85
2017,"Mayo","Israel",1847,237,1610,2084,5,"2017-5",25
2017,"Mayo","Italia",2755,1776,979,4531,5,"2017-5",19
2017,"Mayo","Jamaica",66,964,-898,1030,5,"2017-5",34
2017,"Mayo","Japón",693,224,469,917,5,"2017-5",35
2017,"Mayo","Jordania",10,6,4,16,5,"2017-5",106
2017,"Mayo","Kazajistán",15,2,13,17,5,"2017-5",104
2017,"Mayo","Kenia",9,8,1,17,5,"2017-5",104
2017,"Mayo","Kiribati",1,0,1,1,5,"2017-5",176
2017,"Mayo","Kuwait",2,1,1,3,5,"2017-5",154
2017,"Mayo","República de Kosovo",3,0,3,3,5,"2017-5",154
2017,"Mayo","Letonia",19,1,18,20,5,"2017-5",98
2017,"Mayo","Lituania",40,3,37,43,5,"2017-5",80
2017,"Mayo","Líbano",53,28,25,81,5,"2017-5",64
2017,"Mayo","Liechtenstein",3,0,3,3,5,"2017-5",154
2017,"Mayo","Luxemburgo",23,9,14,32,5,"2017-5",87
2017,"Mayo","Macedonia",5,0,5,5,5,"2017-5",141
2017,"Mayo","Madagascar",1,0,1,1,5,"2017-5",176
2017,"Mayo","Malasia",39,10,29,49,5,"2017-5",78
2017,"Mayo","Malawi",1,0,1,1,5,"2017-5",176
2017,"Mayo","Malí",2,1,1,3,5,"2017-5",154
2017,"Mayo","Malta",14,44,-30,58,5,"2017-5",73
2017,"Mayo","Marruecos",22,11,11,33,5,"2017-5",86
2017,"Mayo","Mauricio",7,1,6,8,5,"2017-5",125
2017,"Mayo","México",13847,29937,-16090,43784,5,"2017-5",4
2017,"Mayo","República de Moldavia",11,0,11,11,5,"2017-5",113
2017,"Mayo","Mónaco",1,3,-2,4,5,"2017-5",146
2017,"Mayo","Mongolia",1,2,-1,3,5,"2017-5",154
2017,"Mayo","Montenegro",4,1,3,5,5,"2017-5",141
2017,"Mayo","Mozambique",2,1,1,3,5,"2017-5",154
2017,"Mayo","Myanmar",3,2,1,5,5,"2017-5",141
2017,"Mayo","Namibia",1,0,1,1,5,"2017-5",176
2017,"Mayo","Nepal",2,0,2,2,5,"2017-5",163
2017,"Mayo","Nicaragua",285,273,12,558,5,"2017-5",41
2017,"Mayo","Nigeria",26,14,12,40,5,"2017-5",82
2017,"Mayo","Noruega",249,53,196,302,5,"2017-5",49
2017,"Mayo","Nueva Zelanda",288,33,255,321,5,"2017-5",48
2017,"Mayo","Pakistán",28,1,27,29,5,"2017-5",89
2017,"Mayo","Panamá",6053,29759,-23706,35812,5,"2017-5",5
2017,"Mayo","Paraguay",752,421,331,1173,5,"2017-5",31
2017,"Mayo","Perú",11953,12154,-201,24107,5,"2017-5",7
2017,"Mayo","Palestina",1,0,1,1,5,"2017-5",176
2017,"Mayo","Polonia",367,51,316,418,5,"2017-5",45
2017,"Mayo","Portugal",733,369,364,1102,5,"2017-5",33
2017,"Mayo","Puerto Rico/Territorio de Estados Unidos",1,1131,-1130,1132,5,"2017-5",32
2017,"Mayo","Qatar",1,8,-7,9,5,"2017-5",121
2017,"Mayo","Reino Unido de Gran Bretaña e Irlanda del Norte",3752,3085,667,6837,5,"2017-5",15
2017,"Mayo","República CentroÁfricana",1,3,-2,4,5,"2017-5",146
2017,"Mayo","Federación de Rusia",402,90,312,492,5,"2017-5",43
2017,"Mayo","República Dominicana",1414,6022,-4608,7436,5,"2017-5",14
2017,"Mayo","Rumania",152,7,145,159,5,"2017-5",56
2017,"Mayo","Rwanda",13,1,12,14,5,"2017-5",108
2017,"Mayo","San Cristóbal y Nevis",6,1,5,7,5,"2017-5",130
2017,"Mayo","San Marino",2,0,2,2,5,"2017-5",163
2017,"Mayo","San  Vicente y las Granadinas",11,5,6,16,5,"2017-5",106
2017,"Mayo","Santa Lucia",5,0,5,5,5,"2017-5",141
2017,"Mayo","Santa Sede/Ciudad del Vaticano",5,0,5,5,5,"2017-5",141
2017,"Mayo","Senegal",4,0,4,4,5,"2017-5",146
2017,"Mayo","Serbia",24,3,21,27,5,"2017-5",90
2017,"Mayo","Sierra Leona",1,1,0,2,5,"2017-5",163
2017,"Mayo","Singapur",54,28,26,82,5,"2017-5",62
2017,"Mayo","República Árabe Siria",2,0,2,2,5,"2017-5",163
2017,"Mayo","Sri Lanka",4,1,3,5,5,"2017-5",141
2017,"Mayo","Sudáfrica",101,32,69,133,5,"2017-5",59
2017,"Mayo","Sudán",2,1,1,3,5,"2017-5",154
2017,"Mayo","Suecia",468,225,243,693,5,"2017-5",39
2017,"Mayo","Suiza",1160,523,637,1683,5,"2017-5",28
2017,"Mayo","Surinam",54,8,46,62,5,"2017-5",70
2017,"Mayo","Taiwán",157,8,149,165,5,"2017-5",55
2017,"Mayo","Tailandia",30,34,-4,64,5,"2017-5",69
2017,"Mayo","Tanzania",2,2,0,4,5,"2017-5",146
2017,"Mayo","Trinidad y Tobago",95,84,11,179,5,"2017-5",54
2017,"Mayo","Túnez",14,4,10,18,5,"2017-5",102
2017,"Mayo","Turquía",451,918,-467,1369,5,"2017-5",29
2017,"Mayo","Ucrania",75,3,72,78,5,"2017-5",65
2017,"Mayo","Uganda",18,1,17,19,5,"2017-5",100
2017,"Mayo","Uruguay",1280,572,708,1852,5,"2017-5",26
2017,"Mayo","Venezuela",45845,10825,35020,56670,5,"2017-5",2
2017,"Mayo","Vietnam",30,5,25,35,5,"2017-5",84
2017,"Mayo","Zambia",10,0,10,10,5,"2017-5",119
2017,"Mayo","Zimbabue",11,0,11,11,5,"2017-5",113
2017,"Mayo","Anguila/Territorio Británico de Ultramar",1,0,1,1,5,"2017-5",176
2017,"Mayo","Refugiado",5,0,5,5,5,"2017-5",141
2017,"Mayo","Desconocido",229,0,229,229,5,"2017-5",52
2017,"Junio","Albania",5,7,-2,12,6,"2017-6",106
2017,"Junio","Alemania",4165,4041,124,8206,6,"2017-6",16
2017,"Junio","Andorra",12,3,9,15,6,"2017-6",101
2017,"Junio","Antigua y Barbuda",3,4,-1,7,6,"2017-6",124
2017,"Junio","Países Bajos",3515,3405,110,6920,6,"2017-6",17
2017,"Junio","Arabia Saudita",13,34,-21,47,6,"2017-6",78
2017,"Junio","Argelia",9,14,-5,23,6,"2017-6",89
2017,"Junio","Argentina",13257,5962,7295,19219,6,"2017-6",10
2017,"Junio","República de Armenia",6,0,6,6,6,"2017-6",131
2017,"Junio","Australia",1357,720,637,2077,6,"2017-6",26
2017,"Junio","Austria",404,129,275,533,6,"2017-6",43
2017,"Junio","Azerbaiyán",5,4,1,9,6,"2017-6",112
2017,"Junio","Bahamas",26,102,-76,128,6,"2017-6",63
2017,"Junio","Bangladesh",2,1,1,3,6,"2017-6",153
2017,"Junio","Barbados",16,341,-325,357,6,"2017-6",49
2017,"Junio","República de Belarús",14,1,13,15,6,"2017-6",101
2017,"Junio","Bélgica",861,287,574,1148,6,"2017-6",31
2017,"Junio","Belice",28,37,-9,65,6,"2017-6",74
2017,"Junio","Bermudas/Territorio Británico de Ultramar",5,8,-3,13,6,"2017-6",104
2017,"Junio","Bolivia",1696,897,799,2593,6,"2017-6",23
2017,"Junio","Bosnia y Herzegovina",2,0,2,2,6,"2017-6",166
2017,"Junio","Brasil",14511,7935,6576,22446,6,"2017-6",8
2017,"Junio","Bulgaria",57,9,48,66,6,"2017-6",73
2017,"Junio","Burkina Faso",3,0,3,3,6,"2017-6",153
2017,"Junio","Cabo Verde",1,2,-1,3,6,"2017-6",153
2017,"Junio","Islas Caimán/Territorio Británico de Ultramar",5,15,-10,20,6,"2017-6",95
2017,"Junio","Camboya",1,0,1,1,6,"2017-6",184
2017,"Junio","Camerún",6,2,4,8,6,"2017-6",118
2017,"Junio","Canadá",3549,6610,-3061,10159,6,"2017-6",12
2017,"Junio","Chad",1,0,1,1,6,"2017-6",184
2017,"Junio","España",9922,42988,-33066,52910,6,"2017-6",4
2017,"Junio","República Democrática del Congo",7,0,7,7,6,"2017-6",124
2017,"Junio","República de Corea",887,65,822,952,6,"2017-6",37
2017,"Junio","Costa de Marfil",8,14,-6,22,6,"2017-6",90
2017,"Junio","Costa Rica",3217,3222,-5,6439,6,"2017-6",18
2017,"Junio","Croacia",59,25,34,84,6,"2017-6",66
2017,"Junio","Cuba",753,4352,-3599,5105,6,"2017-6",19
2017,"Junio","República Checa",102,47,55,149,6,"2017-6",60
2017,"Junio","Chile",10443,9863,580,20306,6,"2017-6",9
2017,"Junio","China",1453,715,738,2168,6,"2017-6",25
2017,"Junio","Chipre",7,1,6,8,6,"2017-6",118
2017,"Junio","Dinamarca",361,111,250,472,6,"2017-6",45
2017,"Junio","Dominica",6,1,5,7,6,"2017-6",124
2017,"Junio","Ecuador",11483,25156,-13673,36639,6,"2017-6",6
2017,"Junio","Egipto",27,109,-82,136,6,"2017-6",62
2017,"Junio","El Salvador",1879,2151,-272,4030,6,"2017-6",21
2017,"Junio","Emiratos Árabes",10,399,-389,409,6,"2017-6",46
2017,"Junio","Eritrea",1,0,1,1,6,"2017-6",184
2017,"Junio","Eslovaquia",56,3,53,59,6,"2017-6",76
2017,"Junio","Eslovenia",49,5,44,54,6,"2017-6",77
2017,"Junio","Estados Unidos de América",56450,135649,-79199,192099,6,"2017-6",1
2017,"Junio","Estonia",26,7,19,33,6,"2017-6",84
2017,"Junio","Etiopia",10,3,7,13,6,"2017-6",104
2017,"Junio","Islas Fiji",2,0,2,2,6,"2017-6",166
2017,"Junio","Filipinas",356,6,350,362,6,"2017-6",48
2017,"Junio","Finlandia",146,35,111,181,6,"2017-6",57
2017,"Junio","Francia",4733,6098,-1365,10831,6,"2017-6",11
2017,"Junio","Georgia",16,0,16,16,6,"2017-6",99
2017,"Junio","Ghana",17,3,14,20,6,"2017-6",95
2017,"Junio","Granada",4,1,3,5,6,"2017-6",134
2017,"Junio","Grecia",107,131,-24,238,6,"2017-6",52
2017,"Junio","Guatemala",1708,1666,42,3374,6,"2017-6",22
2017,"Junio","Guyana",23,23,0,46,6,"2017-6",80
2017,"Junio","Guinea",8,1,7,9,6,"2017-6",112
2017,"Junio","Haití",45,26,19,71,6,"2017-6",69
2017,"Junio","Honduras",631,456,175,1087,6,"2017-6",33
2017,"Junio","Hong Kong",8,51,-43,59,6,"2017-6",76
2017,"Junio","Hungría",90,33,57,123,6,"2017-6",64
2017,"Junio","India",589,55,534,644,6,"2017-6",39
2017,"Junio","Indonesia",65,12,53,77,6,"2017-6",67
2017,"Junio","Iraq",1,6,-5,7,6,"2017-6",124
2017,"Junio","Irán",15,5,10,20,6,"2017-6",95
2017,"Junio","República de Irlanda",505,41,464,546,6,"2017-6",41
2017,"Junio","Islandia",26,3,23,29,6,"2017-6",85
2017,"Junio","Israel",1220,313,907,1533,6,"2017-6",29
2017,"Junio","Italia",2795,1960,835,4755,6,"2017-6",20
2017,"Junio","Jamaica",83,122,-39,205,6,"2017-6",54
2017,"Junio","Japón",717,342,375,1059,6,"2017-6",34
2017,"Junio","Jordania",14,9,5,23,6,"2017-6",89
2017,"Junio","Kazajistán",6,3,3,9,6,"2017-6",112
2017,"Junio","Kenia",17,18,-1,35,6,"2017-6",83
2017,"Junio","Kirguistán",2,0,2,2,6,"2017-6",166
2017,"Junio","Kuwait",2,6,-4,8,6,"2017-6",118
2017,"Junio","República de Kosovo",1,0,1,1,6,"2017-6",184
2017,"Junio","República Democrática Popular  Lao",2,2,0,4,6,"2017-6",143
2017,"Junio","Letonia",20,0,20,20,6,"2017-6",95
2017,"Junio","Lituania",65,3,62,68,6,"2017-6",70
2017,"Junio","Líbano",47,137,-90,184,6,"2017-6",56
2017,"Junio","Liechtenstein",7,0,7,7,6,"2017-6",124
2017,"Junio","Luxemburgo",14,14,0,28,6,"2017-6",86
2017,"Junio","Macedonia",4,0,4,4,6,"2017-6",143
2017,"Junio","Madagascar",4,0,4,4,6,"2017-6",143
2017,"Junio","Malasia",45,1,44,46,6,"2017-6",80
2017,"Junio","Malí",2,0,2,2,6,"2017-6",166
2017,"Junio","Malta",16,50,-34,66,6,"2017-6",73
2017,"Junio","Marruecos",16,21,-5,37,6,"2017-6",82
2017,"Junio","Mauricio",4,0,4,4,6,"2017-6",143
2017,"Junio","Mauritania",1,2,-1,3,6,"2017-6",153
2017,"Junio","México",14004,41477,-27473,55481,6,"2017-6",3
2017,"Junio","República de Moldavia",9,0,9,9,6,"2017-6",112
2017,"Junio","Mónaco",1,2,-1,3,6,"2017-6",153
2017,"Junio","Mongolia",10,0,10,10,6,"2017-6",108
2017,"Junio","Montenegro",4,0,4,4,6,"2017-6",143
2017,"Junio","Mozambique",1,0,1,1,6,"2017-6",184
2017,"Junio","Myanmar",2,0,2,2,6,"2017-6",166
2017,"Junio","Namibia",2,1,1,3,6,"2017-6",153
2017,"Junio","Nepal",6,0,6,6,6,"2017-6",131
2017,"Junio","Nicaragua",229,272,-43,501,6,"2017-6",44
2017,"Junio","Nigeria",15,5,10,20,6,"2017-6",95
2017,"Junio","Noruega",542,100,442,642,6,"2017-6",40
2017,"Junio","Nueva Zelanda",253,67,186,320,6,"2017-6",50
2017,"Junio","Omán",3,5,-2,8,6,"2017-6",118
2017,"Junio","Papúa Nueva Guinea",1,2,-1,3,6,"2017-6",153
2017,"Junio","Pakistán",16,2,14,18,6,"2017-6",97
2017,"Junio","Panamá",7165,35377,-28212,42542,6,"2017-6",5
2017,"Junio","Paraguay",705,382,323,1087,6,"2017-6",33
2017,"Junio","Perú",10809,14842,-4033,25651,6,"2017-6",7
2017,"Junio","Palestina",6,0,6,6,6,"2017-6",131
2017,"Junio","Polonia",313,57,256,370,6,"2017-6",47
2017,"Junio","Portugal",694,328,366,1022,6,"2017-6",35
2017,"Junio","Puerto Rico/Territorio de Estados Unidos",1,1585,-1584,1586,6,"2017-6",28
2017,"Junio","Qatar",1,12,-11,13,6,"2017-6",104
2017,"Junio","Reino Unido de Gran Bretaña e Irlanda del Norte",4089,4402,-313,8491,6,"2017-6",15
2017,"Junio","República CentroÁfricana",1,10,-9,11,6,"2017-6",107
2017,"Junio","Federación de Rusia",397,148,249,545,6,"2017-6",42
2017,"Junio","República Dominicana",1459,7920,-6461,9379,6,"2017-6",13
2017,"Junio","Rumania",155,15,140,170,6,"2017-6",58
2017,"Junio","San Cristóbal y Nevis",3,0,3,3,6,"2017-6",153
2017,"Junio","San Marino",2,0,2,2,6,"2017-6",166
2017,"Junio","San  Vicente y las Granadinas",1,5,-4,6,6,"2017-6",131
2017,"Junio","Santa Lucia",4,2,2,6,6,"2017-6",131
2017,"Junio","Santa Sede/Ciudad del Vaticano",2,0,2,2,6,"2017-6",166
2017,"Junio","Senegal",1,1,0,2,6,"2017-6",166
2017,"Junio","Serbia",23,0,23,23,6,"2017-6",89
2017,"Junio","Sierra Leona",2,0,2,2,6,"2017-6",166
2017,"Junio","Singapur",58,46,12,104,6,"2017-6",65
2017,"Junio","República Árabe Siria",3,0,3,3,6,"2017-6",153
2017,"Junio","Sri Lanka",3,0,3,3,6,"2017-6",153
2017,"Junio","Sudáfrica",146,42,104,188,6,"2017-6",55
2017,"Junio","Sudán",1,1,0,2,6,"2017-6",166
2017,"Junio","Suecia",753,259,494,1012,6,"2017-6",36
2017,"Junio","Suiza",1316,703,613,2019,6,"2017-6",27
2017,"Junio","Surinam",28,11,17,39,6,"2017-6",81
2017,"Junio","Taiwán",162,2,160,164,6,"2017-6",59
2017,"Junio","Tailandia",74,74,0,148,6,"2017-6",61
2017,"Junio","Tanzania",4,4,0,8,6,"2017-6",118
2017,"Junio","Togo",1,0,1,1,6,"2017-6",184
2017,"Junio","Trinidad y Tobago",103,102,1,205,6,"2017-6",54
2017,"Junio","Túnez",13,3,10,16,6,"2017-6",99
2017,"Junio","Turquía",497,849,-352,1346,6,"2017-6",30
2017,"Junio","Ucrania",64,3,61,67,6,"2017-6",71
2017,"Junio","Uganda",2,2,0,4,6,"2017-6",143
2017,"Junio","Uruguay",1556,660,896,2216,6,"2017-6",24
2017,"Junio","Uzbekistán",2,0,2,2,6,"2017-6",166
2017,"Junio","Venezuela",47088,14329,32759,61417,6,"2017-6",2
2017,"Junio","Vietnam",15,4,11,19,6,"2017-6",96
2017,"Junio","República Árabe de Yemen",1,0,1,1,6,"2017-6",184
2017,"Junio","Zambia",5,1,4,6,6,"2017-6",131
2017,"Junio","Zimbabue",10,2,8,12,6,"2017-6",106
2017,"Junio","Anguila/Territorio Británico de Ultramar",1,0,1,1,6,"2017-6",184
2017,"Junio","Refugiado",4,0,4,4,6,"2017-6",143
2017,"Junio","Desconocido",303,0,303,303,6,"2017-6",51
2017,"Julio","Afganistán",2,2,0,4,7,"2017-7",150
2017,"Julio","Albania",4,11,-7,15,7,"2017-7",112
2017,"Julio","Alemania",6268,2980,3288,9248,7,"2017-7",14
2017,"Julio","Andorra",12,1,11,13,7,"2017-7",118
2017,"Julio","Angola",10,6,4,16,7,"2017-7",111
2017,"Julio","Antigua y Barbuda",7,14,-7,21,7,"2017-7",101
2017,"Julio","Países Bajos",7283,2923,4360,10206,7,"2017-7",12
2017,"Julio","Arabia Saudita",9,59,-50,68,7,"2017-7",73
2017,"Julio","Argelia",13,11,2,24,7,"2017-7",97
2017,"Julio","Argentina",17608,5162,12446,22770,7,"2017-7",9
2017,"Julio","República de Armenia",5,2,3,7,7,"2017-7",135
2017,"Julio","Australia",1536,734,802,2270,7,"2017-7",25
2017,"Julio","Austria",806,118,688,924,7,"2017-7",34
2017,"Julio","Azerbaiyán",13,4,9,17,7,"2017-7",108
2017,"Julio","Bahamas",36,119,-83,155,7,"2017-7",60
2017,"Julio","Bahréin",5,14,-9,19,7,"2017-7",104
2017,"Julio","Bangladesh",9,4,5,13,7,"2017-7",118
2017,"Julio","Barbados",106,305,-199,411,7,"2017-7",48
2017,"Julio","República de Belarús",7,3,4,10,7,"2017-7",124
2017,"Julio","Bélgica",1682,319,1363,2001,7,"2017-7",28
2017,"Julio","Belice",41,39,2,80,7,"2017-7",68
2017,"Julio","Benín",2,0,2,2,7,"2017-7",170
2017,"Julio","Bermudas/Territorio Británico de Ultramar",9,143,-134,152,7,"2017-7",61
2017,"Julio","Bolivia",1976,876,1100,2852,7,"2017-7",24
2017,"Julio","Bosnia y Herzegovina",3,3,0,6,7,"2017-7",137
2017,"Julio","Brasil",18090,7075,11015,25165,7,"2017-7",8
2017,"Julio","Brunei Darussalam",2,0,2,2,7,"2017-7",170
2017,"Julio","Bulgaria",58,12,46,70,7,"2017-7",72
2017,"Julio","Burundi",1,0,1,1,7,"2017-7",183
2017,"Julio","Bután",3,0,3,3,7,"2017-7",156
2017,"Julio","Islas Caimán/Territorio Británico de Ultramar",7,21,-14,28,7,"2017-7",94
2017,"Julio","Camboya",4,1,3,5,7,"2017-7",146
2017,"Julio","Camerún",26,4,22,30,7,"2017-7",92
2017,"Julio","Canadá",4238,5442,-1204,9680,7,"2017-7",13
2017,"Julio","España",11465,30318,-18853,41783,7,"2017-7",4
2017,"Julio","República Del Congo",1,2,-1,3,7,"2017-7",156
2017,"Julio","República Democrática del Congo",7,0,7,7,7,"2017-7",135
2017,"Julio","República de Corea",788,59,729,847,7,"2017-7",37
2017,"Julio","Costa de Marfil",7,14,-7,21,7,"2017-7",101
2017,"Julio","Costa Rica",3927,3022,905,6949,7,"2017-7",18
2017,"Julio","Croacia",55,12,43,67,7,"2017-7",74
2017,"Julio","Cuba",886,3155,-2269,4041,7,"2017-7",21
2017,"Julio","República Checa",196,29,167,225,7,"2017-7",55
2017,"Julio","Chile",12869,9076,3793,21945,7,"2017-7",10
2017,"Julio","China",1496,585,911,2081,7,"2017-7",27
2017,"Julio","Chipre",18,1,17,19,7,"2017-7",104
2017,"Julio","Dinamarca",602,93,509,695,7,"2017-7",42
2017,"Julio","Dominica",10,1,9,11,7,"2017-7",121
2017,"Julio","Ecuador",15142,26010,-10868,41152,7,"2017-7",5
2017,"Julio","Egipto",59,34,25,93,7,"2017-7",65
2017,"Julio","El Salvador",2184,2427,-243,4611,7,"2017-7",20
2017,"Julio","Emiratos Árabes",26,256,-230,282,7,"2017-7",49
2017,"Julio","Eritrea",1,1,0,2,7,"2017-7",170
2017,"Julio","Eslovaquia",75,1,74,76,7,"2017-7",71
2017,"Julio","Eslovenia",85,5,80,90,7,"2017-7",66
2017,"Julio","Estados Unidos de América",54510,115817,-61307,170327,7,"2017-7",1
2017,"Julio","Estonia",36,6,30,42,7,"2017-7",87
2017,"Julio","Etiopia",6,3,3,9,7,"2017-7",128
2017,"Julio","Islas Fiji",3,0,3,3,7,"2017-7",156
2017,"Julio","Filipinas",271,9,262,280,7,"2017-7",50
2017,"Julio","Finlandia",154,24,130,178,7,"2017-7",59
2017,"Julio","Francia",8664,3620,5044,12284,7,"2017-7",11
2017,"Julio","Gabón",3,1,2,4,7,"2017-7",150
2017,"Julio","Georgia",9,2,7,11,7,"2017-7",121
2017,"Julio","Ghana",19,5,14,24,7,"2017-7",97
2017,"Julio","Granada",8,0,8,8,7,"2017-7",130
2017,"Julio","Grecia",134,72,62,206,7,"2017-7",57
2017,"Julio","Guatemala",1648,1844,-196,3492,7,"2017-7",22
2017,"Julio","Guyana",43,10,33,53,7,"2017-7",81
2017,"Julio","Guinea",1,1,0,2,7,"2017-7",170
2017,"Julio","Guinea Ecuatorial",2,3,-1,5,7,"2017-7",146
2017,"Julio","Haití",29,25,4,54,7,"2017-7",80
2017,"Julio","Honduras",890,469,421,1359,7,"2017-7",30
2017,"Julio","Hong Kong",13,34,-21,47,7,"2017-7",84
2017,"Julio","Hungría",117,14,103,131,7,"2017-7",62
2017,"Julio","India",715,60,655,775,7,"2017-7",39
2017,"Julio","Indonesia",76,23,53,99,7,"2017-7",64
2017,"Julio","Iraq",4,6,-2,10,7,"2017-7",124
2017,"Julio","Irán",24,4,20,28,7,"2017-7",94
2017,"Julio","República de Irlanda",705,22,683,727,7,"2017-7",40
2017,"Julio","Islandia",36,8,28,44,7,"2017-7",85
2017,"Julio","Israel",1072,167,905,1239,7,"2017-7",31
2017,"Julio","Italia",3535,1739,1796,5274,7,"2017-7",19
2017,"Julio","Jamaica",96,165,-69,261,7,"2017-7",51
2017,"Julio","Japón",657,152,505,809,7,"2017-7",38
2017,"Julio","Jordania",14,3,11,17,7,"2017-7",108
2017,"Julio","Kazajistán",6,12,-6,18,7,"2017-7",106
2017,"Julio","Kenia",30,13,17,43,7,"2017-7",86
2017,"Julio","Kiribati",6,0,6,6,7,"2017-7",137
2017,"Julio","Kuwait",9,12,-3,21,7,"2017-7",101
2017,"Julio","República de Kosovo",2,0,2,2,7,"2017-7",170
2017,"Julio","República Democrática Popular  Lao",4,0,4,4,7,"2017-7",150
2017,"Julio","Lesoto",1,0,1,1,7,"2017-7",183
2017,"Julio","Letonia",22,1,21,23,7,"2017-7",98
2017,"Julio","Lituania",49,5,44,54,7,"2017-7",80
2017,"Julio","Líbano",62,41,21,103,7,"2017-7",63
2017,"Julio","Liberia",1,1,0,2,7,"2017-7",170
2017,"Julio","Liechtenstein",15,1,14,16,7,"2017-7",111
2017,"Julio","Luxemburgo",36,15,21,51,7,"2017-7",83
2017,"Julio","Macedonia",5,0,5,5,7,"2017-7",146
2017,"Julio","Madagascar",5,0,5,5,7,"2017-7",146
2017,"Julio","Malasia",50,10,40,60,7,"2017-7",77
2017,"Julio","Malawi",2,0,2,2,7,"2017-7",170
2017,"Julio","Maldivas",1,0,1,1,7,"2017-7",183
2017,"Julio","Malta",18,39,-21,57,7,"2017-7",78
2017,"Julio","Marruecos",35,17,18,52,7,"2017-7",82
2017,"Julio","Mauricio",7,0,7,7,7,"2017-7",135
2017,"Julio","México",17850,34161,-16311,52011,7,"2017-7",3
2017,"Julio","República de Moldavia",2,0,2,2,7,"2017-7",170
2017,"Julio","Mónaco",1,7,-6,8,7,"2017-7",130
2017,"Julio","Mongolia",5,0,5,5,7,"2017-7",146
2017,"Julio","Montenegro",4,0,4,4,7,"2017-7",150
2017,"Julio","Mozambique",4,1,3,5,7,"2017-7",146
2017,"Julio","Myanmar",14,0,14,14,7,"2017-7",114
2017,"Julio","Namibia",1,0,1,1,7,"2017-7",183
2017,"Julio","Nepal",14,2,12,16,7,"2017-7",111
2017,"Julio","Nicaragua",355,301,54,656,7,"2017-7",44
2017,"Julio","Nigeria",27,7,20,34,7,"2017-7",90
2017,"Julio","Noruega",600,90,510,690,7,"2017-7",43
2017,"Julio","Nueva Zelanda",382,75,307,457,7,"2017-7",47
2017,"Julio","Omán",2,18,-16,20,7,"2017-7",102
2017,"Julio","Papúa Nueva Guinea",2,0,2,2,7,"2017-7",170
2017,"Julio","Pakistán",37,1,36,38,7,"2017-7",89
2017,"Julio","Panamá",6761,31351,-24590,38112,7,"2017-7",6
2017,"Julio","Paraguay",482,393,89,875,7,"2017-7",36
2017,"Julio","Perú",13271,12588,683,25859,7,"2017-7",7
2017,"Julio","Palestina",2,5,-3,7,7,"2017-7",135
2017,"Julio","Polonia",415,71,344,486,7,"2017-7",46
2017,"Julio","Portugal",862,205,657,1067,7,"2017-7",32
2017,"Julio","Qatar",2,23,-21,25,7,"2017-7",95
2017,"Julio","Reino Unido de Gran Bretaña e Irlanda del Norte",4945,3526,1419,8471,7,"2017-7",15
2017,"Julio","República CentroÁfricana",1,8,-7,9,7,"2017-7",128
2017,"Julio","Federación de Rusia",376,128,248,504,7,"2017-7",45
2017,"Julio","República Dominicana",1620,6521,-4901,8141,7,"2017-7",16
2017,"Julio","Rumania",177,13,164,190,7,"2017-7",58
2017,"Julio","Rwanda",2,0,2,2,7,"2017-7",170
2017,"Julio","San Cristóbal y Nevis",7,0,7,7,7,"2017-7",135
2017,"Julio","San Marino",2,0,2,2,7,"2017-7",170
2017,"Julio","San  Vicente y las Granadinas",11,3,8,14,7,"2017-7",114
2017,"Julio","Santa Lucia",12,0,12,12,7,"2017-7",119
2017,"Julio","Senegal",1,4,-3,5,7,"2017-7",146
2017,"Julio","Serbia",28,2,26,30,7,"2017-7",92
2017,"Julio","Sierra Leona",1,0,1,1,7,"2017-7",183
2017,"Julio","Singapur",54,34,20,88,7,"2017-7",67
2017,"Julio","República Árabe Siria",2,0,2,2,7,"2017-7",170
2017,"Julio","Sri Lanka",9,0,9,9,7,"2017-7",128
2017,"Julio","Sudáfrica",211,30,181,241,7,"2017-7",54
2017,"Julio","Sudán",2,0,2,2,7,"2017-7",170
2017,"Julio","Suecia",604,273,331,877,7,"2017-7",35
2017,"Julio","Suiza",2481,666,1815,3147,7,"2017-7",23
2017,"Julio","Surinam",52,10,42,62,7,"2017-7",76
2017,"Julio","Taiwán",206,6,200,212,7,"2017-7",56
2017,"Julio","Tailandia",41,35,6,76,7,"2017-7",71
2017,"Julio","Tanzania",7,6,1,13,7,"2017-7",118
2017,"Julio","Togo",5,0,5,5,7,"2017-7",146
2017,"Julio","Trinidad y Tobago",149,92,57,241,7,"2017-7",54
2017,"Julio","Túnez",14,4,10,18,7,"2017-7",106
2017,"Julio","Turquía",455,504,-49,959,7,"2017-7",33
2017,"Julio","Ucrania",73,4,69,77,7,"2017-7",69
2017,"Julio","Uganda",6,3,3,9,7,"2017-7",128
2017,"Julio","Uruguay",1407,749,658,2156,7,"2017-7",26
2017,"Julio","Uzbekistán",1,0,1,1,7,"2017-7",183
2017,"Julio","Venezuela",74303,11184,63119,85487,7,"2017-7",2
2017,"Julio","Vietnam",32,7,25,39,7,"2017-7",88
2017,"Julio","Islas Vírgenes Británicas/Territorio Británico de Ultramar",1,12,-11,13,7,"2017-7",118
2017,"Julio","Zimbabue",10,0,10,10,7,"2017-7",124
2017,"Julio","Anguila/Territorio Británico de Ultramar",1,0,1,1,7,"2017-7",183
2017,"Julio","Islas Turcas y Caicos/Territorio Británico de Ultramar",1,0,1,1,7,"2017-7",183
2017,"Julio","Refugiado",3,0,3,3,7,"2017-7",156
2017,"Julio","Desconocido",254,0,254,254,7,"2017-7",52
2017,"Agosto","Afganistán",1,6,-5,7,8,"2017-8",129
2017,"Agosto","Albania",7,4,3,11,8,"2017-8",111
2017,"Agosto","Alemania",6556,2361,4195,8917,8,"2017-8",14
2017,"Agosto","Andorra",24,2,22,26,8,"2017-8",93
2017,"Agosto","Angola",5,12,-7,17,8,"2017-8",102
2017,"Agosto","Antigua y Barbuda",4,4,0,8,8,"2017-8",123
2017,"Agosto","Países Bajos",4546,2701,1845,7247,8,"2017-8",16
2017,"Agosto","Arabia Saudita",16,97,-81,113,8,"2017-8",62
2017,"Agosto","Argelia",21,14,7,35,8,"2017-8",87
2017,"Agosto","Argentina",14680,6425,8255,21105,8,"2017-8",10
2017,"Agosto","República de Armenia",3,1,2,4,8,"2017-8",150
2017,"Agosto","Australia",1311,667,644,1978,8,"2017-8",27
2017,"Agosto","Austria",649,103,546,752,8,"2017-8",39
2017,"Agosto","Azerbaiyán",10,19,-9,29,8,"2017-8",90
2017,"Agosto","Bahamas",42,89,-47,131,8,"2017-8",60
2017,"Agosto","Bahréin",2,3,-1,5,8,"2017-8",141
2017,"Agosto","Bangladesh",3,5,-2,8,8,"2017-8",123
2017,"Agosto","Barbados",26,23,3,49,8,"2017-8",76
2017,"Agosto","República de Belarús",10,2,8,12,8,"2017-8",109
2017,"Agosto","Bélgica",1045,350,695,1395,8,"2017-8",30
2017,"Agosto","Belice",37,28,9,65,8,"2017-8",70
2017,"Agosto","Bermudas/Territorio Británico de Ultramar",12,7,5,19,8,"2017-8",99
2017,"Agosto","Bolivia",1787,910,877,2697,8,"2017-8",23
2017,"Agosto","Bosnia y Herzegovina",5,5,0,10,8,"2017-8",113
2017,"Agosto","Brasil",17730,8819,8911,26549,8,"2017-8",8
2017,"Agosto","Brunei Darussalam",1,0,1,1,8,"2017-8",183
2017,"Agosto","Bulgaria",49,12,37,61,8,"2017-8",71
2017,"Agosto","Burkina Faso",2,0,2,2,8,"2017-8",167
2017,"Agosto","Burundi",1,0,1,1,8,"2017-8",183
2017,"Agosto","Bután",1,0,1,1,8,"2017-8",183
2017,"Agosto","Cabo Verde",3,0,3,3,8,"2017-8",158
2017,"Agosto","Islas Caimán/Territorio Británico de Ultramar",6,8,-2,14,8,"2017-8",104
2017,"Agosto","Camboya",1,3,-2,4,8,"2017-8",150
2017,"Agosto","Camerún",5,6,-1,11,8,"2017-8",111
2017,"Agosto","Canadá",3899,5655,-1756,9554,8,"2017-8",12
2017,"Agosto","Chad",1,0,1,1,8,"2017-8",183
2017,"Agosto","España",13694,27448,-13754,41142,8,"2017-8",5
2017,"Agosto","República Democrática del Congo",2,0,2,2,8,"2017-8",167
2017,"Agosto","República de Corea",740,54,686,794,8,"2017-8",38
2017,"Agosto","Costa de Marfil",1,16,-15,17,8,"2017-8",102
2017,"Agosto","Costa Rica",3173,2854,319,6027,8,"2017-8",19
2017,"Agosto","Croacia",59,9,50,68,8,"2017-8",67
2017,"Agosto","Cuba",920,3255,-2335,4175,8,"2017-8",21
2017,"Agosto","República Checa",139,26,113,165,8,"2017-8",58
2017,"Agosto","Chile",12569,10048,2521,22617,8,"2017-8",9
2017,"Agosto","China",1373,833,540,2206,8,"2017-8",26
2017,"Agosto","Chipre",17,3,14,20,8,"2017-8",98
2017,"Agosto","Dinamarca",294,85,209,379,8,"2017-8",48
2017,"Agosto","Dominica",8,1,7,9,8,"2017-8",117
2017,"Agosto","Ecuador",20267,21529,-1262,41796,8,"2017-8",4
2017,"Agosto","Egipto",29,38,-9,67,8,"2017-8",68
2017,"Agosto","El Salvador",2560,2366,194,4926,8,"2017-8",20
2017,"Agosto","Emiratos Árabes",28,449,-421,477,8,"2017-8",45
2017,"Agosto","Eritrea",2,3,-1,5,8,"2017-8",141
2017,"Agosto","Eslovaquia",64,8,56,72,8,"2017-8",66
2017,"Agosto","Eslovenia",44,5,39,49,8,"2017-8",76
2017,"Agosto","Estados Unidos de América",49118,109969,-60851,159087,8,"2017-8",1
2017,"Agosto","Estonia",18,4,14,22,8,"2017-8",96
2017,"Agosto","Etiopia",5,7,-2,12,8,"2017-8",109
2017,"Agosto","Filipinas",374,5,369,379,8,"2017-8",48
2017,"Agosto","Finlandia",145,37,108,182,8,"2017-8",55
2017,"Agosto","Francia",7798,4058,3740,11856,8,"2017-8",11
2017,"Agosto","Gabón",1,2,-1,3,8,"2017-8",158
2017,"Agosto","Georgia",12,1,11,13,8,"2017-8",106
2017,"Agosto","Ghana",9,3,6,12,8,"2017-8",109
2017,"Agosto","Granada",8,1,7,9,8,"2017-8",117
2017,"Agosto","Grecia",118,92,26,210,8,"2017-8",52
2017,"Agosto","Guatemala",1750,1586,164,3336,8,"2017-8",22
2017,"Agosto","Guyana",25,15,10,40,8,"2017-8",83
2017,"Agosto","Guinea Ecuatorial",3,4,-1,7,8,"2017-8",129
2017,"Agosto","Guinea Bissau",2,1,1,3,8,"2017-8",158
2017,"Agosto","Haití",39,19,20,58,8,"2017-8",73
2017,"Agosto","Honduras",925,497,428,1422,8,"2017-8",29
2017,"Agosto","Hong Kong",6,40,-34,46,8,"2017-8",80
2017,"Agosto","Hungría",89,51,38,140,8,"2017-8",59
2017,"Agosto","India",641,80,561,721,8,"2017-8",40
2017,"Agosto","Indonesia",41,12,29,53,8,"2017-8",74
2017,"Agosto","Iraq",1,7,-6,8,8,"2017-8",123
2017,"Agosto","Irán",40,3,37,43,8,"2017-8",82
2017,"Agosto","República de Irlanda",547,25,522,572,8,"2017-8",43
2017,"Agosto","Islandia",19,6,13,25,8,"2017-8",95
2017,"Agosto","Israel",1018,223,795,1241,8,"2017-8",32
2017,"Agosto","Italia",5367,1235,4132,6602,8,"2017-8",18
2017,"Agosto","Jamaica",76,115,-39,191,8,"2017-8",54
2017,"Agosto","Japón",823,165,658,988,8,"2017-8",37
2017,"Agosto","Jordania",11,9,2,20,8,"2017-8",98
2017,"Agosto","Kazajistán",8,6,2,14,8,"2017-8",104
2017,"Agosto","Kenia",34,12,22,46,8,"2017-8",80
2017,"Agosto","Kuwait",4,9,-5,13,8,"2017-8",106
2017,"Agosto","República de Kosovo",1,1,0,2,8,"2017-8",167
2017,"Agosto","Letonia",27,1,26,28,8,"2017-8",92
2017,"Agosto","Lituania",44,2,42,46,8,"2017-8",80
2017,"Agosto","Líbano",72,41,31,113,8,"2017-8",62
2017,"Agosto","Libia",1,0,1,1,8,"2017-8",183
2017,"Agosto","Liechtenstein",6,2,4,8,8,"2017-8",123
2017,"Agosto","Luxemburgo",44,21,23,65,8,"2017-8",70
2017,"Agosto","Macedonia",1,0,1,1,8,"2017-8",183
2017,"Agosto","Madagascar",4,1,3,5,8,"2017-8",141
2017,"Agosto","Malasia",34,3,31,37,8,"2017-8",86
2017,"Agosto","Malawi",3,1,2,4,8,"2017-8",150
2017,"Agosto","Malta",36,24,12,60,8,"2017-8",72
2017,"Agosto","Marruecos",30,15,15,45,8,"2017-8",81
2017,"Agosto","Mauricio",5,0,5,5,8,"2017-8",141
2017,"Agosto","México",16639,36223,-19584,52862,8,"2017-8",3
2017,"Agosto","República de Moldavia",4,0,4,4,8,"2017-8",150
2017,"Agosto","Mónaco",3,2,1,5,8,"2017-8",141
2017,"Agosto","Mongolia",3,0,3,3,8,"2017-8",158
2017,"Agosto","Montenegro",2,1,1,3,8,"2017-8",158
2017,"Agosto","Mozambique",3,5,-2,8,8,"2017-8",123
2017,"Agosto","Myanmar",2,0,2,2,8,"2017-8",167
2017,"Agosto","Nepal",6,3,3,9,8,"2017-8",117
2017,"Agosto","Nicaragua",314,311,3,625,8,"2017-8",42
2017,"Agosto","Nigeria",19,6,13,25,8,"2017-8",95
2017,"Agosto","Noruega",242,105,137,347,8,"2017-8",50
2017,"Agosto","Nueva Zelanda",300,70,230,370,8,"2017-8",49
2017,"Agosto","Pakistán",28,0,28,28,8,"2017-8",92
2017,"Agosto","Panamá",7358,32089,-24731,39447,8,"2017-8",6
2017,"Agosto","Paraguay",802,526,276,1328,8,"2017-8",31
2017,"Agosto","Perú",13521,13371,150,26892,8,"2017-8",7
2017,"Agosto","Palestina",5,0,5,5,8,"2017-8",141
2017,"Agosto","Polonia",383,40,343,423,8,"2017-8",46
2017,"Agosto","Portugal",938,159,779,1097,8,"2017-8",35
2017,"Agosto","Reino Unido de Gran Bretaña e Irlanda del Norte",4515,3025,1490,7540,8,"2017-8",15
2017,"Agosto","Federación de Rusia",395,136,259,531,8,"2017-8",44
2017,"Agosto","República Dominicana",1905,7217,-5312,9122,8,"2017-8",13
2017,"Agosto","Rumania",154,18,136,172,8,"2017-8",57
2017,"Agosto","Rwanda",3,1,2,4,8,"2017-8",150
2017,"Agosto","San Cristóbal y Nevis",5,0,5,5,8,"2017-8",141
2017,"Agosto","San Marino",7,0,7,7,8,"2017-8",129
2017,"Agosto","San  Vicente y las Granadinas",4,5,-1,9,8,"2017-8",117
2017,"Agosto","Santa Lucia",6,0,6,6,8,"2017-8",132
2017,"Agosto","Santa Sede/Ciudad del Vaticano",6,0,6,6,8,"2017-8",132
2017,"Agosto","Senegal",5,3,2,8,8,"2017-8",123
2017,"Agosto","Serbia",31,2,29,33,8,"2017-8",88
2017,"Agosto","Singapur",66,28,38,94,8,"2017-8",65
2017,"Agosto","República Árabe Siria",4,0,4,4,8,"2017-8",150
2017,"Agosto","Sri Lanka",2,1,1,3,8,"2017-8",158
2017,"Agosto","Sudáfrica",134,41,93,175,8,"2017-8",56
2017,"Agosto","Sudán",2,0,2,2,8,"2017-8",167
2017,"Agosto","Suecia",391,264,127,655,8,"2017-8",41
2017,"Agosto","Suiza",1424,849,575,2273,8,"2017-8",25
2017,"Agosto","Surinam",30,7,23,37,8,"2017-8",86
2017,"Agosto","Suazilandia",7,0,7,7,8,"2017-8",129
2017,"Agosto","Taiwán",161,31,130,192,8,"2017-8",53
2017,"Agosto","Tailandia",29,72,-43,101,8,"2017-8",63
2017,"Agosto","Tanzania",1,4,-3,5,8,"2017-8",141
2017,"Agosto","Trinidad y Tobago",115,95,20,210,8,"2017-8",52
2017,"Agosto","Túnez",8,2,6,10,8,"2017-8",113
2017,"Agosto","Turquía",622,479,143,1101,8,"2017-8",34
2017,"Agosto","Ucrania",93,5,88,98,8,"2017-8",64
2017,"Agosto","Uganda",4,0,4,4,8,"2017-8",150
2017,"Agosto","Uruguay",1905,692,1213,2597,8,"2017-8",24
2017,"Agosto","Uzbekistán",1,3,-2,4,8,"2017-8",150
2017,"Agosto","Venezuela",89122,11638,77484,100760,8,"2017-8",2
2017,"Agosto","Vietnam",9,8,1,17,8,"2017-8",102
2017,"Agosto","Islas Vírgenes Británicas/Territorio Británico de Ultramar",1,6,-5,7,8,"2017-8",129
2017,"Agosto","República Árabe de Yemen",3,0,3,3,8,"2017-8",158
2017,"Agosto","Zambia",1,1,0,2,8,"2017-8",167
2017,"Agosto","Zimbabue",6,0,6,6,8,"2017-8",132
2017,"Agosto","Refugiado",3,0,3,3,8,"2017-8",158
2017,"Agosto","Desconocido",189,1025,-836,1214,8,"2017-8",33
2017,"Septiembre","Afganistán",1,2,-1,3,9,"2017-9",149
2017,"Septiembre","Albania",5,4,1,9,9,"2017-9",111
2017,"Septiembre","Alemania",4929,3238,1691,8167,9,"2017-9",12
2017,"Septiembre","Andorra",9,0,9,9,9,"2017-9",111
2017,"Septiembre","Angola",2,3,-1,5,9,"2017-9",135
2017,"Septiembre","Antigua y Barbuda",4,1,3,5,9,"2017-9",135
2017,"Septiembre","Países Bajos",3666,1870,1796,5536,9,"2017-9",19
2017,"Septiembre","Arabia Saudita",11,40,-29,51,9,"2017-9",77
2017,"Septiembre","Argelia",8,12,-4,20,9,"2017-9",93
2017,"Septiembre","Argentina",13786,5373,8413,19159,9,"2017-9",10
2017,"Septiembre","República de Armenia",4,1,3,5,9,"2017-9",135
2017,"Septiembre","Aruba",4,6027,-6023,6031,9,"2017-9",17
2017,"Septiembre","Australia",1188,369,819,1557,9,"2017-9",29
2017,"Septiembre","Austria",503,74,429,577,9,"2017-9",39
2017,"Septiembre","Azerbaiyán",7,1,6,8,9,"2017-9",116
2017,"Septiembre","Bahamas",37,17,20,54,9,"2017-9",75
2017,"Septiembre","Bangladesh",6,1,5,7,9,"2017-9",122
2017,"Septiembre","Barbados",30,25,5,55,9,"2017-9",74
2017,"Septiembre","República de Belarús",12,1,11,13,9,"2017-9",100
2017,"Septiembre","Bélgica",951,151,800,1102,9,"2017-9",33
2017,"Septiembre","Belice",21,16,5,37,9,"2017-9",81
2017,"Septiembre","Bermudas/Territorio Británico de Ultramar",5,5,0,10,9,"2017-9",109
2017,"Septiembre","Bolivia",2092,740,1352,2832,9,"2017-9",23
2017,"Septiembre","Bosnia y Herzegovina",4,3,1,7,9,"2017-9",122
2017,"Septiembre","Brasil",21247,6595,14652,27842,9,"2017-9",7
2017,"Septiembre","Bulgaria",57,4,53,61,9,"2017-9",68
2017,"Septiembre","Burkina Faso",1,0,1,1,9,"2017-9",185
2017,"Septiembre","Bután",1,0,1,1,9,"2017-9",185
2017,"Septiembre","Cabo Verde",3,0,3,3,9,"2017-9",149
2017,"Septiembre","Islas Caimán/Territorio Británico de Ultramar",9,3,6,12,9,"2017-9",104
2017,"Septiembre","Camboya",6,1,5,7,9,"2017-9",122
2017,"Septiembre","Camerún",3,2,1,5,9,"2017-9",135
2017,"Septiembre","Canadá",2935,4131,-1196,7066,9,"2017-9",16
2017,"Septiembre","España",10090,31428,-21338,41518,9,"2017-9",5
2017,"Septiembre","República Del Congo",1,0,1,1,9,"2017-9",185
2017,"Septiembre","República Democrática del Congo",4,0,4,4,9,"2017-9",144
2017,"Septiembre","República de Corea",673,33,640,706,9,"2017-9",36
2017,"Septiembre","Costa de Marfil",3,9,-6,12,9,"2017-9",104
2017,"Septiembre","Costa Rica",3521,2500,1021,6021,9,"2017-9",18
2017,"Septiembre","Croacia",122,14,108,136,9,"2017-9",57
2017,"Septiembre","Cuba",817,1675,-858,2492,9,"2017-9",24
2017,"Septiembre","República Checa",168,21,147,189,9,"2017-9",52
2017,"Septiembre","Chile",11127,8533,2594,19660,9,"2017-9",9
2017,"Septiembre","China",1354,579,775,1933,9,"2017-9",27
2017,"Septiembre","Chipre",26,2,24,28,9,"2017-9",86
2017,"Septiembre","Dinamarca",270,35,235,305,9,"2017-9",49
2017,"Septiembre","Dominica",12,0,12,12,9,"2017-9",104
2017,"Septiembre","Ecuador",14953,21023,-6070,35976,9,"2017-9",6
2017,"Septiembre","Egipto",45,31,14,76,9,"2017-9",65
2017,"Septiembre","El Salvador",2319,5641,-3322,7960,9,"2017-9",14
2017,"Septiembre","Emiratos Árabes",34,154,-120,188,9,"2017-9",53
2017,"Septiembre","Eslovaquia",93,1,92,94,9,"2017-9",61
2017,"Septiembre","Eslovenia",33,3,30,36,9,"2017-9",82
2017,"Septiembre","Estados Unidos de América",33859,82138,-48279,115997,9,"2017-9",1
2017,"Septiembre","Estonia",21,0,21,21,9,"2017-9",92
2017,"Septiembre","Etiopia",3,1,2,4,9,"2017-9",144
2017,"Septiembre","Filipinas",400,4,396,404,9,"2017-9",45
2017,"Septiembre","Finlandia",98,10,88,108,9,"2017-9",60
2017,"Septiembre","Francia",4554,4195,359,8749,9,"2017-9",11
2017,"Septiembre","Gabón",1,0,1,1,9,"2017-9",185
2017,"Septiembre","Gambia",1,0,1,1,9,"2017-9",185
2017,"Septiembre","Georgia",5,3,2,8,9,"2017-9",116
2017,"Septiembre","Ghana",8,0,8,8,9,"2017-9",116
2017,"Septiembre","Granada",4,0,4,4,9,"2017-9",144
2017,"Septiembre","Grecia",134,30,104,164,9,"2017-9",55
2017,"Septiembre","Guatemala",1901,979,922,2880,9,"2017-9",22
2017,"Septiembre","Guyana",48,11,37,59,9,"2017-9",70
2017,"Septiembre","Haití",24,14,10,38,9,"2017-9",80
2017,"Septiembre","Honduras",1046,221,825,1267,9,"2017-9",31
2017,"Septiembre","Hong Kong",14,73,-59,87,9,"2017-9",64
2017,"Septiembre","Hungría",121,21,100,142,9,"2017-9",56
2017,"Septiembre","India",627,76,551,703,9,"2017-9",37
2017,"Septiembre","Indonesia",78,13,65,91,9,"2017-9",62
2017,"Septiembre","Iraq",2,3,-1,5,9,"2017-9",135
2017,"Septiembre","Irán",20,9,11,29,9,"2017-9",84
2017,"Septiembre","República de Irlanda",505,16,489,521,9,"2017-9",42
2017,"Septiembre","Islandia",20,8,12,28,9,"2017-9",86
2017,"Septiembre","Isla de Man",1,1,0,2,9,"2017-9",163
2017,"Septiembre","Israel",1042,223,819,1265,9,"2017-9",32
2017,"Septiembre","Italia",3285,1266,2019,4551,9,"2017-9",21
2017,"Septiembre","Jamaica",88,105,-17,193,9,"2017-9",51
2017,"Septiembre","Japón",762,141,621,903,9,"2017-9",35
2017,"Septiembre","Jordania",16,0,16,16,9,"2017-9",96
2017,"Septiembre","Kazajistán",9,6,3,15,9,"2017-9",98
2017,"Septiembre","Kenia",24,5,19,29,9,"2017-9",84
2017,"Septiembre","Kuwait",4,3,1,7,9,"2017-9",122
2017,"Septiembre","República de Kosovo",3,0,3,3,9,"2017-9",149
2017,"Septiembre","República Democrática Popular  Lao",2,0,2,2,9,"2017-9",163
2017,"Septiembre","Lesoto",2,0,2,2,9,"2017-9",163
2017,"Septiembre","Letonia",24,1,23,25,9,"2017-9",89
2017,"Septiembre","Lituania",54,4,50,58,9,"2017-9",71
2017,"Septiembre","Líbano",45,26,19,71,9,"2017-9",66
2017,"Septiembre","Liechtenstein",2,0,2,2,9,"2017-9",163
2017,"Septiembre","Luxemburgo",13,10,3,23,9,"2017-9",91
2017,"Septiembre","Macedonia",4,0,4,4,9,"2017-9",144
2017,"Septiembre","Madagascar",5,0,5,5,9,"2017-9",135
2017,"Septiembre","Malasia",49,3,46,52,9,"2017-9",76
2017,"Septiembre","Malawi",2,0,2,2,9,"2017-9",163
2017,"Septiembre","Malta",19,38,-19,57,9,"2017-9",73
2017,"Septiembre","Marruecos",39,9,30,48,9,"2017-9",78
2017,"Septiembre","Mauricio",9,1,8,10,9,"2017-9",109
2017,"Septiembre","México",15485,28537,-13052,44022,9,"2017-9",4
2017,"Septiembre","República de Moldavia",6,0,6,6,9,"2017-9",128
2017,"Septiembre","Mónaco",1,3,-2,4,9,"2017-9",144
2017,"Septiembre","Montenegro",6,1,5,7,9,"2017-9",122
2017,"Septiembre","Mozambique",6,0,6,6,9,"2017-9",128
2017,"Septiembre","Myanmar",3,0,3,3,9,"2017-9",149
2017,"Septiembre","Namibia",1,0,1,1,9,"2017-9",185
2017,"Septiembre","Nepal",10,0,10,10,9,"2017-9",109
2017,"Septiembre","Nicaragua",336,135,201,471,9,"2017-9",43
2017,"Septiembre","Nigeria",19,8,11,27,9,"2017-9",88
2017,"Septiembre","Noruega",279,42,237,321,9,"2017-9",46
2017,"Septiembre","Nueva Zelanda",279,41,238,320,9,"2017-9",47
2017,"Septiembre","Omán",8,6,2,14,9,"2017-9",99
2017,"Septiembre","Papúa Nueva Guinea",1,0,1,1,9,"2017-9",185
2017,"Septiembre","Pakistán",24,0,24,24,9,"2017-9",90
2017,"Septiembre","Panamá",9881,40650,-30769,50531,9,"2017-9",3
2017,"Septiembre","Paraguay",925,345,580,1270,9,"2017-9",30
2017,"Septiembre","Perú",11858,11905,-47,23763,9,"2017-9",8
2017,"Septiembre","Palestina",2,3,-1,5,9,"2017-9",135
2017,"Septiembre","Polonia",433,36,397,469,9,"2017-9",44
2017,"Septiembre","Portugal",807,208,599,1015,9,"2017-9",34
2017,"Septiembre","Puerto Rico/Territorio de Estados Unidos",4,607,-603,611,9,"2017-9",38
2017,"Septiembre","Qatar",1,15,-14,16,9,"2017-9",96
2017,"Septiembre","Reino Unido de Gran Bretaña e Irlanda del Norte",3502,3643,-141,7145,9,"2017-9",15
2017,"Septiembre","Federación de Rusia",401,155,246,556,9,"2017-9",40
2017,"Septiembre","República Dominicana",1483,3887,-2404,5370,9,"2017-9",20
2017,"Septiembre","Rumania",178,4,174,182,9,"2017-9",54
2017,"Septiembre","Rwanda",5,1,4,6,9,"2017-9",128
2017,"Septiembre","San Cristóbal y Nevis",3,0,3,3,9,"2017-9",149
2017,"Septiembre","Samoa Occidental",1,0,1,1,9,"2017-9",185
2017,"Septiembre","San  Vicente y las Granadinas",4,3,1,7,9,"2017-9",122
2017,"Septiembre","Santa Lucia",7,1,6,8,9,"2017-9",116
2017,"Septiembre","Santa Sede/Ciudad del Vaticano",11,0,11,11,9,"2017-9",106
2017,"Septiembre","Santo Tomé y Príncipe",1,0,1,1,9,"2017-9",185
2017,"Septiembre","Senegal",2,0,2,2,9,"2017-9",163
2017,"Septiembre","Serbia",13,4,9,17,9,"2017-9",94
2017,"Septiembre","Sierra Leona",2,2,0,4,9,"2017-9",144
2017,"Septiembre","Singapur",50,19,31,69,9,"2017-9",67
2017,"Septiembre","República Árabe Siria",2,0,2,2,9,"2017-9",163
2017,"Septiembre","Sri Lanka",8,0,8,8,9,"2017-9",116
2017,"Septiembre","Sudáfrica",109,21,88,130,9,"2017-9",59
2017,"Septiembre","Suecia",443,90,353,533,9,"2017-9",41
2017,"Septiembre","Suiza",1233,375,858,1608,9,"2017-9",28
2017,"Septiembre","Surinam",37,6,31,43,9,"2017-9",79
2017,"Septiembre","Taiwán",129,5,124,134,9,"2017-9",58
2017,"Septiembre","Tailandia",20,37,-17,57,9,"2017-9",73
2017,"Septiembre","Tanzania",6,0,6,6,9,"2017-9",128
2017,"Septiembre","Togo",1,0,1,1,9,"2017-9",185
2017,"Septiembre","Tonga",1,0,1,1,9,"2017-9",185
2017,"Septiembre","Trinidad y Tobago",130,82,48,212,9,"2017-9",50
2017,"Septiembre","Túnez",12,0,12,12,9,"2017-9",104
2017,"Septiembre","Turquía",495,1563,-1068,2058,9,"2017-9",25
2017,"Septiembre","Ucrania",76,14,62,90,9,"2017-9",63
2017,"Septiembre","Uganda",10,1,9,11,9,"2017-9",106
2017,"Septiembre","Uruguay",1445,600,845,2045,9,"2017-9",26
2017,"Septiembre","Vanuatu",1,0,1,1,9,"2017-9",185
2017,"Septiembre","Venezuela",79314,10397,68917,89711,9,"2017-9",2
2017,"Septiembre","Vietnam",15,12,3,27,9,"2017-9",88
2017,"Septiembre","República Árabe de Yemen",1,0,1,1,9,"2017-9",185
2017,"Septiembre","Zambia",4,0,4,4,9,"2017-9",144
2017,"Septiembre","Zimbabue",6,0,6,6,9,"2017-9",128
2017,"Septiembre","Islas Turcas y Caicos/Territorio Británico de Ultramar",1,0,1,1,9,"2017-9",185
2017,"Septiembre","Refugiado",6,0,6,6,9,"2017-9",128
2017,"Septiembre","Desconocido",307,0,307,307,9,"2017-9",48
2017,"Octubre","Afganistán",8,0,8,8,10,"2017-10",122
2017,"Octubre","Albania",6,0,6,6,10,"2017-10",130
2017,"Octubre","Alemania",5523,2751,2772,8274,10,"2017-10",13
2017,"Octubre","Andorra",15,1,14,16,10,"2017-10",96
2017,"Octubre","Angola",3,0,3,3,10,"2017-10",154
2017,"Octubre","Antigua y Barbuda",6,4,2,10,10,"2017-10",114
2017,"Octubre","Países Bajos",4174,1582,2592,5756,10,"2017-10",20
2017,"Octubre","Arabia Saudita",15,1,14,16,10,"2017-10",96
2017,"Octubre","Argelia",7,0,7,7,10,"2017-10",124
2017,"Octubre","Argentina",13879,6094,7785,19973,10,"2017-10",10
2017,"Octubre","República de Armenia",2,0,2,2,10,"2017-10",171
2017,"Octubre","Australia",1313,34,1279,1347,10,"2017-10",29
2017,"Octubre","Austria",547,9,538,556,10,"2017-10",40
2017,"Octubre","Azerbaiyán",12,0,12,12,10,"2017-10",106
2017,"Octubre","Bahamas",32,49,-17,81,10,"2017-10",65
2017,"Octubre","Bahréin",3,1,2,4,10,"2017-10",139
2017,"Octubre","Bangladesh",22,1,21,23,10,"2017-10",90
2017,"Octubre","Barbados",26,1,25,27,10,"2017-10",87
2017,"Octubre","República de Belarús",8,2,6,10,10,"2017-10",114
2017,"Octubre","Bélgica",869,29,840,898,10,"2017-10",34
2017,"Octubre","Belice",30,0,30,30,10,"2017-10",83
2017,"Octubre","Benín",8,0,8,8,10,"2017-10",122
2017,"Octubre","Bermudas/Territorio Británico de Ultramar",4,0,4,4,10,"2017-10",139
2017,"Octubre","Bolivia",1856,488,1368,2344,10,"2017-10",23
2017,"Octubre","Bosnia y Herzegovina",5,0,5,5,10,"2017-10",134
2017,"Octubre","Botsuana",3,0,3,3,10,"2017-10",154
2017,"Octubre","Brasil",22167,6451,15716,28618,10,"2017-10",8
2017,"Octubre","Brunei Darussalam",1,0,1,1,10,"2017-10",200
2017,"Octubre","Bulgaria",100,0,100,100,10,"2017-10",60
2017,"Octubre","Burkina Faso",3,0,3,3,10,"2017-10",154
2017,"Octubre","Burundi",1,0,1,1,10,"2017-10",200
2017,"Octubre","Bután",3,0,3,3,10,"2017-10",154
2017,"Octubre","Cabo Verde",3,0,3,3,10,"2017-10",154
2017,"Octubre","Islas Caimán/Territorio Británico de Ultramar",1,4,-3,5,10,"2017-10",134
2017,"Octubre","Camboya",4,0,4,4,10,"2017-10",139
2017,"Octubre","Camerún",9,1,8,10,10,"2017-10",114
2017,"Octubre","Canadá",3588,2387,1201,5975,10,"2017-10",19
2017,"Octubre","Chad",1,0,1,1,10,"2017-10",200
2017,"Octubre","España",10756,28451,-17695,39207,10,"2017-10",5
2017,"Octubre","República Del Congo",2,0,2,2,10,"2017-10",171
2017,"Octubre","Comoras",1,0,1,1,10,"2017-10",200
2017,"Octubre","República Democrática del Congo",9,0,9,9,10,"2017-10",118
2017,"Octubre","República de Corea",811,2,809,813,10,"2017-10",35
2017,"Octubre","Costa de Marfil",14,1,13,15,10,"2017-10",99
2017,"Octubre","Costa Rica",3247,3033,214,6280,10,"2017-10",18
2017,"Octubre","Croacia",85,1,84,86,10,"2017-10",64
2017,"Octubre","Cuba",1012,1866,-854,2878,10,"2017-10",22
2017,"Octubre","República Checa",190,0,190,190,10,"2017-10",50
2017,"Octubre","Chile",12052,8520,3532,20572,10,"2017-10",9
2017,"Octubre","China",1364,65,1299,1429,10,"2017-10",28
2017,"Octubre","Chipre",9,0,9,9,10,"2017-10",118
2017,"Octubre","Dinamarca",353,6,347,359,10,"2017-10",45
2017,"Octubre","República de Yibuti",1,0,1,1,10,"2017-10",200
2017,"Octubre","Dominica",3,1,2,4,10,"2017-10",139
2017,"Octubre","Ecuador",14097,23150,-9053,37247,10,"2017-10",6
2017,"Octubre","Egipto",43,2,41,45,10,"2017-10",72
2017,"Octubre","El Salvador",2368,9582,-7214,11950,10,"2017-10",12
2017,"Octubre","Emiratos Árabes",28,15,13,43,10,"2017-10",75
2017,"Octubre","Eslovaquia",93,0,93,93,10,"2017-10",61
2017,"Octubre","Eslovenia",75,0,75,75,10,"2017-10",66
2017,"Octubre","Estados Unidos de América",34563,83945,-49382,118508,10,"2017-10",1
2017,"Octubre","Estonia",28,0,28,28,10,"2017-10",85
2017,"Octubre","Etiopia",5,0,5,5,10,"2017-10",134
2017,"Octubre","Islas Fiji",1,0,1,1,10,"2017-10",200
2017,"Octubre","Filipinas",316,1,315,317,10,"2017-10",46
2017,"Octubre","Finlandia",165,1,164,166,10,"2017-10",53
2017,"Octubre","Francia",5019,3218,1801,8237,10,"2017-10",14
2017,"Octubre","Gabón",3,0,3,3,10,"2017-10",154
2017,"Octubre","Gambia",1,0,1,1,10,"2017-10",200
2017,"Octubre","Georgia",15,0,15,15,10,"2017-10",99
2017,"Octubre","Ghana",36,0,36,36,10,"2017-10",76
2017,"Octubre","Granada",5,1,4,6,10,"2017-10",130
2017,"Octubre","Grecia",142,0,142,142,10,"2017-10",57
2017,"Octubre","Guatemala",1911,280,1631,2191,10,"2017-10",25
2017,"Octubre","Guyana",41,2,39,43,10,"2017-10",75
2017,"Octubre","Guinea",2,0,2,2,10,"2017-10",171
2017,"Octubre","Guinea Ecuatorial",2,0,2,2,10,"2017-10",171
2017,"Octubre","Guinea Bissau",2,0,2,2,10,"2017-10",171
2017,"Octubre","Haití",47,6,41,53,10,"2017-10",70
2017,"Octubre","Honduras",993,231,762,1224,10,"2017-10",30
2017,"Octubre","Hong Kong",17,5,12,22,10,"2017-10",91
2017,"Octubre","Hungría",161,0,161,161,10,"2017-10",54
2017,"Octubre","India",600,20,580,620,10,"2017-10",39
2017,"Octubre","Indonesia",27,0,27,27,10,"2017-10",87
2017,"Octubre","Iraq",1,1,0,2,10,"2017-10",171
2017,"Octubre","Irán",23,0,23,23,10,"2017-10",90
2017,"Octubre","República de Irlanda",499,3,496,502,10,"2017-10",42
2017,"Octubre","Islandia",13,1,12,14,10,"2017-10",101
2017,"Octubre","Israel",788,15,773,803,10,"2017-10",36
2017,"Octubre","Italia",3332,165,3167,3497,10,"2017-10",21
2017,"Octubre","Jamaica",108,1096,-988,1204,10,"2017-10",31
2017,"Octubre","Islas Salomón",1,0,1,1,10,"2017-10",200
2017,"Octubre","Japón",784,7,777,791,10,"2017-10",37
2017,"Octubre","Jordania",15,0,15,15,10,"2017-10",99
2017,"Octubre","Kazajistán",17,0,17,17,10,"2017-10",94
2017,"Octubre","Kenia",32,2,30,34,10,"2017-10",78
2017,"Octubre","Kiribati",1,0,1,1,10,"2017-10",200
2017,"Octubre","Kirguistán",2,0,2,2,10,"2017-10",171
2017,"Octubre","Kuwait",2,1,1,3,10,"2017-10",154
2017,"Octubre","República de Kosovo",1,0,1,1,10,"2017-10",200
2017,"Octubre","República Democrática Popular  Lao",1,0,1,1,10,"2017-10",200
2017,"Octubre","Lesoto",2,0,2,2,10,"2017-10",171
2017,"Octubre","Letonia",31,0,31,31,10,"2017-10",81
2017,"Octubre","Lituania",71,0,71,71,10,"2017-10",67
2017,"Octubre","Líbano",53,4,49,57,10,"2017-10",69
2017,"Octubre","Liberia",3,0,3,3,10,"2017-10",154
2017,"Octubre","Libia",2,0,2,2,10,"2017-10",171
2017,"Octubre","Liechtenstein",6,0,6,6,10,"2017-10",130
2017,"Octubre","Luxemburgo",23,7,16,30,10,"2017-10",83
2017,"Octubre","Macedonia",9,0,9,9,10,"2017-10",118
2017,"Octubre","Madagascar",3,0,3,3,10,"2017-10",154
2017,"Octubre","Malasia",63,0,63,63,10,"2017-10",68
2017,"Octubre","Malawi",2,0,2,2,10,"2017-10",171
2017,"Octubre","Maldivas",1,0,1,1,10,"2017-10",200
2017,"Octubre","Malí",4,0,4,4,10,"2017-10",139
2017,"Octubre","Malta",16,1,15,17,10,"2017-10",94
2017,"Octubre","Marruecos",32,3,29,35,10,"2017-10",77
2017,"Octubre","Islas Marshall",1,0,1,1,10,"2017-10",200
2017,"Octubre","Mauricio",11,0,11,11,10,"2017-10",109
2017,"Octubre","México",15739,30408,-14669,46147,10,"2017-10",4
2017,"Octubre","República de Moldavia",10,0,10,10,10,"2017-10",114
2017,"Octubre","Mónaco",1,0,1,1,10,"2017-10",200
2017,"Octubre","Mongolia",3,0,3,3,10,"2017-10",154
2017,"Octubre","Montenegro",11,0,11,11,10,"2017-10",109
2017,"Octubre","Micronesia",1,0,1,1,10,"2017-10",200
2017,"Octubre","Mozambique",5,1,4,6,10,"2017-10",130
2017,"Octubre","Myanmar",29,0,29,29,10,"2017-10",84
2017,"Octubre","Nauru",1,0,1,1,10,"2017-10",200
2017,"Octubre","Namibia",2,0,2,2,10,"2017-10",171
2017,"Octubre","Nepal",13,0,13,13,10,"2017-10",103
2017,"Octubre","Nicaragua",340,81,259,421,10,"2017-10",44
2017,"Octubre","Nigeria",32,0,32,32,10,"2017-10",80
2017,"Octubre","Noruega",305,7,298,312,10,"2017-10",47
2017,"Octubre","Nueva Zelanda",286,1,285,287,10,"2017-10",49
2017,"Octubre","Omán",6,0,6,6,10,"2017-10",130
2017,"Octubre","Papúa Nueva Guinea",2,0,2,2,10,"2017-10",171
2017,"Octubre","Pakistán",33,0,33,33,10,"2017-10",79
2017,"Octubre","Palau",1,0,1,1,10,"2017-10",200
2017,"Octubre","Panamá",7776,52779,-45003,60555,10,"2017-10",3
2017,"Octubre","Paraguay",777,165,612,942,10,"2017-10",33
2017,"Octubre","Perú",14619,15265,-646,29884,10,"2017-10",7
2017,"Octubre","Palestina",3,0,3,3,10,"2017-10",154
2017,"Octubre","Polonia",437,1,436,438,10,"2017-10",43
2017,"Octubre","Portugal",943,110,833,1053,10,"2017-10",32
2017,"Octubre","Qatar",2,0,2,2,10,"2017-10",171
2017,"Octubre","Reino Unido de Gran Bretaña e Irlanda del Norte",3753,2532,1221,6285,10,"2017-10",17
2017,"Octubre","Federación de Rusia",549,2,547,551,10,"2017-10",41
2017,"Octubre","República Dominicana",1706,5344,-3638,7050,10,"2017-10",15
2017,"Octubre","Rumania",179,0,179,179,10,"2017-10",51
2017,"Octubre","Rwanda",2,0,2,2,10,"2017-10",171
2017,"Octubre","San Cristóbal y Nevis",10,1,9,11,10,"2017-10",109
2017,"Octubre","Samoa Occidental",1,0,1,1,10,"2017-10",200
2017,"Octubre","San Marino",2,0,2,2,10,"2017-10",171
2017,"Octubre","San  Vicente y las Granadinas",5,1,4,6,10,"2017-10",130
2017,"Octubre","Santa Lucia",10,0,10,10,10,"2017-10",114
2017,"Octubre","Santa Sede/Ciudad del Vaticano",1,0,1,1,10,"2017-10",200
2017,"Octubre","Santo Tomé y Príncipe",1,0,1,1,10,"2017-10",200
2017,"Octubre","Senegal",3,0,3,3,10,"2017-10",154
2017,"Octubre","Serbia",26,0,26,26,10,"2017-10",88
2017,"Octubre","Seychelles",1,0,1,1,10,"2017-10",200
2017,"Octubre","Sierra Leona",3,0,3,3,10,"2017-10",154
2017,"Octubre","Singapur",101,4,97,105,10,"2017-10",58
2017,"Octubre","República Árabe Siria",9,0,9,9,10,"2017-10",118
2017,"Octubre","Somalia",2,0,2,2,10,"2017-10",171
2017,"Octubre","Sri Lanka",17,0,17,17,10,"2017-10",94
2017,"Octubre","Sudáfrica",145,0,145,145,10,"2017-10",56
2017,"Octubre","Sudán",3,0,3,3,10,"2017-10",154
2017,"Octubre","Suecia",659,17,642,676,10,"2017-10",38
2017,"Octubre","Suiza",1437,64,1373,1501,10,"2017-10",27
2017,"Octubre","Surinam",37,12,25,49,10,"2017-10",71
2017,"Octubre","Suazilandia",1,0,1,1,10,"2017-10",200
2017,"Octubre","Taiwán",147,0,147,147,10,"2017-10",55
2017,"Octubre","República de Tayikistán",1,0,1,1,10,"2017-10",200
2017,"Octubre","Tailandia",82,4,78,86,10,"2017-10",64
2017,"Octubre","Tanzania",11,1,10,12,10,"2017-10",106
2017,"Octubre","República Democrática de Timor Oriental",1,0,1,1,10,"2017-10",200
2017,"Octubre","Togo",1,0,1,1,10,"2017-10",200
2017,"Octubre","Tonga",1,0,1,1,10,"2017-10",200
2017,"Octubre","Trinidad y Tobago",140,26,114,166,10,"2017-10",53
2017,"Octubre","Túnez",13,0,13,13,10,"2017-10",103
2017,"Octubre","Turkmenistán",1,0,1,1,10,"2017-10",200
2017,"Octubre","Turquía",586,1516,-930,2102,10,"2017-10",26
2017,"Octubre","Ucrania",86,0,86,86,10,"2017-10",64
2017,"Octubre","Uganda",12,0,12,12,10,"2017-10",106
2017,"Octubre","Uruguay",1639,620,1019,2259,10,"2017-10",24
2017,"Octubre","Uzbekistán",3,0,3,3,10,"2017-10",154
2017,"Octubre","Vanuatu",1,0,1,1,10,"2017-10",200
2017,"Octubre","Venezuela",84512,11558,72954,96070,10,"2017-10",2
2017,"Octubre","Vietnam",14,0,14,14,10,"2017-10",101
2017,"Octubre","República Árabe de Yemen",2,0,2,2,10,"2017-10",171
2017,"Octubre","Zambia",7,0,7,7,10,"2017-10",124
2017,"Octubre","Zimbabue",8,0,8,8,10,"2017-10",122
2017,"Octubre","Anguila/Territorio Británico de Ultramar",1,0,1,1,10,"2017-10",200
2017,"Octubre","Refugiado",5,0,5,5,10,"2017-10",134
2017,"Octubre","Desconocido",300,0,300,300,10,"2017-10",48
2017,"Noviembre","Afganistán",1,3,-2,4,11,"2017-11",140
2017,"Noviembre","Albania",10,5,5,15,11,"2017-11",102
2017,"Noviembre","Alemania",5565,1990,3575,7555,11,"2017-11",13
2017,"Noviembre","Andorra",12,0,12,12,11,"2017-11",108
2017,"Noviembre","Angola",2,11,-9,13,11,"2017-11",105
2017,"Noviembre","Antigua y Barbuda",9,0,9,9,11,"2017-11",116
2017,"Noviembre","Países Bajos",4443,1890,2553,6333,11,"2017-11",15
2017,"Noviembre","Arabia Saudita",8,31,-23,39,11,"2017-11",84
2017,"Noviembre","Argelia",5,5,0,10,11,"2017-11",112
2017,"Noviembre","Argentina",14600,7089,7511,21689,11,"2017-11",9
2017,"Noviembre","República de Armenia",3,0,3,3,11,"2017-11",148
2017,"Noviembre","Aruba",1,3872,-3871,3873,11,"2017-11",21
2017,"Noviembre","Australia",1614,613,1001,2227,11,"2017-11",27
2017,"Noviembre","Austria",633,47,586,680,11,"2017-11",41
2017,"Noviembre","Azerbaiyán",4,3,1,7,11,"2017-11",123
2017,"Noviembre","Bahamas",31,66,-35,97,11,"2017-11",67
2017,"Noviembre","Bahréin",2,12,-10,14,11,"2017-11",103
2017,"Noviembre","Bangladesh",3,2,1,5,11,"2017-11",134
2017,"Noviembre","Barbados",35,8,27,43,11,"2017-11",80
2017,"Noviembre","República de Belarús",23,2,21,25,11,"2017-11",92
2017,"Noviembre","Bélgica",1037,128,909,1165,11,"2017-11",33
2017,"Noviembre","Belice",49,19,30,68,11,"2017-11",71
2017,"Noviembre","Bermudas/Territorio Británico de Ultramar",6,0,6,6,11,"2017-11",127
2017,"Noviembre","Bolivia",2534,883,1651,3417,11,"2017-11",23
2017,"Noviembre","Bosnia y Herzegovina",6,0,6,6,11,"2017-11",127
2017,"Noviembre","Brasil",20918,7273,13645,28191,11,"2017-11",7
2017,"Noviembre","Bulgaria",87,2,85,89,11,"2017-11",68
2017,"Noviembre","Burkina Faso",2,0,2,2,11,"2017-11",162
2017,"Noviembre","Bután",2,0,2,2,11,"2017-11",162
2017,"Noviembre","Cabo Verde",2,0,2,2,11,"2017-11",162
2017,"Noviembre","Islas Caimán/Territorio Británico de Ultramar",9,16,-7,25,11,"2017-11",92
2017,"Noviembre","Camboya",3,2,1,5,11,"2017-11",134
2017,"Noviembre","Camerún",3,0,3,3,11,"2017-11",148
2017,"Noviembre","Canadá",4256,2695,1561,6951,11,"2017-11",14
2017,"Noviembre","España",12423,24393,-11970,36816,11,"2017-11",5
2017,"Noviembre","República Democrática del Congo",7,1,6,8,11,"2017-11",118
2017,"Noviembre","República de Corea",880,51,829,931,11,"2017-11",35
2017,"Noviembre","Costa de Marfil",2,2,0,4,11,"2017-11",140
2017,"Noviembre","Costa Rica",3363,2874,489,6237,11,"2017-11",18
2017,"Noviembre","Croacia",115,0,115,115,11,"2017-11",60
2017,"Noviembre","Cuba",928,2310,-1382,3238,11,"2017-11",24
2017,"Noviembre","República Checa",266,15,251,281,11,"2017-11",52
2017,"Noviembre","Chile",11638,9445,2193,21083,11,"2017-11",10
2017,"Noviembre","China",1593,354,1239,1947,11,"2017-11",29
2017,"Noviembre","Chipre",7,2,5,9,11,"2017-11",116
2017,"Noviembre","Dinamarca",408,37,371,445,11,"2017-11",46
2017,"Noviembre","Dominica",12,0,12,12,11,"2017-11",108
2017,"Noviembre","Ecuador",16223,20581,-4358,36804,11,"2017-11",6
2017,"Noviembre","Egipto",30,34,-4,64,11,"2017-11",75
2017,"Noviembre","El Salvador",2687,3618,-931,6305,11,"2017-11",16
2017,"Noviembre","Emiratos Árabes",28,325,-297,353,11,"2017-11",48
2017,"Noviembre","Eslovaquia",109,3,106,112,11,"2017-11",62
2017,"Noviembre","Eslovenia",101,6,95,107,11,"2017-11",65
2017,"Noviembre","Estados Unidos de América",42494,97378,-54884,139872,11,"2017-11",1
2017,"Noviembre","Estonia",30,3,27,33,11,"2017-11",86
2017,"Noviembre","Etiopia",5,4,1,9,11,"2017-11",116
2017,"Noviembre","Filipinas",290,9,281,299,11,"2017-11",51
2017,"Noviembre","Finlandia",194,17,177,211,11,"2017-11",54
2017,"Noviembre","Francia",5677,2252,3425,7929,11,"2017-11",12
2017,"Noviembre","Georgia",8,0,8,8,11,"2017-11",118
2017,"Noviembre","Ghana",5,1,4,6,11,"2017-11",127
2017,"Noviembre","Gibraltar/Territorio Británico de Ultramar",1,1,0,2,11,"2017-11",162
2017,"Noviembre","Granada",15,0,15,15,11,"2017-11",102
2017,"Noviembre","Grecia",139,16,123,155,11,"2017-11",57
2017,"Noviembre","Guatemala",2412,1129,1283,3541,11,"2017-11",22
2017,"Noviembre","Guyana",31,7,24,38,11,"2017-11",85
2017,"Noviembre","Guinea",3,0,3,3,11,"2017-11",148
2017,"Noviembre","Guinea Ecuatorial",2,2,0,4,11,"2017-11",140
2017,"Noviembre","Guinea Bissau",2,0,2,2,11,"2017-11",162
2017,"Noviembre","Haití",34,13,21,47,11,"2017-11",77
2017,"Noviembre","Honduras",711,358,353,1069,11,"2017-11",34
2017,"Noviembre","Hong Kong",10,54,-44,64,11,"2017-11",75
2017,"Noviembre","Hungría",113,8,105,121,11,"2017-11",59
2017,"Noviembre","India",690,98,592,788,11,"2017-11",39
2017,"Noviembre","Indonesia",80,17,63,97,11,"2017-11",67
2017,"Noviembre","Iraq",1,3,-2,4,11,"2017-11",140
2017,"Noviembre","Irán",24,5,19,29,11,"2017-11",89
2017,"Noviembre","República de Irlanda",496,23,473,519,11,"2017-11",44
2017,"Noviembre","Islandia",27,4,23,31,11,"2017-11",88
2017,"Noviembre","Israel",682,155,527,837,11,"2017-11",37
2017,"Noviembre","Italia",3918,874,3044,4792,11,"2017-11",19
2017,"Noviembre","Jamaica",92,4022,-3930,4114,11,"2017-11",20
2017,"Noviembre","Japón",821,91,730,912,11,"2017-11",36
2017,"Noviembre","Jordania",19,2,17,21,11,"2017-11",94
2017,"Noviembre","Kazajistán",43,0,43,43,11,"2017-11",80
2017,"Noviembre","Kenia",24,7,17,31,11,"2017-11",88
2017,"Noviembre","Kiribati",1,0,1,1,11,"2017-11",179
2017,"Noviembre","Kirguistán",2,0,2,2,11,"2017-11",162
2017,"Noviembre","Lesoto",1,0,1,1,11,"2017-11",179
2017,"Noviembre","Letonia",58,0,58,58,11,"2017-11",76
2017,"Noviembre","Lituania",66,1,65,67,11,"2017-11",72
2017,"Noviembre","Líbano",58,7,51,65,11,"2017-11",73
2017,"Noviembre","Libia",2,0,2,2,11,"2017-11",162
2017,"Noviembre","Liechtenstein",5,0,5,5,11,"2017-11",134
2017,"Noviembre","Luxemburgo",16,2,14,18,11,"2017-11",97
2017,"Noviembre","Macedonia",5,0,5,5,11,"2017-11",134
2017,"Noviembre","Madagascar",1,0,1,1,11,"2017-11",179
2017,"Noviembre","Malasia",58,25,33,83,11,"2017-11",69
2017,"Noviembre","Malawi",3,0,3,3,11,"2017-11",148
2017,"Noviembre","Malí",1,0,1,1,11,"2017-11",179
2017,"Noviembre","Malta",20,19,1,39,11,"2017-11",84
2017,"Noviembre","Marruecos",27,12,15,39,11,"2017-11",84
2017,"Noviembre","Mauricio",7,0,7,7,11,"2017-11",123
2017,"Noviembre","México",15983,33198,-17215,49181,11,"2017-11",3
2017,"Noviembre","República de Moldavia",5,0,5,5,11,"2017-11",134
2017,"Noviembre","Mónaco",2,1,1,3,11,"2017-11",148
2017,"Noviembre","Mongolia",4,0,4,4,11,"2017-11",140
2017,"Noviembre","Montenegro",11,0,11,11,11,"2017-11",109
2017,"Noviembre","Mozambique",6,3,3,9,11,"2017-11",116
2017,"Noviembre","Myanmar",1,0,1,1,11,"2017-11",179
2017,"Noviembre","Namibia",1,0,1,1,11,"2017-11",179
2017,"Noviembre","Nepal",7,0,7,7,11,"2017-11",123
2017,"Noviembre","Nicaragua",357,250,107,607,11,"2017-11",42
2017,"Noviembre","Nigeria",11,4,7,15,11,"2017-11",102
2017,"Noviembre","Noruega",385,19,366,404,11,"2017-11",47
2017,"Noviembre","Nueva Zelanda",292,43,249,335,11,"2017-11",49
2017,"Noviembre","Omán",3,12,-9,15,11,"2017-11",102
2017,"Noviembre","Pakistán",26,1,25,27,11,"2017-11",90
2017,"Noviembre","Panamá",13145,34816,-21671,47961,11,"2017-11",4
2017,"Noviembre","Paraguay",976,383,593,1359,11,"2017-11",31
2017,"Noviembre","Perú",12785,14332,-1547,27117,11,"2017-11",8
2017,"Noviembre","Palestina",2,0,2,2,11,"2017-11",162
2017,"Noviembre","Polonia",714,14,700,728,11,"2017-11",40
2017,"Noviembre","Portugal",1026,211,815,1237,11,"2017-11",32
2017,"Noviembre","Qatar",2,14,-12,16,11,"2017-11",98
2017,"Noviembre","Reino Unido de Gran Bretaña e Irlanda del Norte",4035,2254,1781,6289,11,"2017-11",17
2017,"Noviembre","Federación de Rusia",485,43,442,528,11,"2017-11",43
2017,"Noviembre","República Dominicana",2156,6463,-4307,8619,11,"2017-11",11
2017,"Noviembre","Rumania",166,4,162,170,11,"2017-11",56
2017,"Noviembre","San Cristóbal y Nevis",18,0,18,18,11,"2017-11",97
2017,"Noviembre","San  Vicente y las Granadinas",12,1,11,13,11,"2017-11",105
2017,"Noviembre","Santa Lucia",19,0,19,19,11,"2017-11",95
2017,"Noviembre","Santa Sede/Ciudad del Vaticano",2,0,2,2,11,"2017-11",162
2017,"Noviembre","Santo Tomé y Príncipe",2,0,2,2,11,"2017-11",162
2017,"Noviembre","Senegal",5,1,4,6,11,"2017-11",127
2017,"Noviembre","Serbia",34,6,28,40,11,"2017-11",81
2017,"Noviembre","Singapur",59,65,-6,124,11,"2017-11",58
2017,"Noviembre","República Árabe Siria",3,0,3,3,11,"2017-11",148
2017,"Noviembre","Somalia",1,0,1,1,11,"2017-11",179
2017,"Noviembre","Sri Lanka",10,2,8,12,11,"2017-11",108
2017,"Noviembre","Sudáfrica",90,22,68,112,11,"2017-11",62
2017,"Noviembre","Suecia",730,101,629,831,11,"2017-11",38
2017,"Noviembre","Suiza",1676,309,1367,1985,11,"2017-11",28
2017,"Noviembre","Surinam",37,9,28,46,11,"2017-11",78
2017,"Noviembre","Taiwán",247,7,240,254,11,"2017-11",53
2017,"Noviembre","República de Tayikistán",10,0,10,10,11,"2017-11",112
2017,"Noviembre","Tailandia",60,49,11,109,11,"2017-11",63
2017,"Noviembre","Tanzania",2,0,2,2,11,"2017-11",162
2017,"Noviembre","Togo",2,0,2,2,11,"2017-11",162
2017,"Noviembre","Trinidad y Tobago",121,86,35,207,11,"2017-11",55
2017,"Noviembre","Túnez",9,1,8,10,11,"2017-11",112
2017,"Noviembre","Turkmenistán",1,6,-5,7,11,"2017-11",123
2017,"Noviembre","Turquía",492,1317,-825,1809,11,"2017-11",30
2017,"Noviembre","Ucrania",108,0,108,108,11,"2017-11",64
2017,"Noviembre","Uganda",7,0,7,7,11,"2017-11",123
2017,"Noviembre","Uruguay",1352,983,369,2335,11,"2017-11",26
2017,"Noviembre","Uzbekistán",1,0,1,1,11,"2017-11",179
2017,"Noviembre","Venezuela",95906,14455,81451,110361,11,"2017-11",2
2017,"Noviembre","Vietnam",12,9,3,21,11,"2017-11",94
2017,"Noviembre","Islas Vírgenes Británicas/Territorio Británico de Ultramar",5,0,5,5,11,"2017-11",134
2017,"Noviembre","República Árabe de Yemen",3,1,2,4,11,"2017-11",140
2017,"Noviembre","Zimbabue",3,0,3,3,11,"2017-11",148
2017,"Noviembre","Refugiado",1,0,1,1,11,"2017-11",179
2017,"Noviembre","Desconocido",310,0,310,310,11,"2017-11",50
2017,"Diciembre","Albania",12,5,7,17,12,"2017-12",101
2017,"Diciembre","Alemania",6960,2316,4644,9276,12,"2017-12",15
2017,"Diciembre","Andorra",11,0,11,11,12,"2017-12",112
2017,"Diciembre","Angola",5,2,3,7,12,"2017-12",131
2017,"Diciembre","Antigua y Barbuda",3,12,-9,15,12,"2017-12",103
2017,"Diciembre","Países Bajos",4969,3137,1832,8106,12,"2017-12",16
2017,"Diciembre","Arabia Saudita",25,28,-3,53,12,"2017-12",77
2017,"Diciembre","Argelia",12,9,3,21,12,"2017-12",96
2017,"Diciembre","Argentina",17138,8801,8337,25939,12,"2017-12",9
2017,"Diciembre","República de Armenia",2,1,1,3,12,"2017-12",158
2017,"Diciembre","Australia",2105,831,1274,2936,12,"2017-12",25
2017,"Diciembre","Austria",719,86,633,805,12,"2017-12",39
2017,"Diciembre","Azerbaiyán",5,3,2,8,12,"2017-12",123
2017,"Diciembre","Bahamas",30,83,-53,113,12,"2017-12",65
2017,"Diciembre","Bahréin",1,10,-9,11,12,"2017-12",112
2017,"Diciembre","Bangladesh",8,2,6,10,12,"2017-12",114
2017,"Diciembre","Barbados",24,13,11,37,12,"2017-12",84
2017,"Diciembre","República de Belarús",17,1,16,18,12,"2017-12",100
2017,"Diciembre","Bélgica",1137,197,940,1334,12,"2017-12",31
2017,"Diciembre","Belice",14,20,-6,34,12,"2017-12",85
2017,"Diciembre","Benín",1,3,-2,4,12,"2017-12",149
2017,"Diciembre","Bermudas/Territorio Británico de Ultramar",4,4,0,8,12,"2017-12",123
2017,"Diciembre","Bolivia",2585,1102,1483,3687,12,"2017-12",23
2017,"Diciembre","Bosnia y Herzegovina",5,0,5,5,12,"2017-12",141
2017,"Diciembre","Brasil",19328,10409,8919,29737,12,"2017-12",7
2017,"Diciembre","Brunei Darussalam",1,0,1,1,12,"2017-12",184
2017,"Diciembre","Bulgaria",84,9,75,93,12,"2017-12",68
2017,"Diciembre","Burundi",2,0,2,2,12,"2017-12",164
2017,"Diciembre","Bután",1,0,1,1,12,"2017-12",184
2017,"Diciembre","Cabo Verde",2,1,1,3,12,"2017-12",158
2017,"Diciembre","Islas Caimán/Territorio Británico de Ultramar",24,132,-108,156,12,"2017-12",59
2017,"Diciembre","Camboya",3,2,1,5,12,"2017-12",141
2017,"Diciembre","Camerún",4,2,2,6,12,"2017-12",137
2017,"Diciembre","Canadá",7504,4679,2825,12183,12,"2017-12",11
2017,"Diciembre","España",12989,32754,-19765,45743,12,"2017-12",6
2017,"Diciembre","República Del Congo",3,0,3,3,12,"2017-12",158
2017,"Diciembre","República Democrática del Congo",6,0,6,6,12,"2017-12",137
2017,"Diciembre","República de Corea",938,19,919,957,12,"2017-12",37
2017,"Diciembre","Costa de Marfil",1,5,-4,6,12,"2017-12",137
2017,"Diciembre","Costa Rica",4845,3222,1623,8067,12,"2017-12",17
2017,"Diciembre","Croacia",112,7,105,119,12,"2017-12",63
2017,"Diciembre","Cuba",1019,3311,-2292,4330,12,"2017-12",21
2017,"Diciembre","República Checa",201,29,172,230,12,"2017-12",53
2017,"Diciembre","Chile",9563,13192,-3629,22755,12,"2017-12",10
2017,"Diciembre","China",1183,237,946,1420,12,"2017-12",29
2017,"Diciembre","Chipre",18,4,14,22,12,"2017-12",94
2017,"Diciembre","Dinamarca",592,58,534,650,12,"2017-12",43
2017,"Diciembre","Dominica",4,0,4,4,12,"2017-12",149
2017,"Diciembre","Ecuador",15706,30230,-14524,45936,12,"2017-12",5
2017,"Diciembre","Egipto",21,27,-6,48,12,"2017-12",79
2017,"Diciembre","El Salvador",2248,2299,-51,4547,12,"2017-12",20
2017,"Diciembre","Emiratos Árabes",19,328,-309,347,12,"2017-12",49
2017,"Diciembre","Eslovaquia",101,3,98,104,12,"2017-12",66
2017,"Diciembre","Eslovenia",64,6,58,70,12,"2017-12",71
2017,"Diciembre","Estados Unidos de América",59630,127684,-68054,187314,12,"2017-12",1
2017,"Diciembre","Estonia",37,1,36,38,12,"2017-12",83
2017,"Diciembre","Etiopia",2,5,-3,7,12,"2017-12",131
2017,"Diciembre","Islas Fiji",1,0,1,1,12,"2017-12",184
2017,"Diciembre","Filipinas",270,8,262,278,12,"2017-12",51
2017,"Diciembre","Finlandia",293,17,276,310,12,"2017-12",50
2017,"Diciembre","Francia",7497,3506,3991,11003,12,"2017-12",12
2017,"Diciembre","Gabón",1,0,1,1,12,"2017-12",184
2017,"Diciembre","Georgia",4,1,3,5,12,"2017-12",141
2017,"Diciembre","Ghana",5,1,4,6,12,"2017-12",137
2017,"Diciembre","Granada",14,0,14,14,12,"2017-12",104
2017,"Diciembre","Grecia",173,22,151,195,12,"2017-12",55
2017,"Diciembre","Guatemala",2486,1679,807,4165,12,"2017-12",22
2017,"Diciembre","Guyana",20,8,12,28,12,"2017-12",89
2017,"Diciembre","Haití",50,24,26,74,12,"2017-12",69
2017,"Diciembre","Honduras",773,252,521,1025,12,"2017-12",35
2017,"Diciembre","Hong Kong",17,46,-29,63,12,"2017-12",73
2017,"Diciembre","Hungría",134,10,124,144,12,"2017-12",60
2017,"Diciembre","India",638,110,528,748,12,"2017-12",41
2017,"Diciembre","Indonesia",44,4,40,48,12,"2017-12",79
2017,"Diciembre","Iraq",2,5,-3,7,12,"2017-12",131
2017,"Diciembre","Irán",27,4,23,31,12,"2017-12",87
2017,"Diciembre","República de Irlanda",453,26,427,479,12,"2017-12",46
2017,"Diciembre","Islandia",49,4,45,53,12,"2017-12",77
2017,"Diciembre","Israel",797,218,579,1015,12,"2017-12",36
2017,"Diciembre","Italia",4344,1113,3231,5457,12,"2017-12",19
2017,"Diciembre","Jamaica",76,2531,-2455,2607,12,"2017-12",26
2017,"Diciembre","Japón",882,179,703,1061,12,"2017-12",34
2017,"Diciembre","Jordania",13,7,6,20,12,"2017-12",97
2017,"Diciembre","Kazajistán",18,1,17,19,12,"2017-12",98
2017,"Diciembre","Kenia",12,12,0,24,12,"2017-12",93
2017,"Diciembre","Kuwait",7,11,-4,18,12,"2017-12",100
2017,"Diciembre","República de Kosovo",3,0,3,3,12,"2017-12",158
2017,"Diciembre","República Democrática Popular  Lao",1,0,1,1,12,"2017-12",184
2017,"Diciembre","Letonia",28,0,28,28,12,"2017-12",89
2017,"Diciembre","Lituania",65,1,64,66,12,"2017-12",72
2017,"Diciembre","Líbano",78,25,53,103,12,"2017-12",67
2017,"Diciembre","Libia",1,0,1,1,12,"2017-12",184
2017,"Diciembre","Liechtenstein",11,1,10,12,12,"2017-12",107
2017,"Diciembre","Luxemburgo",36,8,28,44,12,"2017-12",80
2017,"Diciembre","Macedonia",8,1,7,9,12,"2017-12",117
2017,"Diciembre","Madagascar",2,3,-1,5,12,"2017-12",141
2017,"Diciembre","Malasia",55,6,49,61,12,"2017-12",74
2017,"Diciembre","Maldivas",1,6,-5,7,12,"2017-12",131
2017,"Diciembre","Malí",1,0,1,1,12,"2017-12",184
2017,"Diciembre","Malta",30,26,4,56,12,"2017-12",75
2017,"Diciembre","Marruecos",38,33,5,71,12,"2017-12",70
2017,"Diciembre","Mauricio",3,0,3,3,12,"2017-12",158
2017,"Diciembre","Mauritania",1,1,0,2,12,"2017-12",164
2017,"Diciembre","México",14268,41552,-27284,55820,12,"2017-12",3
2017,"Diciembre","República de Moldavia",8,0,8,8,12,"2017-12",123
2017,"Diciembre","Mónaco",1,0,1,1,12,"2017-12",184
2017,"Diciembre","Mongolia",2,1,1,3,12,"2017-12",158
2017,"Diciembre","Montenegro",13,0,13,13,12,"2017-12",106
2017,"Diciembre","Mozambique",4,0,4,4,12,"2017-12",149
2017,"Diciembre","Myanmar",7,0,7,7,12,"2017-12",131
2017,"Diciembre","Namibia",2,0,2,2,12,"2017-12",164
2017,"Diciembre","Nepal",6,0,6,6,12,"2017-12",137
2017,"Diciembre","Nicaragua",338,293,45,631,12,"2017-12",44
2017,"Diciembre","Nigeria",8,3,5,11,12,"2017-12",112
2017,"Diciembre","Noruega",595,64,531,659,12,"2017-12",42
2017,"Diciembre","Nueva Zelanda",328,62,266,390,12,"2017-12",48
2017,"Diciembre","Omán",1,6,-5,7,12,"2017-12",131
2017,"Diciembre","Papúa Nueva Guinea",6,1,5,7,12,"2017-12",131
2017,"Diciembre","Pakistán",30,1,29,31,12,"2017-12",87
2017,"Diciembre","Panamá",8879,37707,-28828,46586,12,"2017-12",4
2017,"Diciembre","Paraguay",512,372,140,884,12,"2017-12",38
2017,"Diciembre","Perú",11403,15229,-3826,26632,12,"2017-12",8
2017,"Diciembre","Palestina",2,0,2,2,12,"2017-12",164
2017,"Diciembre","Polonia",410,26,384,436,12,"2017-12",47
2017,"Diciembre","Portugal",915,266,649,1181,12,"2017-12",33
2017,"Diciembre","Qatar",1,14,-13,15,12,"2017-12",103
2017,"Diciembre","Reino Unido de Gran Bretaña e Irlanda del Norte",5194,2807,2387,8001,12,"2017-12",18
2017,"Diciembre","República CentroÁfricana",1,1,0,2,12,"2017-12",164
2017,"Diciembre","Federación de Rusia",574,47,527,621,12,"2017-12",45
2017,"Diciembre","República Dominicana",1467,8972,-7505,10439,12,"2017-12",13
2017,"Diciembre","Rumania",234,4,230,238,12,"2017-12",52
2017,"Diciembre","Rwanda",1,0,1,1,12,"2017-12",184
2017,"Diciembre","San Cristóbal y Nevis",11,10,1,21,12,"2017-12",96
2017,"Diciembre","San Marino",1,0,1,1,12,"2017-12",184
2017,"Diciembre","San  Vicente y las Granadinas",4,5,-1,9,12,"2017-12",117
2017,"Diciembre","Santa Lucia",8,0,8,8,12,"2017-12",123
2017,"Diciembre","Senegal",3,0,3,3,12,"2017-12",158
2017,"Diciembre","Serbia",36,3,33,39,12,"2017-12",82
2017,"Diciembre","Singapur",72,42,30,114,12,"2017-12",64
2017,"Diciembre","República Árabe Siria",9,0,9,9,12,"2017-12",117
2017,"Diciembre","Sri Lanka",8,0,8,8,12,"2017-12",123
2017,"Diciembre","Sudáfrica",120,37,83,157,12,"2017-12",58
2017,"Diciembre","Suecia",1273,129,1144,1402,12,"2017-12",30
2017,"Diciembre","Suiza",2435,577,1858,3012,12,"2017-12",24
2017,"Diciembre","Surinam",19,6,13,25,12,"2017-12",92
2017,"Diciembre","Taiwán",172,7,165,179,12,"2017-12",57
2017,"Diciembre","República de Tayikistán",1,0,1,1,12,"2017-12",184
2017,"Diciembre","Tailandia",40,89,-49,129,12,"2017-12",62
2017,"Diciembre","Tanzania",3,8,-5,11,12,"2017-12",112
2017,"Diciembre","Tonga",1,0,1,1,12,"2017-12",184
2017,"Diciembre","Trinidad y Tobago",135,92,43,227,12,"2017-12",54
2017,"Diciembre","Túnez",21,4,17,25,12,"2017-12",92
2017,"Diciembre","Turkmenistán",1,10,-9,11,12,"2017-12",112
2017,"Diciembre","Turquía",528,1346,-818,1874,12,"2017-12",28
2017,"Diciembre","Ucrania",141,1,140,142,12,"2017-12",61
2017,"Diciembre","Uganda",6,1,5,7,12,"2017-12",131
2017,"Diciembre","Uruguay",1102,1136,-34,2238,12,"2017-12",27
2017,"Diciembre","Uzbekistán",1,0,1,1,12,"2017-12",184
2017,"Diciembre","Venezuela",109649,19782,89867,129431,12,"2017-12",2
2017,"Diciembre","Vietnam",18,7,11,25,12,"2017-12",92
2017,"Diciembre","Islas Vírgenes Británicas/Territorio Británico de Ultramar",1,7,-6,8,12,"2017-12",123
2017,"Diciembre","República Árabe de Yemen",3,0,3,3,12,"2017-12",158
2017,"Diciembre","Zambia",5,1,4,6,12,"2017-12",137
2017,"Diciembre","Zimbabue",10,0,10,10,12,"2017-12",114
2017,"Diciembre","Refugiado",13,0,13,13,12,"2017-12",106
2017,"Diciembre","Desconocido",186,0,186,186,12,"2017-12",56
2018,"Enero","Afganistán",2,7,-5,9,1,"2018-1",125
2018,"Enero","Albania",13,19,-6,32,1,"2018-1",91
2018,"Enero","Alemania",6423,2767,3656,9190,1,"2018-1",13
2018,"Enero","Andorra",15,5,10,20,1,"2018-1",103
2018,"Enero","Angola",2,18,-16,20,1,"2018-1",103
2018,"Enero","Antigua y Barbuda",2,8,-6,10,1,"2018-1",121
2018,"Enero","Países Bajos",4354,3477,877,7831,1,"2018-1",17
2018,"Enero","Arabia Saudita",16,98,-82,114,1,"2018-1",65
2018,"Enero","Argelia",14,15,-1,29,1,"2018-1",95
2018,"Enero","Argentina",26988,9617,17371,36605,1,"2018-1",7
2018,"Enero","República de Armenia",4,0,4,4,1,"2018-1",145
2018,"Enero","Aruba",1,6042,-6041,6043,1,"2018-1",18
2018,"Enero","Australia",1745,1839,-94,3584,1,"2018-1",24
2018,"Enero","Austria",784,133,651,917,1,"2018-1",39
2018,"Enero","Azerbaiyán",8,5,3,13,1,"2018-1",115
2018,"Enero","Bahamas",29,113,-84,142,1,"2018-1",61
2018,"Enero","Bahréin",1,12,-11,13,1,"2018-1",115
2018,"Enero","Bangladesh",4,3,1,7,1,"2018-1",132
2018,"Enero","Barbados",25,26,-1,51,1,"2018-1",82
2018,"Enero","República de Belarús",12,1,11,13,1,"2018-1",115
2018,"Enero","Bélgica",1100,378,722,1478,1,"2018-1",30
2018,"Enero","Belice",20,21,-1,41,1,"2018-1",88
2018,"Enero","Bermudas/Territorio Británico de Ultramar",1,7,-6,8,1,"2018-1",128
2018,"Enero","Bolivia",2400,1343,1057,3743,1,"2018-1",22
2018,"Enero","Bosnia y Herzegovina",6,0,6,6,1,"2018-1",136
2018,"Enero","Brasil",21488,8683,12805,30171,1,"2018-1",8
2018,"Enero","Bulgaria",130,9,121,139,1,"2018-1",62
2018,"Enero","Bután",1,0,1,1,1,"2018-1",188
2018,"Enero","Cabo Verde",5,7,-2,12,1,"2018-1",116
2018,"Enero","Islas Caimán/Territorio Británico de Ultramar",3,71,-68,74,1,"2018-1",72
2018,"Enero","Camerún",2,11,-9,13,1,"2018-1",115
2018,"Enero","Canadá",7284,9545,-2261,16829,1,"2018-1",11
2018,"Enero","España",11391,31328,-19937,42719,1,"2018-1",6
2018,"Enero","República Democrática del Congo",9,0,9,9,1,"2018-1",125
2018,"Enero","República de Corea",1245,27,1218,1272,1,"2018-1",33
2018,"Enero","Costa de Marfil",4,16,-12,20,1,"2018-1",103
2018,"Enero","Costa Rica",4749,4290,459,9039,1,"2018-1",15
2018,"Enero","Croacia",143,5,138,148,1,"2018-1",60
2018,"Enero","Cuba",2029,3137,-1108,5166,1,"2018-1",20
2018,"Enero","República Checa",266,31,235,297,1,"2018-1",51
2018,"Enero","Chile",10663,16214,-5551,26877,1,"2018-1",9
2018,"Enero","China",1356,429,927,1785,1,"2018-1",28
2018,"Enero","Chipre",17,3,14,20,1,"2018-1",103
2018,"Enero","Dinamarca",630,83,547,713,1,"2018-1",43
2018,"Enero","Dominica",15,1,14,16,1,"2018-1",107
2018,"Enero","Ecuador",12097,40848,-28751,52945,1,"2018-1",3
2018,"Enero","Egipto",38,38,0,76,1,"2018-1",70
2018,"Enero","El Salvador",2134,2317,-183,4451,1,"2018-1",21
2018,"Enero","Emiratos Árabes",15,570,-555,585,1,"2018-1",47
2018,"Enero","Eslovaquia",150,5,145,155,1,"2018-1",58
2018,"Enero","Eslovenia",114,5,109,119,1,"2018-1",63
2018,"Enero","Estados Unidos de América",41758,113807,-72049,155565,1,"2018-1",1
2018,"Enero","Estonia",60,3,57,63,1,"2018-1",75
2018,"Enero","Etiopia",6,9,-3,15,1,"2018-1",110
2018,"Enero","Filipinas",297,15,282,312,1,"2018-1",50
2018,"Enero","Finlandia",223,36,187,259,1,"2018-1",52
2018,"Enero","Francia",8488,3591,4897,12079,1,"2018-1",12
2018,"Enero","Georgia",7,0,7,7,1,"2018-1",132
2018,"Enero","Ghana",18,3,15,21,1,"2018-1",99
2018,"Enero","Granada",3,2,1,5,1,"2018-1",140
2018,"Enero","Grecia",130,22,108,152,1,"2018-1",59
2018,"Enero","Guatemala",1588,2066,-478,3654,1,"2018-1",23
2018,"Enero","Guyana",21,22,-1,43,1,"2018-1",87
2018,"Enero","Haití",36,22,14,58,1,"2018-1",78
2018,"Enero","Honduras",773,456,317,1229,1,"2018-1",36
2018,"Enero","Hong Kong",17,68,-51,85,1,"2018-1",69
2018,"Enero","Hungría",216,28,188,244,1,"2018-1",53
2018,"Enero","India",689,82,607,771,1,"2018-1",41
2018,"Enero","Indonesia",58,14,44,72,1,"2018-1",74
2018,"Enero","Iraq",2,14,-12,16,1,"2018-1",107
2018,"Enero","Irán",25,3,22,28,1,"2018-1",96
2018,"Enero","República de Irlanda",508,54,454,562,1,"2018-1",48
2018,"Enero","Islandia",32,11,21,43,1,"2018-1",87
2018,"Enero","Israel",972,277,695,1249,1,"2018-1",35
2018,"Enero","Italia",4354,1682,2672,6036,1,"2018-1",19
2018,"Enero","Jamaica",92,2777,-2685,2869,1,"2018-1",26
2018,"Enero","Japón",820,154,666,974,1,"2018-1",38
2018,"Enero","Jordania",8,2,6,10,1,"2018-1",121
2018,"Enero","Kazajistán",13,4,9,17,1,"2018-1",104
2018,"Enero","Kenia",18,13,5,31,1,"2018-1",92
2018,"Enero","Kirguistán",3,0,3,3,1,"2018-1",152
2018,"Enero","Kuwait",7,14,-7,21,1,"2018-1",99
2018,"Enero","República de Kosovo",1,0,1,1,1,"2018-1",188
2018,"Enero","República Democrática Popular  Lao",1,0,1,1,1,"2018-1",188
2018,"Enero","Letonia",52,0,52,52,1,"2018-1",81
2018,"Enero","Lituania",72,3,69,75,1,"2018-1",71
2018,"Enero","Líbano",40,20,20,60,1,"2018-1",76
2018,"Enero","Liberia",1,1,0,2,1,"2018-1",163
2018,"Enero","Libia",2,1,1,3,1,"2018-1",152
2018,"Enero","Liechtenstein",6,0,6,6,1,"2018-1",136
2018,"Enero","Luxemburgo",35,22,13,57,1,"2018-1",79
2018,"Enero","Macedonia",2,0,2,2,1,"2018-1",163
2018,"Enero","Madagascar",3,0,3,3,1,"2018-1",152
2018,"Enero","Malasia",43,6,37,49,1,"2018-1",84
2018,"Enero","Malawi",1,0,1,1,1,"2018-1",188
2018,"Enero","Malí",2,1,1,3,1,"2018-1",152
2018,"Enero","Malta",21,52,-31,73,1,"2018-1",73
2018,"Enero","Marruecos",34,19,15,53,1,"2018-1",80
2018,"Enero","Mauricio",4,0,4,4,1,"2018-1",145
2018,"Enero","México",12584,39735,-27151,52319,1,"2018-1",4
2018,"Enero","República de Moldavia",6,0,6,6,1,"2018-1",136
2018,"Enero","Mónaco",5,0,5,5,1,"2018-1",140
2018,"Enero","Mongolia",6,0,6,6,1,"2018-1",136
2018,"Enero","Montenegro",10,0,10,10,1,"2018-1",121
2018,"Enero","Mozambique",5,10,-5,15,1,"2018-1",110
2018,"Enero","Myanmar",4,0,4,4,1,"2018-1",145
2018,"Enero","Nepal",4,1,3,5,1,"2018-1",140
2018,"Enero","Nicaragua",343,359,-16,702,1,"2018-1",44
2018,"Enero","Nigeria",15,14,1,29,1,"2018-1",95
2018,"Enero","Níger",1,0,1,1,1,"2018-1",188
2018,"Enero","Noruega",576,95,481,671,1,"2018-1",46
2018,"Enero","Nueva Zelanda",313,154,159,467,1,"2018-1",49
2018,"Enero","Omán",1,15,-14,16,1,"2018-1",107
2018,"Enero","Papúa Nueva Guinea",1,0,1,1,1,"2018-1",188
2018,"Enero","Pakistán",28,1,27,29,1,"2018-1",95
2018,"Enero","Panamá",9353,39361,-30008,48714,1,"2018-1",5
2018,"Enero","Paraguay",825,438,387,1263,1,"2018-1",34
2018,"Enero","Perú",11797,13744,-1947,25541,1,"2018-1",10
2018,"Enero","Palestina",4,0,4,4,1,"2018-1",145
2018,"Enero","Polonia",658,29,629,687,1,"2018-1",45
2018,"Enero","Portugal",1117,236,881,1353,1,"2018-1",31
2018,"Enero","Puerto Rico/Territorio de Estados Unidos",1,1287,-1286,1288,1,"2018-1",32
2018,"Enero","Reino Unido de Gran Bretaña e Irlanda del Norte",4512,4444,68,8956,1,"2018-1",16
2018,"Enero","Federación de Rusia",709,47,662,756,1,"2018-1",42
2018,"Enero","República Dominicana",1533,7545,-6012,9078,1,"2018-1",14
2018,"Enero","Rumania",236,4,232,240,1,"2018-1",54
2018,"Enero","Rwanda",1,0,1,1,1,"2018-1",188
2018,"Enero","San Cristóbal y Nevis",9,0,9,9,1,"2018-1",125
2018,"Enero","San Marino",2,0,2,2,1,"2018-1",163
2018,"Enero","San  Vicente y las Granadinas",8,5,3,13,1,"2018-1",115
2018,"Enero","Santa Lucia",8,2,6,10,1,"2018-1",121
2018,"Enero","Santa Sede/Ciudad del Vaticano",1,0,1,1,1,"2018-1",188
2018,"Enero","Senegal",2,5,-3,7,1,"2018-1",132
2018,"Enero","Serbia",40,0,40,40,1,"2018-1",89
2018,"Enero","Singapur",73,35,38,108,1,"2018-1",66
2018,"Enero","República Árabe Siria",3,0,3,3,1,"2018-1",152
2018,"Enero","Sri Lanka",15,0,15,15,1,"2018-1",110
2018,"Enero","Sudáfrica",91,25,66,116,1,"2018-1",64
2018,"Enero","Suecia",1139,463,676,1602,1,"2018-1",29
2018,"Enero","Suiza",1987,925,1062,2912,1,"2018-1",25
2018,"Enero","Surinam",39,4,35,43,1,"2018-1",87
2018,"Enero","Taiwán",162,6,156,168,1,"2018-1",57
2018,"Enero","Tailandia",42,52,-10,94,1,"2018-1",68
2018,"Enero","Tanzania",1,2,-1,3,1,"2018-1",152
2018,"Enero","Togo",1,0,1,1,1,"2018-1",188
2018,"Enero","Trinidad y Tobago",95,106,-11,201,1,"2018-1",55
2018,"Enero","Túnez",44,6,38,50,1,"2018-1",83
2018,"Enero","Turquía",648,448,200,1096,1,"2018-1",37
2018,"Enero","Ucrania",106,1,105,107,1,"2018-1",67
2018,"Enero","Uganda",3,1,2,4,1,"2018-1",145
2018,"Enero","Uruguay",1386,845,541,2231,1,"2018-1",27
2018,"Enero","Uzbekistán",2,0,2,2,1,"2018-1",163
2018,"Enero","Venezuela",126973,20675,106298,147648,1,"2018-1",2
2018,"Enero","Vietnam",13,9,4,22,1,"2018-1",97
2018,"Enero","República Árabe de Yemen",1,0,1,1,1,"2018-1",188
2018,"Enero","Zimbabue",3,0,3,3,1,"2018-1",152
2018,"Enero","Islas Turcas y Caicos/Territorio Británico de Ultramar",1,1,0,2,1,"2018-1",163
2018,"Enero","Refugiado Otro",1,0,1,1,1,"2018-1",188
2018,"Enero","Refugiado",10,0,10,10,1,"2018-1",121
2018,"Enero","Desconocido",181,0,181,181,1,"2018-1",56
2018,"Febrero","Albania",3,2,1,5,2,"2018-2",135
2018,"Febrero","Alemania",7241,1800,5441,9041,2,"2018-2",13
2018,"Febrero","Andorra",17,3,14,20,2,"2018-2",96
2018,"Febrero","Angola",7,3,4,10,2,"2018-2",113
2018,"Febrero","Antigua y Barbuda",3,7,-4,10,2,"2018-2",113
2018,"Febrero","Países Bajos",4445,2092,2353,6537,2,"2018-2",15
2018,"Febrero","Arabia Saudita",8,27,-19,35,2,"2018-2",85
2018,"Febrero","Argelia",7,4,3,11,2,"2018-2",108
2018,"Febrero","Argentina",22060,6769,15291,28829,2,"2018-2",7
2018,"Febrero","República de Armenia",3,0,3,3,2,"2018-2",151
2018,"Febrero","Australia",1210,852,358,2062,2,"2018-2",25
2018,"Febrero","Austria",876,100,776,976,2,"2018-2",37
2018,"Febrero","Azerbaiyán",8,1,7,9,2,"2018-2",117
2018,"Febrero","Bahamas",39,93,-54,132,2,"2018-2",60
2018,"Febrero","Bahréin",2,13,-11,15,2,"2018-2",100
2018,"Febrero","Bangladesh",1,3,-2,4,2,"2018-2",139
2018,"Febrero","Barbados",19,8,11,27,2,"2018-2",89
2018,"Febrero","República de Belarús",12,2,10,14,2,"2018-2",103
2018,"Febrero","Bélgica",966,167,799,1133,2,"2018-2",34
2018,"Febrero","Belice",16,19,-3,35,2,"2018-2",85
2018,"Febrero","Bermudas/Territorio Británico de Ultramar",3,6,-3,9,2,"2018-2",117
2018,"Febrero","Bolivia",1649,1031,618,2680,2,"2018-2",23
2018,"Febrero","Bosnia y Herzegovina",7,1,6,8,2,"2018-2",121
2018,"Febrero","Botsuana",2,0,2,2,2,"2018-2",168
2018,"Febrero","Brasil",18722,8256,10466,26978,2,"2018-2",8
2018,"Febrero","Bulgaria",111,5,106,116,2,"2018-2",61
2018,"Febrero","Burkina Faso",7,1,6,8,2,"2018-2",121
2018,"Febrero","Bután",1,0,1,1,2,"2018-2",181
2018,"Febrero","Islas Caimán/Territorio Británico de Ultramar",6,13,-7,19,2,"2018-2",97
2018,"Febrero","Camerún",7,1,6,8,2,"2018-2",121
2018,"Febrero","Canadá",7394,4036,3358,11430,2,"2018-2",11
2018,"Febrero","Chad",1,1,0,2,2,"2018-2",168
2018,"Febrero","España",10719,26359,-15640,37078,2,"2018-2",5
2018,"Febrero","República Democrática del Congo",5,1,4,6,2,"2018-2",127
2018,"Febrero","República de Corea",747,44,703,791,2,"2018-2",40
2018,"Febrero","Costa de Marfil",4,6,-2,10,2,"2018-2",113
2018,"Febrero","Costa Rica",3126,2686,440,5812,2,"2018-2",17
2018,"Febrero","Croacia",105,3,102,108,2,"2018-2",62
2018,"Febrero","Cuba",1978,1694,284,3672,2,"2018-2",22
2018,"Febrero","República Checa",278,25,253,303,2,"2018-2",49
2018,"Febrero","Chile",15965,8486,7479,24451,2,"2018-2",9
2018,"Febrero","China",1200,294,906,1494,2,"2018-2",28
2018,"Febrero","Chipre",27,0,27,27,2,"2018-2",89
2018,"Febrero","Dinamarca",590,40,550,630,2,"2018-2",43
2018,"Febrero","Dominica",13,1,12,14,2,"2018-2",103
2018,"Febrero","Ecuador",12828,22249,-9421,35077,2,"2018-2",6
2018,"Febrero","Egipto",43,21,22,64,2,"2018-2",75
2018,"Febrero","El Salvador",2268,1908,360,4176,2,"2018-2",19
2018,"Febrero","Emiratos Árabes",15,298,-283,313,2,"2018-2",48
2018,"Febrero","Eritrea",1,2,-1,3,2,"2018-2",151
2018,"Febrero","Eslovaquia",155,2,153,157,2,"2018-2",57
2018,"Febrero","Eslovenia",76,1,75,77,2,"2018-2",69
2018,"Febrero","Estados Unidos de América",50096,78379,-28283,128475,2,"2018-2",2
2018,"Febrero","Estonia",40,1,39,41,2,"2018-2",82
2018,"Febrero","Etiopia",8,3,5,11,2,"2018-2",108
2018,"Febrero","Islas Fiji",2,0,2,2,2,"2018-2",168
2018,"Febrero","Filipinas",287,13,274,300,2,"2018-2",50
2018,"Febrero","Finlandia",235,14,221,249,2,"2018-2",52
2018,"Febrero","Francia",8598,1869,6729,10467,2,"2018-2",12
2018,"Febrero","Georgia",13,0,13,13,2,"2018-2",104
2018,"Febrero","Ghana",21,1,20,22,2,"2018-2",94
2018,"Febrero","Granada",5,0,5,5,2,"2018-2",135
2018,"Febrero","Grecia",168,8,160,176,2,"2018-2",56
2018,"Febrero","Guatemala",2321,1380,941,3701,2,"2018-2",21
2018,"Febrero","Guyana",24,6,18,30,2,"2018-2",86
2018,"Febrero","Haití",76,22,54,98,2,"2018-2",65
2018,"Febrero","Honduras",988,362,626,1350,2,"2018-2",30
2018,"Febrero","Hong Kong",25,60,-35,85,2,"2018-2",67
2018,"Febrero","Hungría",141,11,130,152,2,"2018-2",58
2018,"Febrero","India",597,82,515,679,2,"2018-2",41
2018,"Febrero","Indonesia",84,5,79,89,2,"2018-2",66
2018,"Febrero","Iraq",2,3,-1,5,2,"2018-2",135
2018,"Febrero","Irán",18,4,14,22,2,"2018-2",94
2018,"Febrero","República de Irlanda",420,19,401,439,2,"2018-2",47
2018,"Febrero","Islandia",58,10,48,68,2,"2018-2",74
2018,"Febrero","Israel",1332,195,1137,1527,2,"2018-2",27
2018,"Febrero","Islas Aland/Provincia de Finlandia",1,0,1,1,2,"2018-2",181
2018,"Febrero","Italia",3998,1299,2699,5297,2,"2018-2",18
2018,"Febrero","Jamaica",112,1281,-1169,1393,2,"2018-2",29
2018,"Febrero","Islas Salomón",1,0,1,1,2,"2018-2",181
2018,"Febrero","Japón",955,106,849,1061,2,"2018-2",36
2018,"Febrero","Jordania",11,4,7,15,2,"2018-2",100
2018,"Febrero","Kazajistán",14,0,14,14,2,"2018-2",103
2018,"Febrero","Kenia",20,2,18,22,2,"2018-2",94
2018,"Febrero","Kiribati",5,0,5,5,2,"2018-2",135
2018,"Febrero","Kirguistán",2,0,2,2,2,"2018-2",168
2018,"Febrero","Kuwait",6,4,2,10,2,"2018-2",113
2018,"Febrero","República de Kosovo",2,1,1,3,2,"2018-2",151
2018,"Febrero","Letonia",40,1,39,41,2,"2018-2",82
2018,"Febrero","Lituania",103,0,103,103,2,"2018-2",63
2018,"Febrero","Líbano",55,20,35,75,2,"2018-2",71
2018,"Febrero","Liechtenstein",2,1,1,3,2,"2018-2",151
2018,"Febrero","Luxemburgo",34,12,22,46,2,"2018-2",79
2018,"Febrero","Macedonia",4,0,4,4,2,"2018-2",139
2018,"Febrero","Madagascar",1,0,1,1,2,"2018-2",181
2018,"Febrero","Malasia",49,23,26,72,2,"2018-2",72
2018,"Febrero","Malawi",4,1,3,5,2,"2018-2",135
2018,"Febrero","Malí",1,1,0,2,2,"2018-2",168
2018,"Febrero","Malta",25,52,-27,77,2,"2018-2",69
2018,"Febrero","Marruecos",32,18,14,50,2,"2018-2",78
2018,"Febrero","Mauricio",2,0,2,2,2,"2018-2",168
2018,"Febrero","México",13256,24496,-11240,37752,2,"2018-2",4
2018,"Febrero","República de Moldavia",3,0,3,3,2,"2018-2",151
2018,"Febrero","Mónaco",1,1,0,2,2,"2018-2",168
2018,"Febrero","Mongolia",1,1,0,2,2,"2018-2",168
2018,"Febrero","Montenegro",9,0,9,9,2,"2018-2",117
2018,"Febrero","Mozambique",3,0,3,3,2,"2018-2",151
2018,"Febrero","Myanmar",7,0,7,7,2,"2018-2",122
2018,"Febrero","Namibia",1,1,0,2,2,"2018-2",168
2018,"Febrero","Nepal",7,1,6,8,2,"2018-2",121
2018,"Febrero","Nicaragua",313,272,41,585,2,"2018-2",45
2018,"Febrero","Nigeria",21,5,16,26,2,"2018-2",90
2018,"Febrero","Noruega",417,35,382,452,2,"2018-2",46
2018,"Febrero","Nueva Zelanda",186,86,100,272,2,"2018-2",51
2018,"Febrero","Pakistán",29,0,29,29,2,"2018-2",87
2018,"Febrero","Panamá",12697,27903,-15206,40600,2,"2018-2",3
2018,"Febrero","Paraguay",809,327,482,1136,2,"2018-2",33
2018,"Febrero","Perú",13049,10080,2969,23129,2,"2018-2",10
2018,"Febrero","Palestina",9,2,7,11,2,"2018-2",108
2018,"Febrero","Polonia",628,20,608,648,2,"2018-2",42
2018,"Febrero","Portugal",866,214,652,1080,2,"2018-2",35
2018,"Febrero","Puerto Rico/Territorio de Estados Unidos",2,825,-823,827,2,"2018-2",38
2018,"Febrero","Qatar",1,21,-20,22,2,"2018-2",94
2018,"Febrero","Reino Unido de Gran Bretaña e Irlanda del Norte",4272,2276,1996,6548,2,"2018-2",14
2018,"Febrero","Federación de Rusia",494,97,397,591,2,"2018-2",44
2018,"Febrero","República Dominicana",1871,4109,-2238,5980,2,"2018-2",16
2018,"Febrero","Rumania",235,3,232,238,2,"2018-2",53
2018,"Febrero","Rwanda",2,0,2,2,2,"2018-2",168
2018,"Febrero","San Cristóbal y Nevis",6,0,6,6,2,"2018-2",127
2018,"Febrero","Samoa Estadounidense/Territorio no incorporado de Estados Unidos",1,0,1,1,2,"2018-2",181
2018,"Febrero","San Marino",2,0,2,2,2,"2018-2",168
2018,"Febrero","San  Vicente y las Granadinas",2,2,0,4,2,"2018-2",139
2018,"Febrero","Santa Lucia",6,0,6,6,2,"2018-2",127
2018,"Febrero","Senegal",4,2,2,6,2,"2018-2",127
2018,"Febrero","Serbia",41,2,39,43,2,"2018-2",80
2018,"Febrero","Singapur",33,17,16,50,2,"2018-2",78
2018,"Febrero","República Árabe Siria",10,0,10,10,2,"2018-2",113
2018,"Febrero","Sri Lanka",15,0,15,15,2,"2018-2",100
2018,"Febrero","Sudáfrica",61,15,46,76,2,"2018-2",70
2018,"Febrero","Suecia",967,210,757,1177,2,"2018-2",32
2018,"Febrero","Suiza",1943,534,1409,2477,2,"2018-2",24
2018,"Febrero","Surinam",24,15,9,39,2,"2018-2",83
2018,"Febrero","Taiwán",214,5,209,219,2,"2018-2",54
2018,"Febrero","Tailandia",15,35,-20,50,2,"2018-2",78
2018,"Febrero","Tanzania",2,0,2,2,2,"2018-2",168
2018,"Febrero","Tonga",1,0,1,1,2,"2018-2",181
2018,"Febrero","Trinidad y Tobago",93,41,52,134,2,"2018-2",59
2018,"Febrero","Túnez",12,0,12,12,2,"2018-2",105
2018,"Febrero","Turquía",584,669,-85,1253,2,"2018-2",31
2018,"Febrero","Ucrania",96,2,94,98,2,"2018-2",65
2018,"Febrero","Uganda",4,1,3,5,2,"2018-2",135
2018,"Febrero","Uruguay",1381,612,769,1993,2,"2018-2",26
2018,"Febrero","Uzbekistán",1,4,-3,5,2,"2018-2",135
2018,"Febrero","Venezuela",128672,11833,116839,140505,2,"2018-2",1
2018,"Febrero","Vietnam",8,13,-5,21,2,"2018-2",95
2018,"Febrero","Islas Vírgenes Británicas/Territorio Británico de Ultramar",2,0,2,2,2,"2018-2",168
2018,"Febrero","República Árabe de Yemen",2,0,2,2,2,"2018-2",168
2018,"Febrero","Zimbabue",3,0,3,3,2,"2018-2",151
2018,"Febrero","Refugiado Otro",5,0,5,5,2,"2018-2",135
2018,"Febrero","Refugiado",9,0,9,9,2,"2018-2",117
2018,"Febrero","Desconocido",204,0,204,204,2,"2018-2",55
2018,"Marzo","Afganistán",5,5,0,10,3,"2018-3",124
2018,"Marzo","Albania",9,6,3,15,3,"2018-3",108
2018,"Marzo","Alemania",7835,2302,5533,10137,3,"2018-3",13
2018,"Marzo","Andorra",10,0,10,10,3,"2018-3",124
2018,"Marzo","Angola",4,5,-1,9,3,"2018-3",130
2018,"Marzo","Antigua y Barbuda",14,3,11,17,3,"2018-3",99
2018,"Marzo","Países Bajos",4823,2087,2736,6910,3,"2018-3",18
2018,"Marzo","Arabia Saudita",11,36,-25,47,3,"2018-3",84
2018,"Marzo","Argelia",8,4,4,12,3,"2018-3",115
2018,"Marzo","Argentina",26362,9133,17229,35495,3,"2018-3",7
2018,"Marzo","República de Armenia",2,0,2,2,3,"2018-3",174
2018,"Marzo","Australia",1269,674,595,1943,3,"2018-3",28
2018,"Marzo","Austria",725,93,632,818,3,"2018-3",41
2018,"Marzo","Azerbaiyán",11,3,8,14,3,"2018-3",110
2018,"Marzo","Bahamas",33,102,-69,135,3,"2018-3",62
2018,"Marzo","Bahréin",5,10,-5,15,3,"2018-3",108
2018,"Marzo","Bangladesh",9,1,8,10,3,"2018-3",124
2018,"Marzo","Barbados",15,16,-1,31,3,"2018-3",91
2018,"Marzo","República de Belarús",10,2,8,12,3,"2018-3",115
2018,"Marzo","Bélgica",1053,185,868,1238,3,"2018-3",34
2018,"Marzo","Belice",42,42,0,84,3,"2018-3",73
2018,"Marzo","Benín",5,1,4,6,3,"2018-3",142
2018,"Marzo","Bermudas/Territorio Británico de Ultramar",11,6,5,17,3,"2018-3",99
2018,"Marzo","Bolivia",1496,1143,353,2639,3,"2018-3",24
2018,"Marzo","Bosnia y Herzegovina",11,2,9,13,3,"2018-3",112
2018,"Marzo","Botsuana",1,0,1,1,3,"2018-3",196
2018,"Marzo","Brasil",18177,11364,6813,29541,3,"2018-3",8
2018,"Marzo","Bulgaria",111,7,104,118,3,"2018-3",66
2018,"Marzo","Burkina Faso",4,0,4,4,3,"2018-3",156
2018,"Marzo","Burundi",1,0,1,1,3,"2018-3",196
2018,"Marzo","Bután",2,0,2,2,3,"2018-3",174
2018,"Marzo","Cabo Verde",1,0,1,1,3,"2018-3",196
2018,"Marzo","Islas Caimán/Territorio Británico de Ultramar",5,6,-1,11,3,"2018-3",117
2018,"Marzo","Camboya",2,6,-4,8,3,"2018-3",135
2018,"Marzo","Camerún",10,0,10,10,3,"2018-3",124
2018,"Marzo","Canadá",7505,5048,2457,12553,3,"2018-3",11
2018,"Marzo","Chad",3,0,3,3,3,"2018-3",164
2018,"Marzo","España",12475,34807,-22332,47282,3,"2018-3",4
2018,"Marzo","Comoras",1,0,1,1,3,"2018-3",196
2018,"Marzo","República Democrática del Congo",7,1,6,8,3,"2018-3",135
2018,"Marzo","República de Corea",826,42,784,868,3,"2018-3",39
2018,"Marzo","Costa de Marfil",7,8,-1,15,3,"2018-3",108
2018,"Marzo","Costa Rica",3967,3058,909,7025,3,"2018-3",17
2018,"Marzo","Croacia",114,12,102,126,3,"2018-3",65
2018,"Marzo","Cuba",1386,2884,-1498,4270,3,"2018-3",21
2018,"Marzo","República Checa",263,47,216,310,3,"2018-3",53
2018,"Marzo","Chile",11071,12087,-1016,23158,3,"2018-3",10
2018,"Marzo","China",1755,1217,538,2972,3,"2018-3",23
2018,"Marzo","Chipre",22,0,22,22,3,"2018-3",95
2018,"Marzo","Dinamarca",659,60,599,719,3,"2018-3",42
2018,"Marzo","Dominica",16,0,16,16,3,"2018-3",100
2018,"Marzo","Ecuador",15154,27830,-12676,42984,3,"2018-3",5
2018,"Marzo","Egipto",36,52,-16,88,3,"2018-3",71
2018,"Marzo","El Salvador",2614,2088,526,4702,3,"2018-3",20
2018,"Marzo","Emiratos Árabes",22,387,-365,409,3,"2018-3",49
2018,"Marzo","Eritrea",2,2,0,4,3,"2018-3",156
2018,"Marzo","Eslovaquia",122,5,117,127,3,"2018-3",64
2018,"Marzo","Eslovenia",131,2,129,133,3,"2018-3",63
2018,"Marzo","Estados Unidos de América",59117,111200,-52083,170317,3,"2018-3",1
2018,"Marzo","Estonia",63,4,59,67,3,"2018-3",76
2018,"Marzo","Etiopia",11,4,7,15,3,"2018-3",108
2018,"Marzo","Islas Fiji",4,0,4,4,3,"2018-3",156
2018,"Marzo","Filipinas",360,4,356,364,3,"2018-3",50
2018,"Marzo","Finlandia",188,24,164,212,3,"2018-3",58
2018,"Marzo","Francia",7628,2808,4820,10436,3,"2018-3",12
2018,"Marzo","Georgia",7,2,5,9,3,"2018-3",130
2018,"Marzo","Ghana",26,1,25,27,3,"2018-3",92
2018,"Marzo","Granada",10,0,10,10,3,"2018-3",124
2018,"Marzo","Grecia",187,31,156,218,3,"2018-3",57
2018,"Marzo","Guatemala",2039,1751,288,3790,3,"2018-3",22
2018,"Marzo","Guyana",31,16,15,47,3,"2018-3",84
2018,"Marzo","Guinea",1,1,0,2,3,"2018-3",174
2018,"Marzo","Guinea Bissau",2,0,2,2,3,"2018-3",174
2018,"Marzo","Haití",44,17,27,61,3,"2018-3",77
2018,"Marzo","Honduras",1043,403,640,1446,3,"2018-3",30
2018,"Marzo","Hong Kong",26,90,-64,116,3,"2018-3",67
2018,"Marzo","Hungría",164,13,151,177,3,"2018-3",59
2018,"Marzo","India",737,106,631,843,3,"2018-3",40
2018,"Marzo","Indonesia",77,11,66,88,3,"2018-3",71
2018,"Marzo","Iraq",4,5,-1,9,3,"2018-3",130
2018,"Marzo","Irán",26,7,19,33,3,"2018-3",90
2018,"Marzo","República de Irlanda",618,21,597,639,3,"2018-3",44
2018,"Marzo","Islandia",34,4,30,38,3,"2018-3",88
2018,"Marzo","Israel",1721,207,1514,1928,3,"2018-3",29
2018,"Marzo","Italia",3501,1430,2071,4931,3,"2018-3",19
2018,"Marzo","Jamaica",99,1012,-913,1111,3,"2018-3",36
2018,"Marzo","Japón",934,287,647,1221,3,"2018-3",35
2018,"Marzo","Jordania",11,6,5,17,3,"2018-3",99
2018,"Marzo","Kazajistán",9,4,5,13,3,"2018-3",112
2018,"Marzo","Kenia",31,9,22,40,3,"2018-3",86
2018,"Marzo","Kirguistán",2,0,2,2,3,"2018-3",174
2018,"Marzo","Kuwait",10,2,8,12,3,"2018-3",115
2018,"Marzo","República de Kosovo",4,0,4,4,3,"2018-3",156
2018,"Marzo","Lesoto",1,0,1,1,3,"2018-3",196
2018,"Marzo","Letonia",58,1,57,59,3,"2018-3",80
2018,"Marzo","Lituania",67,1,66,68,3,"2018-3",75
2018,"Marzo","Líbano",60,27,33,87,3,"2018-3",72
2018,"Marzo","Liberia",1,0,1,1,3,"2018-3",196
2018,"Marzo","Liechtenstein",10,1,9,11,3,"2018-3",117
2018,"Marzo","Luxemburgo",45,14,31,59,3,"2018-3",80
2018,"Marzo","Macedonia",4,1,3,5,3,"2018-3",147
2018,"Marzo","Madagascar",1,0,1,1,3,"2018-3",196
2018,"Marzo","Malasia",65,5,60,70,3,"2018-3",74
2018,"Marzo","Malawi",3,0,3,3,3,"2018-3",164
2018,"Marzo","Maldivas",1,0,1,1,3,"2018-3",196
2018,"Marzo","Malí",4,0,4,4,3,"2018-3",156
2018,"Marzo","Malta",20,34,-14,54,3,"2018-3",81
2018,"Marzo","Marruecos",26,13,13,39,3,"2018-3",87
2018,"Marzo","Mauricio",6,0,6,6,3,"2018-3",142
2018,"Marzo","Mauritania",1,1,0,2,3,"2018-3",174
2018,"Marzo","México",16718,34653,-17935,51371,3,"2018-3",3
2018,"Marzo","República de Moldavia",9,1,8,10,3,"2018-3",124
2018,"Marzo","Mónaco",8,0,8,8,3,"2018-3",135
2018,"Marzo","Montenegro",9,0,9,9,3,"2018-3",130
2018,"Marzo","Mozambique",2,3,-1,5,3,"2018-3",147
2018,"Marzo","Myanmar",24,0,24,24,3,"2018-3",94
2018,"Marzo","Namibia",1,0,1,1,3,"2018-3",196
2018,"Marzo","Nepal",10,4,6,14,3,"2018-3",110
2018,"Marzo","Nicaragua",440,238,202,678,3,"2018-3",43
2018,"Marzo","Nigeria",21,5,16,26,3,"2018-3",93
2018,"Marzo","Noruega",470,45,425,515,3,"2018-3",47
2018,"Marzo","Nueva Zelanda",283,70,213,353,3,"2018-3",51
2018,"Marzo","Omán",3,4,-1,7,3,"2018-3",137
2018,"Marzo","Papúa Nueva Guinea",2,2,0,4,3,"2018-3",156
2018,"Marzo","Pakistán",37,0,37,37,3,"2018-3",89
2018,"Marzo","Panamá",7283,33114,-25831,40397,3,"2018-3",6
2018,"Marzo","Paraguay",715,578,137,1293,3,"2018-3",32
2018,"Marzo","Perú",12665,13649,-984,26314,3,"2018-3",9
2018,"Marzo","Palestina",5,1,4,6,3,"2018-3",142
2018,"Marzo","Polonia",603,26,577,629,3,"2018-3",45
2018,"Marzo","Portugal",1051,285,766,1336,3,"2018-3",31
2018,"Marzo","Puerto Rico/Territorio de Estados Unidos",1,1244,-1243,1245,3,"2018-3",33
2018,"Marzo","Qatar",2,15,-13,17,3,"2018-3",99
2018,"Marzo","Reino Unido de Gran Bretaña e Irlanda del Norte",5056,2823,2233,7879,3,"2018-3",15
2018,"Marzo","Federación de Rusia",494,51,443,545,3,"2018-3",46
2018,"Marzo","República Dominicana",2249,6880,-4631,9129,3,"2018-3",14
2018,"Marzo","Rumania",233,3,230,236,3,"2018-3",55
2018,"Marzo","Rwanda",1,0,1,1,3,"2018-3",196
2018,"Marzo","San Cristóbal y Nevis",10,0,10,10,3,"2018-3",124
2018,"Marzo","San Marino",4,0,4,4,3,"2018-3",156
2018,"Marzo","San  Vicente y las Granadinas",3,1,2,4,3,"2018-3",156
2018,"Marzo","Santa Lucia",15,0,15,15,3,"2018-3",108
2018,"Marzo","Santa Sede/Ciudad del Vaticano",1,1,0,2,3,"2018-3",174
2018,"Marzo","Senegal",9,0,9,9,3,"2018-3",130
2018,"Marzo","Serbia",40,4,36,44,3,"2018-3",85
2018,"Marzo","Sierra Leona",1,0,1,1,3,"2018-3",196
2018,"Marzo","Singapur",79,36,43,115,3,"2018-3",68
2018,"Marzo","República Árabe Siria",6,0,6,6,3,"2018-3",142
2018,"Marzo","Sri Lanka",7,1,6,8,3,"2018-3",135
2018,"Marzo","Sudáfrica",136,34,102,170,3,"2018-3",60
2018,"Marzo","Sudán",3,0,3,3,3,"2018-3",164
2018,"Marzo","Suecia",870,175,695,1045,3,"2018-3",37
2018,"Marzo","Suiza",1803,553,1250,2356,3,"2018-3",26
2018,"Marzo","Surinam",44,16,28,60,3,"2018-3",78
2018,"Marzo","Suazilandia",2,0,2,2,3,"2018-3",174
2018,"Marzo","Taiwán",313,9,304,322,3,"2018-3",52
2018,"Marzo","Tailandia",53,90,-37,143,3,"2018-3",61
2018,"Marzo","Tanzania",9,6,3,15,3,"2018-3",108
2018,"Marzo","Togo",3,1,2,4,3,"2018-3",156
2018,"Marzo","Trinidad y Tobago",133,97,36,230,3,"2018-3",56
2018,"Marzo","Túnez",12,3,9,15,3,"2018-3",108
2018,"Marzo","Turquía",745,1203,-458,1948,3,"2018-3",27
2018,"Marzo","Ucrania",93,1,92,94,3,"2018-3",69
2018,"Marzo","Uganda",4,4,0,8,3,"2018-3",135
2018,"Marzo","Uruguay",1701,907,794,2608,3,"2018-3",25
2018,"Marzo","Uzbekistán",7,0,7,7,3,"2018-3",137
2018,"Marzo","Vanuatu",1,0,1,1,3,"2018-3",196
2018,"Marzo","Venezuela",118455,14235,104220,132690,3,"2018-3",2
2018,"Marzo","Vietnam",32,19,13,51,3,"2018-3",82
2018,"Marzo","República Árabe de Yemen",5,0,5,5,3,"2018-3",147
2018,"Marzo","Zambia",3,0,3,3,3,"2018-3",164
2018,"Marzo","Zimbabue",5,0,5,5,3,"2018-3",147
2018,"Marzo","Refugiado",15,0,15,15,3,"2018-3",108
2018,"Marzo","Desconocido",243,0,243,243,3,"2018-3",54
2018,"Abril","Afganistán",1,12,-11,13,4,"2018-4",105
2018,"Abril","Albania",6,2,4,8,4,"2018-4",119
2018,"Abril","Alemania",5144,2615,2529,7759,4,"2018-4",14
2018,"Abril","Andorra",9,1,8,10,4,"2018-4",112
2018,"Abril","Antigua y Barbuda",7,0,7,7,4,"2018-4",127
2018,"Abril","Países Bajos",4645,2133,2512,6778,4,"2018-4",17
2018,"Abril","Arabia Saudita",7,40,-33,47,4,"2018-4",82
2018,"Abril","Argelia",6,9,-3,15,4,"2018-4",103
2018,"Abril","Argentina",21700,6156,15544,27856,4,"2018-4",7
2018,"Abril","República de Armenia",6,1,5,7,4,"2018-4",127
2018,"Abril","Aruba",2,6013,-6011,6015,4,"2018-4",18
2018,"Abril","Australia",1188,699,489,1887,4,"2018-4",29
2018,"Abril","Austria",489,89,400,578,4,"2018-4",41
2018,"Abril","Azerbaiyán",4,1,3,5,4,"2018-4",138
2018,"Abril","Bahamas",35,93,-58,128,4,"2018-4",62
2018,"Abril","Bahréin",1,9,-8,10,4,"2018-4",112
2018,"Abril","Bangladesh",5,1,4,6,4,"2018-4",133
2018,"Abril","Barbados",33,32,1,65,4,"2018-4",77
2018,"Abril","República de Belarús",10,0,10,10,4,"2018-4",112
2018,"Abril","Bélgica",805,219,586,1024,4,"2018-4",34
2018,"Abril","Belice",29,48,-19,77,4,"2018-4",73
2018,"Abril","Bermudas/Territorio Británico de Ultramar",2,11,-9,13,4,"2018-4",105
2018,"Abril","Bolivia",1582,1024,558,2606,4,"2018-4",26
2018,"Abril","Bosnia y Herzegovina",18,4,14,22,4,"2018-4",95
2018,"Abril","Brasil",17504,8485,9019,25989,4,"2018-4",8
2018,"Abril","Bulgaria",143,4,139,147,4,"2018-4",61
2018,"Abril","Burkina Faso",2,0,2,2,4,"2018-4",165
2018,"Abril","Cabo Verde",12,0,12,12,4,"2018-4",106
2018,"Abril","Islas Caimán/Territorio Británico de Ultramar",4,23,-19,27,4,"2018-4",91
2018,"Abril","Camerún",2,2,0,4,4,"2018-4",146
2018,"Abril","Canadá",4571,4296,275,8867,4,"2018-4",12
2018,"Abril","España",11476,33192,-21716,44668,4,"2018-4",4
2018,"Abril","República Democrática del Congo",8,1,7,9,4,"2018-4",114
2018,"Abril","República de Corea",777,40,737,817,4,"2018-4",37
2018,"Abril","Costa de Marfil",3,12,-9,15,4,"2018-4",103
2018,"Abril","Costa Rica",4503,3126,1377,7629,4,"2018-4",15
2018,"Abril","Croacia",90,9,81,99,4,"2018-4",68
2018,"Abril","Cuba",732,2514,-1782,3246,4,"2018-4",22
2018,"Abril","Curazao",2,594,-592,596,4,"2018-4",40
2018,"Abril","República Checa",246,22,224,268,4,"2018-4",52
2018,"Abril","Chile",12042,10622,1420,22664,4,"2018-4",10
2018,"Abril","China",1554,1428,126,2982,4,"2018-4",23
2018,"Abril","Chipre",7,1,6,8,4,"2018-4",119
2018,"Abril","Dinamarca",404,62,342,466,4,"2018-4",46
2018,"Abril","Dominica",10,0,10,10,4,"2018-4",112
2018,"Abril","Ecuador",12534,20503,-7969,33037,4,"2018-4",6
2018,"Abril","Egipto",18,79,-61,97,4,"2018-4",69
2018,"Abril","El Salvador",2307,2290,17,4597,4,"2018-4",20
2018,"Abril","Emiratos Árabes",17,332,-315,349,4,"2018-4",48
2018,"Abril","Eslovaquia",170,7,163,177,4,"2018-4",58
2018,"Abril","Eslovenia",112,4,108,116,4,"2018-4",64
2018,"Abril","Estados Unidos de América",46649,98867,-52218,145516,4,"2018-4",1
2018,"Abril","Estonia",28,4,24,32,4,"2018-4",87
2018,"Abril","Etiopia",6,2,4,8,4,"2018-4",119
2018,"Abril","Filipinas",342,12,330,354,4,"2018-4",47
2018,"Abril","Finlandia",158,18,140,176,4,"2018-4",59
2018,"Abril","Francia",6461,2519,3942,8980,4,"2018-4",11
2018,"Abril","Gabón",1,1,0,2,4,"2018-4",165
2018,"Abril","Georgia",6,1,5,7,4,"2018-4",127
2018,"Abril","Ghana",20,3,17,23,4,"2018-4",94
2018,"Abril","Granada",8,0,8,8,4,"2018-4",119
2018,"Abril","Grecia",149,37,112,186,4,"2018-4",57
2018,"Abril","Guatemala",1807,1786,21,3593,4,"2018-4",21
2018,"Abril","Guyana",54,7,47,61,4,"2018-4",79
2018,"Abril","Haití",51,26,25,77,4,"2018-4",73
2018,"Abril","Honduras",947,403,544,1350,4,"2018-4",30
2018,"Abril","Hong Kong",24,83,-59,107,4,"2018-4",66
2018,"Abril","Hungría",159,11,148,170,4,"2018-4",60
2018,"Abril","India",650,60,590,710,4,"2018-4",39
2018,"Abril","Indonesia",48,15,33,63,4,"2018-4",78
2018,"Abril","Iraq",3,12,-9,15,4,"2018-4",103
2018,"Abril","Irán",24,4,20,28,4,"2018-4",90
2018,"Abril","República de Irlanda",502,50,452,552,4,"2018-4",42
2018,"Abril","Islandia",23,5,18,28,4,"2018-4",90
2018,"Abril","Israel",2575,258,2317,2833,4,"2018-4",24
2018,"Abril","Italia",3210,1740,1470,4950,4,"2018-4",19
2018,"Abril","Jamaica",101,99,2,200,4,"2018-4",56
2018,"Abril","Japón",755,224,531,979,4,"2018-4",36
2018,"Abril","Jordania",13,7,6,20,4,"2018-4",96
2018,"Abril","Kazajistán",4,3,1,7,4,"2018-4",127
2018,"Abril","Kenia",21,18,3,39,4,"2018-4",85
2018,"Abril","Kuwait",7,10,-3,17,4,"2018-4",99
2018,"Abril","República de Kosovo",1,0,1,1,4,"2018-4",179
2018,"Abril","Letonia",28,0,28,28,4,"2018-4",90
2018,"Abril","Lituania",57,3,54,60,4,"2018-4",80
2018,"Abril","Líbano",42,30,12,72,4,"2018-4",76
2018,"Abril","Liberia",1,0,1,1,4,"2018-4",179
2018,"Abril","Liechtenstein",4,0,4,4,4,"2018-4",146
2018,"Abril","Luxemburgo",22,21,1,43,4,"2018-4",83
2018,"Abril","Macedonia",6,0,6,6,4,"2018-4",133
2018,"Abril","Madagascar",3,0,3,3,4,"2018-4",154
2018,"Abril","Malasia",93,6,87,99,4,"2018-4",68
2018,"Abril","Malawi",2,0,2,2,4,"2018-4",165
2018,"Abril","Maldivas",1,0,1,1,4,"2018-4",179
2018,"Abril","Malí",1,1,0,2,4,"2018-4",165
2018,"Abril","Malta",6,34,-28,40,4,"2018-4",84
2018,"Abril","Marruecos",35,39,-4,74,4,"2018-4",74
2018,"Abril","Mauricio",6,0,6,6,4,"2018-4",133
2018,"Abril","México",15137,33744,-18607,48881,4,"2018-4",3
2018,"Abril","República de Moldavia",5,0,5,5,4,"2018-4",138
2018,"Abril","Mónaco",2,6,-4,8,4,"2018-4",119
2018,"Abril","Mongolia",1,1,0,2,4,"2018-4",165
2018,"Abril","Montenegro",6,0,6,6,4,"2018-4",133
2018,"Abril","Mozambique",4,0,4,4,4,"2018-4",146
2018,"Abril","Myanmar",1,1,0,2,4,"2018-4",165
2018,"Abril","Namibia",2,0,2,2,4,"2018-4",165
2018,"Abril","Nepal",6,5,1,11,4,"2018-4",108
2018,"Abril","Nicaragua",309,241,68,550,4,"2018-4",43
2018,"Abril","Nigeria",7,9,-2,16,4,"2018-4",100
2018,"Abril","Noruega",262,49,213,311,4,"2018-4",51
2018,"Abril","Nueva Zelanda",279,66,213,345,4,"2018-4",49
2018,"Abril","Omán",1,6,-5,7,4,"2018-4",127
2018,"Abril","Pakistán",17,1,16,18,4,"2018-4",97
2018,"Abril","Panamá",7424,29162,-21738,36586,4,"2018-4",5
2018,"Abril","Paraguay",646,650,-4,1296,4,"2018-4",32
2018,"Abril","Perú",12072,13055,-983,25127,4,"2018-4",9
2018,"Abril","Palestina",3,0,3,3,4,"2018-4",154
2018,"Abril","Polonia",479,38,441,517,4,"2018-4",45
2018,"Abril","Portugal",1003,342,661,1345,4,"2018-4",31
2018,"Abril","Qatar",6,20,-14,26,4,"2018-4",92
2018,"Abril","Reino Unido de Gran Bretaña e Irlanda del Norte",4279,3111,1168,7390,4,"2018-4",16
2018,"Abril","República CentroÁfricana",1,6,-5,7,4,"2018-4",127
2018,"Abril","Federación de Rusia",468,66,402,534,4,"2018-4",44
2018,"Abril","República Dominicana",1735,6084,-4349,7819,4,"2018-4",13
2018,"Abril","Rumania",203,13,190,216,4,"2018-4",53
2018,"Abril","Rwanda",2,1,1,3,4,"2018-4",154
2018,"Abril","San Cristóbal y Nevis",7,0,7,7,4,"2018-4",127
2018,"Abril","San Marino",3,1,2,4,4,"2018-4",146
2018,"Abril","San  Vicente y las Granadinas",3,1,2,4,4,"2018-4",146
2018,"Abril","Santa Lucia",11,0,11,11,4,"2018-4",108
2018,"Abril","Santa Sede/Ciudad del Vaticano",2,1,1,3,4,"2018-4",154
2018,"Abril","Senegal",3,0,3,3,4,"2018-4",154
2018,"Abril","Serbia",45,5,40,50,4,"2018-4",81
2018,"Abril","Seychelles",1,0,1,1,4,"2018-4",179
2018,"Abril","Sierra Leona",1,0,1,1,4,"2018-4",179
2018,"Abril","Singapur",56,34,22,90,4,"2018-4",70
2018,"Abril","República Árabe Siria",5,1,4,6,4,"2018-4",133
2018,"Abril","Sri Lanka",7,0,7,7,4,"2018-4",127
2018,"Abril","Sudáfrica",94,28,66,122,4,"2018-4",63
2018,"Abril","Sudán",2,0,2,2,4,"2018-4",165
2018,"Abril","Suecia",630,160,470,790,4,"2018-4",38
2018,"Abril","Suiza",1521,492,1029,2013,4,"2018-4",28
2018,"Abril","Surinam",54,18,36,72,4,"2018-4",76
2018,"Abril","Taiwán",205,8,197,213,4,"2018-4",54
2018,"Abril","Tailandia",74,33,41,107,4,"2018-4",66
2018,"Abril","Tanzania",1,2,-1,3,4,"2018-4",154
2018,"Abril","Togo",1,0,1,1,4,"2018-4",179
2018,"Abril","Trinidad y Tobago",124,77,47,201,4,"2018-4",55
2018,"Abril","Túnez",13,20,-7,33,4,"2018-4",86
2018,"Abril","Turquía",657,1558,-901,2215,4,"2018-4",27
2018,"Abril","Ucrania",77,4,73,81,4,"2018-4",71
2018,"Abril","Uganda",3,1,2,4,4,"2018-4",146
2018,"Abril","Uruguay",1936,755,1181,2691,4,"2018-4",25
2018,"Abril","Uzbekistán",1,0,1,1,4,"2018-4",179
2018,"Abril","Venezuela",123144,12387,110757,135531,4,"2018-4",2
2018,"Abril","Vietnam",12,13,-1,25,4,"2018-4",93
2018,"Abril","Islas Vírgenes Británicas/Territorio Británico de Ultramar",1,0,1,1,4,"2018-4",179
2018,"Abril","República Árabe de Yemen",4,0,4,4,4,"2018-4",146
2018,"Abril","Zambia",2,0,2,2,4,"2018-4",165
2018,"Abril","Zimbabue",4,0,4,4,4,"2018-4",146
2018,"Abril","Anguila/Territorio Británico de Ultramar",1,0,1,1,4,"2018-4",179
2018,"Abril","Refugiado",17,0,17,17,4,"2018-4",99
2018,"Abril","Desconocido",324,0,324,324,4,"2018-4",50
2018,"Mayo","Albania",5,25,-20,30,5,"2018-5",87
2018,"Mayo","Alemania",4657,3271,1386,7928,5,"2018-5",14
2018,"Mayo","Andorra",10,1,9,11,5,"2018-5",117
2018,"Mayo","Antigua y Barbuda",11,4,7,15,5,"2018-5",107
2018,"Mayo","Países Bajos",4011,2643,1368,6654,5,"2018-5",17
2018,"Mayo","Arabia Saudita",7,42,-35,49,5,"2018-5",80
2018,"Mayo","Argelia",6,4,2,10,5,"2018-5",121
2018,"Mayo","Argentina",16780,5405,11375,22185,5,"2018-5",9
2018,"Mayo","República de Armenia",5,0,5,5,5,"2018-5",142
2018,"Mayo","Australia",1274,560,714,1834,5,"2018-5",28
2018,"Mayo","Austria",478,90,388,568,5,"2018-5",42
2018,"Mayo","Azerbaiyán",10,51,-41,61,5,"2018-5",76
2018,"Mayo","Bahamas",29,95,-66,124,5,"2018-5",60
2018,"Mayo","Bahréin",1,8,-7,9,5,"2018-5",124
2018,"Mayo","Bangladesh",5,0,5,5,5,"2018-5",142
2018,"Mayo","Barbados",45,19,26,64,5,"2018-5",75
2018,"Mayo","República de Belarús",10,0,10,10,5,"2018-5",121
2018,"Mayo","Bélgica",686,264,422,950,5,"2018-5",36
2018,"Mayo","Belice",18,17,1,35,5,"2018-5",84
2018,"Mayo","Bermudas/Territorio Británico de Ultramar",4,2,2,6,5,"2018-5",134
2018,"Mayo","Bolivia",1475,1384,91,2859,5,"2018-5",23
2018,"Mayo","Bosnia y Herzegovina",14,0,14,14,5,"2018-5",109
2018,"Mayo","Botsuana",1,0,1,1,5,"2018-5",182
2018,"Mayo","Brasil",15307,9210,6097,24517,5,"2018-5",8
2018,"Mayo","Brunei Darussalam",1,0,1,1,5,"2018-5",182
2018,"Mayo","Bulgaria",100,4,96,104,5,"2018-5",63
2018,"Mayo","Burkina Faso",3,0,3,3,5,"2018-5",160
2018,"Mayo","Bután",1,0,1,1,5,"2018-5",182
2018,"Mayo","Islas Caimán/Territorio Británico de Ultramar",9,15,-6,24,5,"2018-5",95
2018,"Mayo","Camboya",1,3,-2,4,5,"2018-5",148
2018,"Mayo","Camerún",7,1,6,8,5,"2018-5",127
2018,"Mayo","Canadá",4052,5327,-1275,9379,5,"2018-5",12
2018,"Mayo","España",10851,42450,-31599,53301,5,"2018-5",3
2018,"Mayo","República Del Congo",1,3,-2,4,5,"2018-5",148
2018,"Mayo","República Democrática del Congo",11,0,11,11,5,"2018-5",117
2018,"Mayo","República de Corea",696,43,653,739,5,"2018-5",39
2018,"Mayo","Costa de Marfil",2,13,-11,15,5,"2018-5",107
2018,"Mayo","Costa Rica",3952,3106,846,7058,5,"2018-5",15
2018,"Mayo","Croacia",68,28,40,96,5,"2018-5",65
2018,"Mayo","Cuba",662,2825,-2163,3487,5,"2018-5",21
2018,"Mayo","Curazao",1,845,-844,846,5,"2018-5",37
2018,"Mayo","República Checa",169,25,144,194,5,"2018-5",54
2018,"Mayo","Chile",12223,8221,4002,20444,5,"2018-5",10
2018,"Mayo","China",1644,780,864,2424,5,"2018-5",25
2018,"Mayo","Chipre",13,4,9,17,5,"2018-5",100
2018,"Mayo","Dinamarca",299,51,248,350,5,"2018-5",48
2018,"Mayo","Dominica",9,2,7,11,5,"2018-5",117
2018,"Mayo","Ecuador",10936,20190,-9254,31126,5,"2018-5",6
2018,"Mayo","Egipto",40,34,6,74,5,"2018-5",74
2018,"Mayo","El Salvador",2318,2194,124,4512,5,"2018-5",19
2018,"Mayo","Emiratos Árabes",13,397,-384,410,5,"2018-5",46
2018,"Mayo","Eslovaquia",74,2,72,76,5,"2018-5",73
2018,"Mayo","Eslovenia",30,5,25,35,5,"2018-5",84
2018,"Mayo","Estados Unidos de América",51564,111430,-59866,162994,5,"2018-5",1
2018,"Mayo","Estonia",19,3,16,22,5,"2018-5",97
2018,"Mayo","Etiopia",2,3,-1,5,5,"2018-5",142
2018,"Mayo","Islas Fiji",2,0,2,2,5,"2018-5",170
2018,"Mayo","Filipinas",359,19,340,378,5,"2018-5",47
2018,"Mayo","Finlandia",150,18,132,168,5,"2018-5",58
2018,"Mayo","Francia",5039,4085,954,9124,5,"2018-5",13
2018,"Mayo","Gabón",1,5,-4,6,5,"2018-5",134
2018,"Mayo","Georgia",9,0,9,9,5,"2018-5",124
2018,"Mayo","Ghana",9,4,5,13,5,"2018-5",110
2018,"Mayo","Granada",7,0,7,7,5,"2018-5",130
2018,"Mayo","Grecia",126,61,65,187,5,"2018-5",57
2018,"Mayo","Guatemala",1686,1573,113,3259,5,"2018-5",22
2018,"Mayo","Guyana",30,7,23,37,5,"2018-5",82
2018,"Mayo","Haití",45,11,34,56,5,"2018-5",77
2018,"Mayo","Honduras",853,407,446,1260,5,"2018-5",30
2018,"Mayo","Hong Kong",25,51,-26,76,5,"2018-5",73
2018,"Mayo","Hungría",113,22,91,135,5,"2018-5",59
2018,"Mayo","India",736,67,669,803,5,"2018-5",38
2018,"Mayo","Indonesia",87,8,79,95,5,"2018-5",66
2018,"Mayo","Irán",29,1,28,30,5,"2018-5",87
2018,"Mayo","República de Irlanda",503,28,475,531,5,"2018-5",43
2018,"Mayo","Islandia",20,7,13,27,5,"2018-5",90
2018,"Mayo","Israel",1467,274,1193,1741,5,"2018-5",29
2018,"Mayo","Italia",2854,2021,833,4875,5,"2018-5",18
2018,"Mayo","Jamaica",88,99,-11,187,5,"2018-5",57
2018,"Mayo","Japón",733,237,496,970,5,"2018-5",35
2018,"Mayo","Jordania",5,5,0,10,5,"2018-5",121
2018,"Mayo","Kazajistán",23,1,22,24,5,"2018-5",95
2018,"Mayo","Kenia",18,6,12,24,5,"2018-5",95
2018,"Mayo","Kirguistán",2,0,2,2,5,"2018-5",170
2018,"Mayo","Kuwait",4,3,1,7,5,"2018-5",130
2018,"Mayo","República de Kosovo",6,1,5,7,5,"2018-5",130
2018,"Mayo","Letonia",16,0,16,16,5,"2018-5",104
2018,"Mayo","Lituania",64,12,52,76,5,"2018-5",73
2018,"Mayo","Líbano",57,35,22,92,5,"2018-5",67
2018,"Mayo","Libia",1,0,1,1,5,"2018-5",182
2018,"Mayo","Liechtenstein",3,0,3,3,5,"2018-5",160
2018,"Mayo","Luxemburgo",13,19,-6,32,5,"2018-5",85
2018,"Mayo","Macedonia",4,0,4,4,5,"2018-5",148
2018,"Mayo","Madagascar",3,0,3,3,5,"2018-5",160
2018,"Mayo","Malasia",77,8,69,85,5,"2018-5",70
2018,"Mayo","Malí",2,1,1,3,5,"2018-5",160
2018,"Mayo","Malta",10,41,-31,51,5,"2018-5",79
2018,"Mayo","Marruecos",18,37,-19,55,5,"2018-5",78
2018,"Mayo","Mauricio",8,3,5,11,5,"2018-5",117
2018,"Mayo","México",15115,35549,-20434,50664,5,"2018-5",4
2018,"Mayo","República de Moldavia",4,1,3,5,5,"2018-5",142
2018,"Mayo","Mónaco",3,3,0,6,5,"2018-5",134
2018,"Mayo","Mongolia",15,1,14,16,5,"2018-5",104
2018,"Mayo","Montenegro",5,0,5,5,5,"2018-5",142
2018,"Mayo","Mozambique",5,3,2,8,5,"2018-5",127
2018,"Mayo","Myanmar",15,1,14,16,5,"2018-5",104
2018,"Mayo","Nepal",10,1,9,11,5,"2018-5",117
2018,"Mayo","Nicaragua",302,191,111,493,5,"2018-5",44
2018,"Mayo","Nigeria",22,6,16,28,5,"2018-5",89
2018,"Mayo","Noruega",243,41,202,284,5,"2018-5",50
2018,"Mayo","Nueva Zelanda",268,66,202,334,5,"2018-5",49
2018,"Mayo","Pakistán",23,1,22,24,5,"2018-5",95
2018,"Mayo","Panamá",6424,31311,-24887,37735,5,"2018-5",5
2018,"Mayo","Paraguay",757,472,285,1229,5,"2018-5",32
2018,"Mayo","Perú",12596,13289,-693,25885,5,"2018-5",7
2018,"Mayo","Palestina",1,2,-1,3,5,"2018-5",160
2018,"Mayo","Polonia",414,39,375,453,5,"2018-5",45
2018,"Mayo","Portugal",769,485,284,1254,5,"2018-5",31
2018,"Mayo","Qatar",1,17,-16,18,5,"2018-5",99
2018,"Mayo","Reino Unido de Gran Bretaña e Irlanda del Norte",4027,2970,1057,6997,5,"2018-5",16
2018,"Mayo","República CentroÁfricana",1,14,-13,15,5,"2018-5",107
2018,"Mayo","Federación de Rusia",424,156,268,580,5,"2018-5",41
2018,"Mayo","República Dominicana",1895,7670,-5775,9565,5,"2018-5",11
2018,"Mayo","Rumania",258,20,238,278,5,"2018-5",51
2018,"Mayo","Rwanda",1,1,0,2,5,"2018-5",170
2018,"Mayo","San Cristóbal y Nevis",5,0,5,5,5,"2018-5",142
2018,"Mayo","San  Vicente y las Granadinas",24,2,22,26,5,"2018-5",91
2018,"Mayo","Santa Lucia",17,2,15,19,5,"2018-5",98
2018,"Mayo","Senegal",3,2,1,5,5,"2018-5",142
2018,"Mayo","Serbia",43,3,40,46,5,"2018-5",81
2018,"Mayo","Singapur",83,40,43,123,5,"2018-5",61
2018,"Mayo","República Árabe Siria",2,0,2,2,5,"2018-5",170
2018,"Mayo","Sri Lanka",12,2,10,14,5,"2018-5",109
2018,"Mayo","Sudáfrica",84,21,63,105,5,"2018-5",62
2018,"Mayo","Sudán",3,0,3,3,5,"2018-5",160
2018,"Mayo","Suecia",466,188,278,654,5,"2018-5",40
2018,"Mayo","Suiza",1213,664,549,1877,5,"2018-5",27
2018,"Mayo","Surinam",69,21,48,90,5,"2018-5",69
2018,"Mayo","Taiwán",193,7,186,200,5,"2018-5",53
2018,"Mayo","Tailandia",41,55,-14,96,5,"2018-5",65
2018,"Mayo","Tanzania",3,0,3,3,5,"2018-5",160
2018,"Mayo","Trinidad y Tobago",129,60,69,189,5,"2018-5",55
2018,"Mayo","Túnez",9,2,7,11,5,"2018-5",117
2018,"Mayo","Turquía",507,1935,-1428,2442,5,"2018-5",24
2018,"Mayo","Ucrania",80,11,69,91,5,"2018-5",68
2018,"Mayo","Uganda",2,0,2,2,5,"2018-5",170
2018,"Mayo","Uruguay",1719,704,1015,2423,5,"2018-5",26
2018,"Mayo","Uzbekistán",2,0,2,2,5,"2018-5",170
2018,"Mayo","Venezuela",114401,10706,103695,125107,5,"2018-5",2
2018,"Mayo","Vietnam",13,16,-3,29,5,"2018-5",88
2018,"Mayo","República Árabe de Yemen",1,0,1,1,5,"2018-5",182
2018,"Mayo","Zambia",1,0,1,1,5,"2018-5",182
2018,"Mayo","Zimbabue",5,0,5,5,5,"2018-5",142
2018,"Mayo","Anguila/Territorio Británico de Ultramar",1,1,0,2,5,"2018-5",170
2018,"Mayo","Refugiado",6,0,6,6,5,"2018-5",134
2018,"Mayo","Desconocido",254,0,254,254,5,"2018-5",52
2018,"Junio","Afganistán",2,1,1,3,6,"2018-6",156
2018,"Junio","Albania",8,14,-6,22,6,"2018-6",95
2018,"Junio","Alemania",4560,3923,637,8483,6,"2018-6",15
2018,"Junio","Andorra",8,1,7,9,6,"2018-6",118
2018,"Junio","Antigua y Barbuda",12,4,8,16,6,"2018-6",103
2018,"Junio","Países Bajos",4006,3401,605,7407,6,"2018-6",17
2018,"Junio","Arabia Saudita",19,36,-17,55,6,"2018-6",81
2018,"Junio","Argelia",9,15,-6,24,6,"2018-6",92
2018,"Junio","Argentina",14766,5463,9303,20229,6,"2018-6",10
2018,"Junio","República de Armenia",2,1,1,3,6,"2018-6",156
2018,"Junio","Australia",1367,686,681,2053,6,"2018-6",27
2018,"Junio","Austria",383,114,269,497,6,"2018-6",45
2018,"Junio","Azerbaiyán",5,9,-4,14,6,"2018-6",105
2018,"Junio","Bahamas",33,108,-75,141,6,"2018-6",61
2018,"Junio","Bahréin",1,20,-19,21,6,"2018-6",98
2018,"Junio","Bangladesh",5,0,5,5,6,"2018-6",140
2018,"Junio","Barbados",41,14,27,55,6,"2018-6",81
2018,"Junio","República de Belarús",8,1,7,9,6,"2018-6",118
2018,"Junio","Bélgica",924,344,580,1268,6,"2018-6",31
2018,"Junio","Belice",24,45,-21,69,6,"2018-6",72
2018,"Junio","Benín",4,1,3,5,6,"2018-6",140
2018,"Junio","Bermudas/Territorio Británico de Ultramar",4,2,2,6,6,"2018-6",131
2018,"Junio","Bolivia",1707,1022,685,2729,6,"2018-6",24
2018,"Junio","Bosnia y Herzegovina",10,1,9,11,6,"2018-6",109
2018,"Junio","Botsuana",1,0,1,1,6,"2018-6",183
2018,"Junio","Brasil",13928,10654,3274,24582,6,"2018-6",8
2018,"Junio","Brunei Darussalam",2,0,2,2,6,"2018-6",165
2018,"Junio","Bulgaria",66,18,48,84,6,"2018-6",67
2018,"Junio","Burkina Faso",1,0,1,1,6,"2018-6",183
2018,"Junio","Burundi",2,0,2,2,6,"2018-6",165
2018,"Junio","Bután",1,0,1,1,6,"2018-6",183
2018,"Junio","Cabo Verde",4,0,4,4,6,"2018-6",148
2018,"Junio","Islas Caimán/Territorio Británico de Ultramar",20,10,10,30,6,"2018-6",89
2018,"Junio","Camerún",9,0,9,9,6,"2018-6",118
2018,"Junio","Canadá",3911,6849,-2938,10760,6,"2018-6",12
2018,"Junio","España",11385,44853,-33468,56238,6,"2018-6",4
2018,"Junio","República Democrática del Congo",8,1,7,9,6,"2018-6",118
2018,"Junio","República de Corea",782,42,740,824,6,"2018-6",40
2018,"Junio","Costa de Marfil",4,13,-9,17,6,"2018-6",101
2018,"Junio","Costa Rica",3915,3096,819,7011,6,"2018-6",18
2018,"Junio","Croacia",66,20,46,86,6,"2018-6",66
2018,"Junio","Cuba",821,3992,-3171,4813,6,"2018-6",21
2018,"Junio","República Checa",166,38,128,204,6,"2018-6",55
2018,"Junio","Chile",11130,10293,837,21423,6,"2018-6",9
2018,"Junio","China",1582,569,1013,2151,6,"2018-6",26
2018,"Junio","Chipre",18,3,15,21,6,"2018-6",98
2018,"Junio","Dinamarca",434,69,365,503,6,"2018-6",44
2018,"Junio","Dominica",13,3,10,16,6,"2018-6",103
2018,"Junio","Ecuador",10532,24060,-13528,34592,6,"2018-6",6
2018,"Junio","Egipto",35,39,-4,74,6,"2018-6",69
2018,"Junio","El Salvador",2007,2332,-325,4339,6,"2018-6",22
2018,"Junio","Emiratos Árabes",22,228,-206,250,6,"2018-6",53
2018,"Junio","Eslovaquia",55,9,46,64,6,"2018-6",76
2018,"Junio","Eslovenia",34,4,30,38,6,"2018-6",84
2018,"Junio","Estados Unidos de América",66555,139078,-72523,205633,6,"2018-6",1
2018,"Junio","Estonia",26,21,5,47,6,"2018-6",83
2018,"Junio","Etiopia",20,0,20,20,6,"2018-6",99
2018,"Junio","Filipinas",277,13,264,290,6,"2018-6",50
2018,"Junio","Finlandia",141,25,116,166,6,"2018-6",58
2018,"Junio","Francia",5088,5533,-445,10621,6,"2018-6",13
2018,"Junio","Gabón",2,2,0,4,6,"2018-6",148
2018,"Junio","Georgia",3,0,3,3,6,"2018-6",156
2018,"Junio","Ghana",5,2,3,7,6,"2018-6",125
2018,"Junio","Granada",8,0,8,8,6,"2018-6",124
2018,"Junio","Grecia",109,158,-49,267,6,"2018-6",52
2018,"Junio","Guatemala",2042,1730,312,3772,6,"2018-6",23
2018,"Junio","Guyana",31,17,14,48,6,"2018-6",82
2018,"Junio","Guinea Ecuatorial",3,2,1,5,6,"2018-6",140
2018,"Junio","Haití",57,8,49,65,6,"2018-6",74
2018,"Junio","Honduras",840,421,419,1261,6,"2018-6",32
2018,"Junio","Hong Kong",30,46,-16,76,6,"2018-6",68
2018,"Junio","Hungría",94,20,74,114,6,"2018-6",63
2018,"Junio","India",713,47,666,760,6,"2018-6",41
2018,"Junio","Indonesia",76,11,65,87,6,"2018-6",65
2018,"Junio","Iraq",4,7,-3,11,6,"2018-6",109
2018,"Junio","Irán",27,3,24,30,6,"2018-6",89
2018,"Junio","República de Irlanda",641,38,603,679,6,"2018-6",42
2018,"Junio","Islandia",16,9,7,25,6,"2018-6",90
2018,"Junio","Israel",927,310,617,1237,6,"2018-6",33
2018,"Junio","Italia",3166,1655,1511,4821,6,"2018-6",20
2018,"Junio","Jamaica",107,164,-57,271,6,"2018-6",51
2018,"Junio","Japón",824,315,509,1139,6,"2018-6",36
2018,"Junio","Jordania",9,12,-3,21,6,"2018-6",98
2018,"Junio","Kazajistán",3,2,1,5,6,"2018-6",140
2018,"Junio","Kenia",17,13,4,30,6,"2018-6",89
2018,"Junio","Kirguistán",3,0,3,3,6,"2018-6",156
2018,"Junio","Kuwait",9,8,1,17,6,"2018-6",101
2018,"Junio","República de Kosovo",2,0,2,2,6,"2018-6",165
2018,"Junio","Lesoto",1,0,1,1,6,"2018-6",183
2018,"Junio","Letonia",27,3,24,30,6,"2018-6",89
2018,"Junio","Lituania",67,3,64,70,6,"2018-6",71
2018,"Junio","Líbano",52,103,-51,155,6,"2018-6",59
2018,"Junio","Liechtenstein",1,0,1,1,6,"2018-6",183
2018,"Junio","Luxemburgo",32,26,6,58,6,"2018-6",79
2018,"Junio","Macedonia",5,1,4,6,6,"2018-6",131
2018,"Junio","Madagascar",1,0,1,1,6,"2018-6",183
2018,"Junio","Malasia",58,6,52,64,6,"2018-6",76
2018,"Junio","Malawi",3,0,3,3,6,"2018-6",156
2018,"Junio","Maldivas",1,0,1,1,6,"2018-6",183
2018,"Junio","Malta",11,61,-50,72,6,"2018-6",70
2018,"Junio","Marruecos",31,32,-1,63,6,"2018-6",77
2018,"Junio","Islas Marshall",1,0,1,1,6,"2018-6",183
2018,"Junio","Mauricio",8,0,8,8,6,"2018-6",124
2018,"Junio","Mauritania",1,1,0,2,6,"2018-6",165
2018,"Junio","México",14232,46614,-32382,60846,6,"2018-6",3
2018,"Junio","República de Moldavia",4,0,4,4,6,"2018-6",148
2018,"Junio","Mónaco",1,4,-3,5,6,"2018-6",140
2018,"Junio","Mongolia",2,1,1,3,6,"2018-6",156
2018,"Junio","Montenegro",4,1,3,5,6,"2018-6",140
2018,"Junio","Mozambique",3,1,2,4,6,"2018-6",148
2018,"Junio","Myanmar",4,2,2,6,6,"2018-6",131
2018,"Junio","Nepal",10,3,7,13,6,"2018-6",106
2018,"Junio","Nicaragua",281,104,177,385,6,"2018-6",48
2018,"Junio","Nigeria",19,3,16,22,6,"2018-6",95
2018,"Junio","Níger",1,0,1,1,6,"2018-6",183
2018,"Junio","Noruega",499,111,388,610,6,"2018-6",43
2018,"Junio","Nueva Zelanda",315,79,236,394,6,"2018-6",47
2018,"Junio","Omán",1,7,-6,8,6,"2018-6",124
2018,"Junio","Pakistán",24,0,24,24,6,"2018-6",92
2018,"Junio","Panamá",6947,36645,-29698,43592,6,"2018-6",5
2018,"Junio","Paraguay",780,402,378,1182,6,"2018-6",35
2018,"Junio","Perú",11324,15946,-4622,27270,6,"2018-6",7
2018,"Junio","Palestina",6,2,4,8,6,"2018-6",124
2018,"Junio","Polonia",364,61,303,425,6,"2018-6",46
2018,"Junio","Portugal",717,319,398,1036,6,"2018-6",38
2018,"Junio","Qatar",2,8,-6,10,6,"2018-6",112
2018,"Junio","Reino Unido de Gran Bretaña e Irlanda del Norte",4271,3924,347,8195,6,"2018-6",16
2018,"Junio","República CentroÁfricana",1,13,-12,14,6,"2018-6",105
2018,"Junio","Federación de Rusia",329,6330,-6001,6659,6,"2018-6",19
2018,"Junio","República Dominicana",1778,10101,-8323,11879,6,"2018-6",11
2018,"Junio","Rumania",220,19,201,239,6,"2018-6",54
2018,"Junio","Rwanda",1,0,1,1,6,"2018-6",183
2018,"Junio","San Cristóbal y Nevis",9,1,8,10,6,"2018-6",112
2018,"Junio","San  Vicente y las Granadinas",9,1,8,10,6,"2018-6",112
2018,"Junio","Santa Lucia",11,0,11,11,6,"2018-6",109
2018,"Junio","Santa Sede/Ciudad del Vaticano",1,0,1,1,6,"2018-6",183
2018,"Junio","Senegal",1,0,1,1,6,"2018-6",183
2018,"Junio","Serbia",36,1,35,37,6,"2018-6",85
2018,"Junio","Sierra Leona",2,0,2,2,6,"2018-6",165
2018,"Junio","Singapur",91,63,28,154,6,"2018-6",60
2018,"Junio","República Árabe Siria",5,0,5,5,6,"2018-6",140
2018,"Junio","Somalia",1,0,1,1,6,"2018-6",183
2018,"Junio","Sri Lanka",6,0,6,6,6,"2018-6",131
2018,"Junio","Sudáfrica",91,39,52,130,6,"2018-6",62
2018,"Junio","Sudán",5,0,5,5,6,"2018-6",140
2018,"Junio","Suecia",724,286,438,1010,6,"2018-6",39
2018,"Junio","Suiza",1382,655,727,2037,6,"2018-6",28
2018,"Junio","Surinam",42,20,22,62,6,"2018-6",78
2018,"Junio","Taiwán",165,10,155,175,6,"2018-6",57
2018,"Junio","República de Tayikistán",1,1,0,2,6,"2018-6",165
2018,"Junio","Tailandia",32,35,-3,67,6,"2018-6",73
2018,"Junio","Tanzania",3,2,1,5,6,"2018-6",140
2018,"Junio","Togo",2,0,2,2,6,"2018-6",165
2018,"Junio","Trinidad y Tobago",119,81,38,200,6,"2018-6",56
2018,"Junio","Túnez",6,2,4,8,6,"2018-6",124
2018,"Junio","Turkmenistán",1,8,-7,9,6,"2018-6",118
2018,"Junio","Turquía",553,1144,-591,1697,6,"2018-6",29
2018,"Junio","Ucrania",89,9,80,98,6,"2018-6",64
2018,"Junio","Uganda",8,1,7,9,6,"2018-6",118
2018,"Junio","Uruguay",1584,633,951,2217,6,"2018-6",25
2018,"Junio","Uzbekistán",2,0,2,2,6,"2018-6",165
2018,"Junio","Venezuela",94436,15663,78773,110099,6,"2018-6",2
2018,"Junio","Vietnam",9,13,-4,22,6,"2018-6",95
2018,"Junio","Islas Vírgenes Británicas/Territorio Británico de Ultramar",2,2,0,4,6,"2018-6",148
2018,"Junio","República Árabe de Yemen",4,0,4,4,6,"2018-6",148
2018,"Junio","Zambia",2,0,2,2,6,"2018-6",165
2018,"Junio","Zimbabue",3,0,3,3,6,"2018-6",156
2018,"Junio","Refugiado Otro",1,0,1,1,6,"2018-6",183
2018,"Junio","Refugiado",8,0,8,8,6,"2018-6",124
2018,"Junio","Desconocido",305,0,305,305,6,"2018-6",49
2012,"Enero","Afganistán",0,22,-22,22,1,"2012-1",94
2012,"Enero","Arabia Saudita",0,83,-83,83,1,"2012-1",63
2012,"Enero","Brunei Darussalam",0,1,-1,1,1,"2012-1",187
2012,"Enero","Emiratos Árabes",0,183,-183,183,1,"2012-1",54
2012,"Enero","Gibraltar/Territorio Británico de Ultramar",0,1,-1,1,1,"2012-1",187
2012,"Enero","Guadalupe/Territorio Francés",0,1,-1,1,1,"2012-1",187
2012,"Enero","Hong Kong",0,66,-66,66,1,"2012-1",67
2012,"Enero","Iraq",0,13,-13,13,1,"2012-1",101
2012,"Enero","Islas Cook",0,1,-1,1,1,"2012-1",187
2012,"Enero","Liberia",0,1,-1,1,1,"2012-1",187
2012,"Enero","Madagascar",0,1,-1,1,1,"2012-1",187
2012,"Enero","Malí",0,1,-1,1,1,"2012-1",187
2012,"Enero","Martinica/Departamento de Ultramar Francés",0,3,-3,3,1,"2012-1",143
2012,"Enero","Montenegro",0,1,-1,1,1,"2012-1",187
2012,"Enero","Mozambique",0,6,-6,6,1,"2012-1",120
2012,"Enero","Nauru",0,1,-1,1,1,"2012-1",187
2012,"Enero","Nueva Caledonia/Territorio francés",0,1,-1,1,1,"2012-1",187
2012,"Enero","Omán",0,6,-6,6,1,"2012-1",120
2012,"Enero","Papúa Nueva Guinea",0,4,-4,4,1,"2012-1",137
2012,"Enero","Palau",0,1,-1,1,1,"2012-1",187
2012,"Enero","Polinesia Francesa/Colectividad de Ultramar Francesa",0,1,-1,1,1,"2012-1",187
2012,"Enero","Qatar",0,27,-27,27,1,"2012-1",85
2012,"Enero","Reunión",0,4,-4,4,1,"2012-1",137
2012,"Enero","Suazilandia",0,1,-1,1,1,"2012-1",187
2012,"Enero","Vanuatu",0,1,-1,1,1,"2012-1",187
2012,"Enero","Islas Vírgenes Británicas/Territorio Británico de Ultramar",0,2,-2,2,1,"2012-1",153
2012,"Enero","República Árabe de Yemen",0,1,-1,1,1,"2012-1",187
2012,"Enero","Zambia",0,1,-1,1,1,"2012-1",187
2012,"Febrero","Afganistán",0,17,-17,17,2,"2012-2",89
2012,"Febrero","Bermudas/Territorio Británico de Ultramar",0,1,-1,1,2,"2012-2",178
2012,"Febrero","Burkina Faso",0,3,-3,3,2,"2012-2",140
2012,"Febrero","Cabo Verde",0,1,-1,1,2,"2012-2",178
2012,"Febrero","Chad",0,1,-1,1,2,"2012-2",178
2012,"Febrero","Eritrea",0,2,-2,2,2,"2012-2",152
2012,"Febrero","Guinea",0,9,-9,9,2,"2012-2",100
2012,"Febrero","Guinea Ecuatorial",0,20,-20,20,2,"2012-2",83
2012,"Febrero","Guinea Bissau",0,1,-1,1,2,"2012-2",178
2012,"Febrero","Hong Kong",0,71,-71,71,2,"2012-2",63
2012,"Febrero","Iraq",0,3,-3,3,2,"2012-2",140
2012,"Febrero","Martinica/Departamento de Ultramar Francés",0,1,-1,1,2,"2012-2",178
2012,"Febrero","Mónaco",0,2,-2,2,2,"2012-2",152
2012,"Febrero","Nauru",0,1,-1,1,2,"2012-2",178
2012,"Febrero","Niue",0,1,-1,1,2,"2012-2",178
2012,"Febrero","Nueva Caledonia/Territorio francés",0,1,-1,1,2,"2012-2",178
2012,"Febrero","Omán",0,4,-4,4,2,"2012-2",126
2012,"Febrero","Qatar",0,5,-5,5,2,"2012-2",118
2012,"Febrero","Reunión",0,2,-2,2,2,"2012-2",152
2012,"Febrero","Vanuatu",0,1,-1,1,2,"2012-2",178
2012,"Febrero","Islas Turcas y Caicos/Territorio Británico de Ultramar",0,2,-2,2,2,"2012-2",152
2012,"Marzo","Afganistán",0,32,-32,32,3,"2012-3",78
2012,"Marzo","Botsuana",0,1,-1,1,3,"2012-3",178
2012,"Marzo","Burkina Faso",0,1,-1,1,3,"2012-3",178
2012,"Marzo","Gabón",0,4,-4,4,3,"2012-3",133
2012,"Marzo","Granada",0,1,-1,1,3,"2012-3",178
2012,"Marzo","Guinea",0,4,-4,4,3,"2012-3",133
2012,"Marzo","Guadalupe/Territorio Francés",0,2,-2,2,3,"2012-3",156
2012,"Abril","Cabo Verde",0,1,-1,1,4,"2012-4",169
2012,"Marzo","Guayana Francesa/Departamento de Ultramar Francés",0,1,-1,1,3,"2012-3",178
2012,"Marzo","Hong Kong",0,122,-122,122,3,"2012-3",60
2012,"Marzo","Mauritania",0,1,-1,1,3,"2012-3",178
2012,"Marzo","Nauru",0,2,-2,2,3,"2012-3",156
2012,"Marzo","Papúa Nueva Guinea",0,6,-6,6,3,"2012-3",118
2012,"Marzo","Qatar",0,4,-4,4,3,"2012-3",133
2012,"Marzo","Reunión",0,1,-1,1,3,"2012-3",178
2012,"Marzo","Sahara Occidental/Desierto Sahara",0,1,-1,1,3,"2012-3",178
2012,"Marzo","Islas Vírgenes Británicas/Territorio Británico de Ultramar",0,1,-1,1,3,"2012-3",178
2012,"Marzo","Desconocido",0,21,-21,21,3,"2012-3",87
2012,"Abril","Afganistán",0,31,-31,31,4,"2012-4",77
2012,"Abril","Bahréin",0,5,-5,5,4,"2012-4",118
2012,"Abril","Bermudas/Territorio Británico de Ultramar",0,2,-2,2,4,"2012-4",145
2012,"Abril","Brunei Darussalam",0,1,-1,1,4,"2012-4",169
2012,"Abril","Camboya",0,2,-2,2,4,"2012-4",145
2012,"Abril","Chad",0,1,-1,1,4,"2012-4",169
2012,"Abril","Eritrea",0,1,-1,1,4,"2012-4",169
2012,"Abril","Gabón",0,2,-2,2,4,"2012-4",145
2012,"Abril","Ghana",0,2,-2,2,4,"2012-4",145
2012,"Abril","Guinea Ecuatorial",0,10,-10,10,4,"2012-4",102
2012,"Abril","Guadalupe/Territorio Francés",0,1,-1,1,4,"2012-4",169
2012,"Abril","Hong Kong",0,236,-236,236,4,"2012-4",48
2012,"Abril","Iraq",0,16,-16,16,4,"2012-4",91
2012,"Abril","Mauritania",0,1,-1,1,4,"2012-4",169
2012,"Abril","República de Moldavia",0,1,-1,1,4,"2012-4",169
2012,"Abril","Omán",0,5,-5,5,4,"2012-4",118
2012,"Abril","Papúa Nueva Guinea",0,10,-10,10,4,"2012-4",102
2012,"Abril","Qatar",0,1,-1,1,4,"2012-4",169
2012,"Abril","Reunión",0,2,-2,2,4,"2012-4",145
2012,"Abril","Sahara Occidental/Desierto Sahara",0,1,-1,1,4,"2012-4",169
2012,"Abril","Sierra Leona",0,1,-1,1,4,"2012-4",169
2012,"Abril","Desconocido",0,15,-15,15,4,"2012-4",93
2012,"Mayo","República de Armenia",0,1,-1,1,5,"2012-5",173
2012,"Mayo","Azerbaiyán",0,2,-2,2,5,"2012-5",153
2012,"Mayo","Bahréin",0,10,-10,10,5,"2012-5",102
2012,"Mayo","Burundi",0,1,-1,1,5,"2012-5",173
2012,"Mayo","Gibraltar/Territorio Británico de Ultramar",0,2,-2,2,5,"2012-5",153
2012,"Mayo","Martinica/Departamento de Ultramar Francés",0,3,-3,3,5,"2012-5",137
2012,"Mayo","Nueva Caledonia/Territorio francés",0,1,-1,1,5,"2012-5",173
2012,"Mayo","Papúa Nueva Guinea",0,3,-3,3,5,"2012-5",137
2012,"Mayo","Palestina",0,1,-1,1,5,"2012-5",173
2012,"Mayo","Reunión",0,2,-2,2,5,"2012-5",153
2012,"Junio","Afganistán",0,47,-47,47,6,"2012-6",70
2012,"Junio","Bahréin",0,7,-7,7,6,"2012-6",115
2012,"Junio","Cabo Verde",0,2,-2,2,6,"2012-6",160
2012,"Junio","Guadalupe/Territorio Francés",0,1,-1,1,6,"2012-6",182
2012,"Junio","Hong Kong",0,96,-96,96,6,"2012-6",61
2012,"Junio","Iraq",0,13,-13,13,6,"2012-6",98
2012,"Junio","Maldivas",0,1,-1,1,6,"2012-6",182
2012,"Junio","Malí",0,1,-1,1,6,"2012-6",182
2012,"Junio","Martinica/Departamento de Ultramar Francés",0,5,-5,5,6,"2012-6",125
2012,"Junio","Nueva Caledonia/Territorio francés",0,1,-1,1,6,"2012-6",182
2012,"Junio","Qatar",0,3,-3,3,6,"2012-6",145
2012,"Junio","Santo Tomé y Príncipe",0,1,-1,1,6,"2012-6",182
2012,"Junio","Togo",0,2,-2,2,6,"2012-6",160
2012,"Junio","República Árabe de Yemen",0,2,-2,2,6,"2012-6",160
2012,"Junio","Anguila/Territorio Británico de Ultramar",0,1,-1,1,6,"2012-6",182
2012,"Junio","Desconocido",0,19,-19,19,6,"2012-6",88
2012,"Julio","Afganistán",0,35,-35,35,7,"2012-7",75
2012,"Julio","Bahréin",0,5,-5,5,7,"2012-7",125
2012,"Julio","Benín",0,5,-5,5,7,"2012-7",125
2012,"Julio","Camboya",0,2,-2,2,7,"2012-7",157
2012,"Julio","Chad",0,1,-1,1,7,"2012-7",182
2012,"Julio","Costa de Marfil",0,1,-1,1,7,"2012-7",182
2012,"Julio","Eritrea",0,1,-1,1,7,"2012-7",182
2012,"Julio","Guinea",0,7,-7,7,7,"2012-7",118
2012,"Julio","Hong Kong",0,76,-76,76,7,"2012-7",63
2012,"Julio","Iraq",0,11,-11,11,7,"2012-7",104
2012,"Julio","Macao",0,1,-1,1,7,"2012-7",182
2012,"Julio","Martinica/Departamento de Ultramar Francés",0,4,-4,4,7,"2012-7",137
2012,"Julio","Mónaco",0,4,-4,4,7,"2012-7",137
2012,"Julio","Mongolia",0,1,-1,1,7,"2012-7",182
2012,"Julio","Nueva Caledonia/Territorio francés",0,4,-4,4,7,"2012-7",137
2012,"Julio","Omán",0,11,-11,11,7,"2012-7",104
2012,"Julio","Papúa Nueva Guinea",0,9,-9,9,7,"2012-7",112
2012,"Julio","Reunión",0,4,-4,4,7,"2012-7",137
2012,"Julio","Sahara Occidental/Desierto Sahara",0,1,-1,1,7,"2012-7",182
2012,"Julio","San Pedro y Miquelón/territorio de Ultramar de La Unión Europea",0,1,-1,1,7,"2012-7",182
2012,"Julio","Santo Tomé y Príncipe",0,1,-1,1,7,"2012-7",182
2012,"Julio","Togo",0,1,-1,1,7,"2012-7",182
2012,"Julio","Vanuatu",0,1,-1,1,7,"2012-7",182
2012,"Julio","Islas Vírgenes Británicas/Territorio Británico de Ultramar",0,1,-1,1,7,"2012-7",182
2012,"Julio","República Árabe de Yemen",0,1,-1,1,7,"2012-7",182
2012,"Julio","Zambia",0,4,-4,4,7,"2012-7",137
2012,"Julio","Desconocido",0,25,-25,25,7,"2012-7",87
2012,"Agosto","Afganistán",0,45,-45,45,8,"2012-8",73
2012,"Agosto","Bahréin",0,16,-16,16,8,"2012-8",100
2012,"Agosto","Botsuana",0,2,-2,2,8,"2012-8",156
2012,"Agosto","Brunei Darussalam",0,2,-2,2,8,"2012-8",156
2012,"Agosto","Burundi",0,1,-1,1,8,"2012-8",178
2012,"Agosto","Cabo Verde",0,2,-2,2,8,"2012-8",156
2012,"Agosto","Camboya",0,1,-1,1,8,"2012-8",178
2012,"Agosto","Chad",0,2,-2,2,8,"2012-8",156
2012,"Agosto","República de Yibuti",0,2,-2,2,8,"2012-8",156
2012,"Agosto","Guinea",0,8,-8,8,8,"2012-8",115
2012,"Agosto","Guadalupe/Territorio Francés",0,4,-4,4,8,"2012-8",133
2012,"Agosto","Hong Kong",0,105,-105,105,8,"2012-8",60
2012,"Agosto","Libia",0,1,-1,1,8,"2012-8",178
2012,"Agosto","Maldivas",0,2,-2,2,8,"2012-8",156
2012,"Agosto","Mauritania",0,1,-1,1,8,"2012-8",178
2012,"Agosto","Martinica/Departamento de Ultramar Francés",0,1,-1,1,8,"2012-8",178
2012,"Agosto","Myanmar",0,1,-1,1,8,"2012-8",178
2012,"Agosto","Namibia",0,2,-2,2,8,"2012-8",156
2012,"Agosto","Níger",0,1,-1,1,8,"2012-8",178
2012,"Agosto","Polinesia Francesa/Colectividad de Ultramar Francesa",0,2,-2,2,8,"2012-8",156
2012,"Agosto","Santo Tomé y Príncipe",0,2,-2,2,8,"2012-8",156
2012,"Agosto","Uzbekistán",0,1,-1,1,8,"2012-8",178
2012,"Agosto","Islas Vírgenes Británicas/Territorio Británico de Ultramar",0,2,-2,2,8,"2012-8",156
2012,"Septiembre","Bahréin",0,4,-4,4,9,"2012-9",130
2012,"Septiembre","Botsuana",0,1,-1,1,9,"2012-9",169
2012,"Septiembre","República Democrática del Congo",0,2,-2,2,9,"2012-9",152
2012,"Septiembre","República de Yibuti",0,1,-1,1,9,"2012-9",169
2012,"Septiembre","Eritrea",0,1,-1,1,9,"2012-9",169
2012,"Septiembre","Gabón",0,2,-2,2,9,"2012-9",152
2012,"Septiembre","Guinea",0,4,-4,4,9,"2012-9",130
2012,"Septiembre","Guinea Ecuatorial",0,7,-7,7,9,"2012-9",110
2012,"Septiembre","Guadalupe/Territorio Francés",0,1,-1,1,9,"2012-9",169
2012,"Septiembre","Hong Kong",0,112,-112,112,9,"2012-9",61
2012,"Septiembre","Iraq",0,7,-7,7,9,"2012-9",110
2012,"Septiembre","Malí",0,1,-1,1,9,"2012-9",169
2012,"Septiembre","Martinica/Departamento de Ultramar Francés",0,2,-2,2,9,"2012-9",152
2012,"Septiembre","Mónaco",0,5,-5,5,9,"2012-9",121
2012,"Septiembre","Omán",0,2,-2,2,9,"2012-9",152
2012,"Septiembre","Papúa Nueva Guinea",0,8,-8,8,9,"2012-9",107
2012,"Septiembre","Reunión",0,1,-1,1,9,"2012-9",169
2012,"Septiembre","San Pedro y Miquelón/territorio de Ultramar de La Unión Europea",0,2,-2,2,9,"2012-9",152
2012,"Septiembre","Sudán",0,1,-1,1,9,"2012-9",169
2012,"Septiembre","Togo",0,2,-2,2,9,"2012-9",152
2012,"Septiembre","Vietnam",0,6,-6,6,9,"2012-9",114
2012,"Septiembre","República Árabe de Yemen",0,2,-2,2,9,"2012-9",152
2012,"Septiembre","Desconocido",0,16,-16,16,9,"2012-9",94
2012,"Octubre","Afganistán",0,39,-39,39,10,"2012-10",75
2012,"Octubre","Bahréin",0,9,-9,9,10,"2012-10",108
2012,"Octubre","Botsuana",0,1,-1,1,10,"2012-10",183
2012,"Octubre","Burundi",0,1,-1,1,10,"2012-10",183
2012,"Octubre","Islas Caimán/Territorio Británico de Ultramar",0,7,-7,7,10,"2012-10",119
2012,"Octubre","Gibraltar/Territorio Británico de Ultramar",0,1,-1,1,10,"2012-10",183
2012,"Octubre","Guinea",0,3,-3,3,10,"2012-10",146
2012,"Octubre","Guinea Ecuatorial",0,18,-18,18,10,"2012-10",95
2012,"Octubre","Guinea Bissau",0,1,-1,1,10,"2012-10",183
2012,"Octubre","Kuwait",0,4,-4,4,10,"2012-10",135
2012,"Octubre","Mauritania",0,1,-1,1,10,"2012-10",183
2012,"Octubre","Martinica/Departamento de Ultramar Francés",0,2,-2,2,10,"2012-10",158
2012,"Octubre","Mónaco",0,2,-2,2,10,"2012-10",158
2012,"Octubre","Montenegro",0,1,-1,1,10,"2012-10",183
2012,"Octubre","Micronesia",0,1,-1,1,10,"2012-10",183
2012,"Octubre","Mozambique",0,4,-4,4,10,"2012-10",135
2012,"Octubre","Nueva Caledonia/Territorio francés",0,3,-3,3,10,"2012-10",146
2012,"Octubre","Omán",0,25,-25,25,10,"2012-10",85
2012,"Octubre","Papúa Nueva Guinea",0,6,-6,6,10,"2012-10",124
2012,"Octubre","Qatar",0,10,-10,10,10,"2012-10",106
2012,"Octubre","Reunión",0,1,-1,1,10,"2012-10",183
2012,"Octubre","Sahara Occidental/Desierto Sahara",0,1,-1,1,10,"2012-10",183
2012,"Octubre","Vanuatu",0,3,-3,3,10,"2012-10",146
2012,"Octubre","Islas Vírgenes Estadounidenses/Territorio de Estados Unidos",0,1,-1,1,10,"2012-10",183
2012,"Noviembre","Bahréin",0,9,-9,9,11,"2012-11",110
2012,"Noviembre","Cabo Verde",0,2,-2,2,11,"2012-11",169
2012,"Noviembre","República de Yibuti",0,1,-1,1,11,"2012-11",184
2012,"Noviembre","Eritrea",0,2,-2,2,11,"2012-11",169
2012,"Noviembre","Guinea",0,4,-4,4,11,"2012-11",147
2012,"Noviembre","Hong Kong",0,62,-62,62,11,"2012-11",68
2012,"Noviembre","Islas Aland/Provincia de Finlandia",0,1,-1,1,11,"2012-11",184
2012,"Noviembre","Islas Salomón",0,6,-6,6,11,"2012-11",128
2012,"Noviembre","Martinica/Departamento de Ultramar Francés",0,22,-22,22,11,"2012-11",86
2012,"Noviembre","Nauru",0,1,-1,1,11,"2012-11",184
2012,"Noviembre","Reunión",0,1,-1,1,11,"2012-11",184
2012,"Noviembre","Rwanda",0,2,-2,2,11,"2012-11",169
2012,"Noviembre","San Marino",0,1,-1,1,11,"2012-11",184
2012,"Noviembre","Anguila/Territorio Británico de Ultramar",0,8,-8,8,11,"2012-11",117
2012,"Diciembre","Bahréin",0,8,-8,8,12,"2012-12",109
2012,"Diciembre","Benín",0,1,-1,1,12,"2012-12",175
2012,"Diciembre","Gibraltar/Territorio Británico de Ultramar",0,1,-1,1,12,"2012-12",175
2012,"Diciembre","Guinea",0,1,-1,1,12,"2012-12",175
2012,"Diciembre","Guinea Ecuatorial",0,1,-1,1,12,"2012-12",175
2012,"Diciembre","Guayana Francesa/Departamento de Ultramar Francés",0,1,-1,1,12,"2012-12",175
2012,"Diciembre","Hong Kong",0,45,-45,45,12,"2012-12",70
2012,"Diciembre","Iraq",0,21,-21,21,12,"2012-12",91
2012,"Diciembre","República de Kosovo",0,1,-1,1,12,"2012-12",175
2012,"Diciembre","Islas Marshall",0,1,-1,1,12,"2012-12",175
2012,"Diciembre","Mayotte/Colectividad Territorial Francesa",0,1,-1,1,12,"2012-12",175
2012,"Diciembre","Myanmar",0,5,-5,5,12,"2012-12",125
2012,"Diciembre","Namibia",0,1,-1,1,12,"2012-12",175
2012,"Diciembre","Papúa Nueva Guinea",0,8,-8,8,12,"2012-12",109
2012,"Diciembre","Palau",0,1,-1,1,12,"2012-12",175
2012,"Diciembre","Puerto Rico/Territorio de Estados Unidos",0,661,-661,661,12,"2012-12",35
2012,"Diciembre","Reunión",0,1,-1,1,12,"2012-12",175
2012,"Diciembre","San Pedro y Miquelón/territorio de Ultramar de La Unión Europea",0,1,-1,1,12,"2012-12",175
2012,"Diciembre","Samoa Estadounidense/Territorio no incorporado de Estados Unidos",0,1,-1,1,12,"2012-12",175
2012,"Diciembre","Sudán",0,2,-2,2,12,"2012-12",148
2012,"Diciembre","Islas Vírgenes Británicas/Territorio Británico de Ultramar",0,1,-1,1,12,"2012-12",175
2012,"Diciembre","Zimbabue",0,1,-1,1,12,"2012-12",175
2012,"Diciembre","Desconocido",0,36,-36,36,12,"2012-12",76
2013,"Enero","Afganistán",0,55,-55,55,1,"2013-1",72
2013,"Enero","Botsuana",0,2,-2,2,1,"2013-1",157
2013,"Enero","Brunei Darussalam",0,1,-1,1,1,"2013-1",178
2013,"Enero","Cabo Verde",0,3,-3,3,1,"2013-1",142
2013,"Enero","Camboya",0,1,-1,1,1,"2013-1",178
2013,"Enero","Chad",0,1,-1,1,1,"2013-1",178
2013,"Enero","Eritrea",0,1,-1,1,1,"2013-1",178
2013,"Enero","Granada",0,1,-1,1,1,"2013-1",178
2013,"Enero","Guinea",0,8,-8,8,1,"2013-1",119
2013,"Enero","Guinea Ecuatorial",0,31,-31,31,1,"2013-1",88
2013,"Enero","Iraq",0,15,-15,15,1,"2013-1",102
2013,"Enero","Kazajistán",0,11,-11,11,1,"2013-1",109
2013,"Enero","Liberia",0,1,-1,1,1,"2013-1",178
2013,"Enero","Madagascar",0,1,-1,1,1,"2013-1",178
2013,"Enero","Mauritania",0,2,-2,2,1,"2013-1",157
2013,"Enero","Martinica/Departamento de Ultramar Francés",0,3,-3,3,1,"2013-1",142
2013,"Enero","Níger",0,1,-1,1,1,"2013-1",178
2013,"Enero","Nueva Caledonia/Territorio francés",0,2,-2,2,1,"2013-1",157
2013,"Enero","Omán",0,9,-9,9,1,"2013-1",116
2013,"Enero","Papúa Nueva Guinea",0,16,-16,16,1,"2013-1",101
2013,"Enero","Palestina",0,1,-1,1,1,"2013-1",178
2013,"Enero","Vanuatu",0,8,-8,8,1,"2013-1",119
2013,"Enero","República Árabe de Yemen",0,2,-2,2,1,"2013-1",157
2013,"Febrero","Bahréin",0,7,-7,7,2,"2013-2",117
2013,"Febrero","Burkina Faso",0,2,-2,2,2,"2013-2",161
2013,"Febrero","Cabo Verde",0,2,-2,2,2,"2013-2",161
2013,"Febrero","Guinea",0,7,-7,7,2,"2013-2",117
2013,"Febrero","Guadalupe/Territorio Francés",0,1,-1,1,2,"2013-2",181
2013,"Febrero","Guayana Francesa/Departamento de Ultramar Francés",0,1,-1,1,2,"2013-2",181
2013,"Febrero","Hong Kong",0,105,-105,105,2,"2013-2",60
2013,"Febrero","Iraq",0,10,-10,10,2,"2013-2",103
2013,"Febrero","Malí",0,3,-3,3,2,"2013-2",149
2013,"Febrero","Mayotte/Colectividad Territorial Francesa",0,1,-1,1,2,"2013-2",181
2013,"Febrero","Mónaco",0,4,-4,4,2,"2013-2",139
2013,"Febrero","Myanmar",0,5,-5,5,2,"2013-2",132
2013,"Febrero","Nueva Caledonia/Territorio francés",0,2,-2,2,2,"2013-2",161
2013,"Febrero","Papúa Nueva Guinea",0,6,-6,6,2,"2013-2",123
2013,"Febrero","Polinesia Francesa/Colectividad de Ultramar Francesa",0,4,-4,4,2,"2013-2",139
2013,"Febrero","Reunión",0,1,-1,1,2,"2013-2",181
2013,"Febrero","Rwanda",0,1,-1,1,2,"2013-2",181
2013,"Febrero","Santo Tomé y Príncipe",0,6,-6,6,2,"2013-2",123
2013,"Febrero","Vanuatu",0,4,-4,4,2,"2013-2",139
2013,"Marzo","Afganistán",0,46,-46,46,3,"2013-3",73
2013,"Marzo","Bahréin",0,3,-3,3,3,"2013-3",143
2013,"Marzo","Benín",0,3,-3,3,3,"2013-3",143
2013,"Marzo","Cabo Verde",0,1,-1,1,3,"2013-3",177
2013,"Marzo","Chad",0,2,-2,2,3,"2013-3",159
2013,"Marzo","Costa de Marfil",0,3,-3,3,3,"2013-3",143
2013,"Marzo","Guinea Ecuatorial",0,11,-11,11,3,"2013-3",104
2013,"Marzo","Hong Kong",0,176,-176,176,3,"2013-3",54
2013,"Marzo","Islas Marianas del Norte",0,1,-1,1,3,"2013-3",177
2013,"Marzo","Kuwait",0,3,-3,3,3,"2013-3",143
2013,"Marzo","Libia",0,2,-2,2,3,"2013-3",159
2013,"Marzo","Madagascar",0,2,-2,2,3,"2013-3",159
2013,"Marzo","Mauritania",0,3,-3,3,3,"2013-3",143
2013,"Marzo","Martinica/Departamento de Ultramar Francés",0,2,-2,2,3,"2013-3",159
2013,"Marzo","Mozambique",0,4,-4,4,3,"2013-3",133
2013,"Marzo","Níger",0,1,-1,1,3,"2013-3",177
2013,"Marzo","Nueva Caledonia/Territorio francés",0,1,-1,1,3,"2013-3",177
2013,"Marzo","Omán",0,5,-5,5,3,"2013-3",123
2013,"Marzo","Papúa Nueva Guinea",0,7,-7,7,3,"2013-3",114
2013,"Marzo","Qatar",0,11,-11,11,3,"2013-3",104
2013,"Marzo","Reunión",0,1,-1,1,3,"2013-3",177
2013,"Marzo","Rwanda",0,1,-1,1,3,"2013-3",177
2013,"Marzo","Sahara Occidental/Desierto Sahara",0,1,-1,1,3,"2013-3",177
2013,"Marzo","Sierra Leona",0,1,-1,1,3,"2013-3",177
2013,"Marzo","Vanuatu",0,1,-1,1,3,"2013-3",177
2013,"Abril","Afganistán",0,39,-39,39,4,"2013-4",77
2013,"Abril","Angola",0,10,-10,10,4,"2013-4",106
2013,"Abril","Bahréin",0,3,-3,3,4,"2013-4",142
2013,"Abril","Benín",0,2,-2,2,4,"2013-4",155
2013,"Abril","Bosnia y Herzegovina",0,1,-1,1,4,"2013-4",180
2013,"Abril","Brunei Darussalam",0,1,-1,1,4,"2013-4",180
2013,"Abril","Cabo Verde",0,2,-2,2,4,"2013-4",155
2013,"Abril","Camboya",0,1,-1,1,4,"2013-4",180
2013,"Abril","Eritrea",0,1,-1,1,4,"2013-4",180
2013,"Abril","Guinea",0,7,-7,7,4,"2013-4",119
2013,"Abril","Guinea Bissau",0,1,-1,1,4,"2013-4",180
2013,"Abril","Guadalupe/Territorio Francés",0,1,-1,1,4,"2013-4",180
2013,"Abril","Guayana Francesa/Departamento de Ultramar Francés",0,2,-2,2,4,"2013-4",155
2013,"Abril","Hong Kong",0,241,-241,241,4,"2013-4",47
2013,"Abril","Islas Christmas",0,1,-1,1,4,"2013-4",180
2013,"Abril","Kazajistán",0,1,-1,1,4,"2013-4",180
2013,"Abril","Mónaco",0,3,-3,3,4,"2013-4",142
2013,"Abril","Omán",0,3,-3,3,4,"2013-4",142
2013,"Abril","Papúa Nueva Guinea",0,9,-9,9,4,"2013-4",111
2013,"Abril","San Marino",0,1,-1,1,4,"2013-4",180
2013,"Abril","Santa Elena/Territorio Británico de Ultramar",0,1,-1,1,4,"2013-4",180
2013,"Abril","Sierra Leona",0,2,-2,2,4,"2013-4",155
2013,"Abril","Sudán",0,1,-1,1,4,"2013-4",180
2013,"Abril","Togo",0,1,-1,1,4,"2013-4",180
2013,"Abril","Uzbekistán",0,7,-7,7,4,"2013-4",119
2013,"Abril","Vanuatu",0,3,-3,3,4,"2013-4",142
2013,"Mayo","Afganistán",0,44,-44,44,5,"2013-5",70
2013,"Mayo","Camboya",0,1,-1,1,5,"2013-5",172
2013,"Mayo","Chad",0,2,-2,2,5,"2013-5",157
2013,"Mayo","Eritrea",0,5,-5,5,5,"2013-5",123
2013,"Mayo","Gabón",0,5,-5,5,5,"2013-5",123
2013,"Mayo","Groenlandia",0,1,-1,1,5,"2013-5",172
2013,"Mayo","Guinea",0,1,-1,1,5,"2013-5",172
2013,"Mayo","Guinea Ecuatorial",0,6,-6,6,5,"2013-5",116
2013,"Mayo","Guadalupe/Territorio Francés",0,1,-1,1,5,"2013-5",172
2013,"Mayo","Hong Kong",0,102,-102,102,5,"2013-5",59
2013,"Mayo","Libia",0,1,-1,1,5,"2013-5",172
2013,"Mayo","Mauritania",0,3,-3,3,5,"2013-5",138
2013,"Mayo","Mónaco",0,2,-2,2,5,"2013-5",157
2013,"Mayo","Mongolia",0,1,-1,1,5,"2013-5",172
2013,"Mayo","Papúa Nueva Guinea",0,17,-17,17,5,"2013-5",92
2013,"Mayo","Reunión",0,2,-2,2,5,"2013-5",157
2013,"Mayo","Sudán",0,1,-1,1,5,"2013-5",172
2013,"Mayo","Islas Vírgenes Estadounidenses/Territorio de Estados Unidos",0,1,-1,1,5,"2013-5",172
2013,"Mayo","Desconocido",0,22,-22,22,5,"2013-5",86
2013,"Junio","Bahréin",0,5,-5,5,6,"2013-6",129
2013,"Junio","Benín",0,1,-1,1,6,"2013-6",172
2013,"Junio","Brunei Darussalam",0,1,-1,1,6,"2013-6",172
2013,"Junio","Camboya",0,5,-5,5,6,"2013-6",129
2013,"Junio","Eritrea",0,3,-3,3,6,"2013-6",143
2013,"Junio","Gabón",0,2,-2,2,6,"2013-6",153
2013,"Junio","Ghana",0,1,-1,1,6,"2013-6",172
2013,"Junio","Guinea",0,4,-4,4,6,"2013-6",137
2013,"Junio","Guinea Ecuatorial",0,12,-12,12,6,"2013-6",101
2013,"Junio","Malawi",0,1,-1,1,6,"2013-6",172
2013,"Junio","Maldivas",0,1,-1,1,6,"2013-6",172
2013,"Junio","Omán",0,7,-7,7,6,"2013-6",117
2013,"Junio","Papúa Nueva Guinea",0,15,-15,15,6,"2013-6",95
2013,"Junio","Palau",0,1,-1,1,6,"2013-6",172
2013,"Junio","Sahara Occidental/Desierto Sahara",0,1,-1,1,6,"2013-6",172
2013,"Junio","Islas Svalbard",0,1,-1,1,6,"2013-6",172
2013,"Junio","Togo",0,1,-1,1,6,"2013-6",172
2013,"Junio","Islas Vírgenes Británicas/Territorio Británico de Ultramar",0,2,-2,2,6,"2013-6",153
2013,"Julio","Bahréin",0,9,-9,9,7,"2013-7",130
2013,"Julio","Chad",0,2,-2,2,7,"2013-7",171
2013,"Julio","Gabón",0,8,-8,8,7,"2013-7",133
2013,"Julio","Gibraltar/Territorio Británico de Ultramar",0,3,-3,3,7,"2013-7",159
2013,"Julio","Guadalupe/Territorio Francés",0,4,-4,4,7,"2013-7",152
2013,"Julio","Guayana Francesa/Departamento de Ultramar Francés",0,10,-10,10,7,"2013-7",125
2013,"Julio","Hong Kong",0,91,-91,91,7,"2013-7",66
2013,"Julio","Lesoto",0,1,-1,1,7,"2013-7",188
2013,"Julio","Malawi",0,1,-1,1,7,"2013-7",188
2013,"Julio","Malí",0,8,-8,8,7,"2013-7",133
2013,"Julio","Mozambique",0,1,-1,1,7,"2013-7",188
2013,"Julio","Omán",0,7,-7,7,7,"2013-7",137
2013,"Julio","Palau",0,1,-1,1,7,"2013-7",188
2013,"Julio","Polinesia Francesa/Colectividad de Ultramar Francesa",0,1,-1,1,7,"2013-7",188
2013,"Julio","Reunión",0,2,-2,2,7,"2013-7",171
2013,"Julio","San Pedro y Miquelón/territorio de Ultramar de La Unión Europea",0,1,-1,1,7,"2013-7",188
2013,"Julio","Sudán",0,1,-1,1,7,"2013-7",188
2013,"Julio","Suazilandia",0,1,-1,1,7,"2013-7",188
2013,"Julio","República Árabe de Yemen",0,1,-1,1,7,"2013-7",188
2013,"Agosto","Afganistán",0,43,-43,43,8,"2013-8",74
2013,"Agosto","Bahréin",0,6,-6,6,8,"2013-8",127
2013,"Agosto","Benín",0,2,-2,2,8,"2013-8",165
2013,"Agosto","Brunei Darussalam",0,3,-3,3,8,"2013-8",152
2013,"Agosto","Cabo Verde",0,1,-1,1,8,"2013-8",190
2013,"Agosto","Camerún",0,4,-4,4,8,"2013-8",141
2013,"Agosto","Chad",0,4,-4,4,8,"2013-8",141
2013,"Agosto","República de Yibuti",0,1,-1,1,8,"2013-8",190
2013,"Agosto","Eritrea",0,2,-2,2,8,"2013-8",165
2013,"Agosto","Guinea Ecuatorial",0,10,-10,10,8,"2013-8",114
2013,"Agosto","Guadalupe/Territorio Francés",0,2,-2,2,8,"2013-8",165
2013,"Agosto","Islas Pitcairn/Territorio Británico de Ultramar",0,1,-1,1,8,"2013-8",190
2013,"Agosto","Martinica/Departamento de Ultramar Francés",0,1,-1,1,8,"2013-8",190
2013,"Agosto","Nueva Caledonia/Territorio francés",0,1,-1,1,8,"2013-8",190
2013,"Agosto","Omán",0,27,-27,27,8,"2013-8",85
2013,"Agosto","República CentroÁfricana",0,1,-1,1,8,"2013-8",190
2013,"Agosto","Reunión",0,1,-1,1,8,"2013-8",190
2013,"Agosto","Sahara Occidental/Desierto Sahara",0,1,-1,1,8,"2013-8",190
2013,"Agosto","San Pedro y Miquelón/territorio de Ultramar de La Unión Europea",0,1,-1,1,8,"2013-8",190
2013,"Agosto","Tanzania",0,2,-2,2,8,"2013-8",165
2013,"Agosto","Vanuatu",0,1,-1,1,8,"2013-8",190
2013,"Septiembre","Afganistán",0,49,-49,49,9,"2013-9",72
2013,"Septiembre","Angola",0,8,-8,8,9,"2013-9",126
2013,"Septiembre","Bahréin",0,6,-6,6,9,"2013-9",134
2013,"Septiembre","Cabo Verde",0,3,-3,3,9,"2013-9",154
2013,"Septiembre","Camboya",0,2,-2,2,9,"2013-9",168
2013,"Septiembre","República de Yibuti",0,1,-1,1,9,"2013-9",190
2013,"Septiembre","Eritrea",0,3,-3,3,9,"2013-9",154
2013,"Septiembre","Guinea",0,6,-6,6,9,"2013-9",134
2013,"Septiembre","Guadalupe/Territorio Francés",0,1,-1,1,9,"2013-9",190
2013,"Septiembre","Islas Aland/Provincia de Finlandia",0,1,-1,1,9,"2013-9",190
2013,"Septiembre","Lesoto",0,1,-1,1,9,"2013-9",190
2013,"Septiembre","Libia",0,1,-1,1,9,"2013-9",190
2013,"Septiembre","Macao",0,3,-3,3,9,"2013-9",154
2013,"Septiembre","Martinica/Departamento de Ultramar Francés",0,1,-1,1,9,"2013-9",190
2013,"Septiembre","Mónaco",0,1,-1,1,9,"2013-9",190
2013,"Septiembre","Montenegro",0,2,-2,2,9,"2013-9",168
2013,"Septiembre","Myanmar",0,1,-1,1,9,"2013-9",190
2013,"Septiembre","Nauru",0,1,-1,1,9,"2013-9",190
2013,"Septiembre","Nueva Caledonia/Territorio francés",0,1,-1,1,9,"2013-9",190
2013,"Septiembre","Papúa Nueva Guinea",0,3,-3,3,9,"2013-9",154
2013,"Septiembre","Palau",0,1,-1,1,9,"2013-9",190
2013,"Septiembre","Puerto Rico/Territorio de Estados Unidos",0,719,-719,719,9,"2013-9",32
2013,"Septiembre","Reunión",0,1,-1,1,9,"2013-9",190
2013,"Septiembre","Sahara Occidental/Desierto Sahara",0,2,-2,2,9,"2013-9",168
2013,"Septiembre","San Pedro y Miquelón/territorio de Ultramar de La Unión Europea",0,1,-1,1,9,"2013-9",190
2013,"Septiembre","San Marino",0,2,-2,2,9,"2013-9",168
2013,"Septiembre","Suazilandia",0,1,-1,1,9,"2013-9",190
2013,"Octubre","Eritrea",0,3,-3,3,10,"2013-10",166
2013,"Octubre","Gibraltar/Territorio Británico de Ultramar",0,2,-2,2,10,"2013-10",180
2013,"Octubre","Guadalupe/Territorio Francés",0,4,-4,4,10,"2013-10",152
2013,"Octubre","Guayana Francesa/Departamento de Ultramar Francés",0,2,-2,2,10,"2013-10",180
2013,"Octubre","Islas Aland/Provincia de Finlandia",0,1,-1,1,10,"2013-10",202
2013,"Octubre","Mauricio",0,1,-1,1,10,"2013-10",202
2013,"Octubre","Nauru",0,1,-1,1,10,"2013-10",202
2013,"Octubre","Papúa Nueva Guinea",0,9,-9,9,10,"2013-10",118
2013,"Octubre","Palau",0,1,-1,1,10,"2013-10",202
2013,"Octubre","Reunión",0,2,-2,2,10,"2013-10",180
2013,"Octubre","República Democrática Popular de Corea",0,1,-1,1,10,"2013-10",202
2013,"Octubre","Santa Elena/Territorio Británico de Ultramar",0,1,-1,1,10,"2013-10",202
2013,"Octubre","Tuvalu",0,1,-1,1,10,"2013-10",202
2013,"Octubre","Vanuatu",0,1,-1,1,10,"2013-10",202
2013,"Noviembre","Benín",0,4,-4,4,11,"2013-11",129
2013,"Noviembre","Cabo Verde",0,1,-1,1,11,"2013-11",175
2013,"Noviembre","Chad",0,1,-1,1,11,"2013-11",175
2013,"Noviembre","Eritrea",0,1,-1,1,11,"2013-11",175
2013,"Noviembre","Gabón",0,6,-6,6,11,"2013-11",117
2013,"Noviembre","Gibraltar/Territorio Británico de Ultramar",0,1,-1,1,11,"2013-11",175
2013,"Noviembre","Guinea Ecuatorial",0,13,-13,13,11,"2013-11",99
2013,"Noviembre","Guadalupe/Territorio Francés",0,4,-4,4,11,"2013-11",129
2013,"Noviembre","República Democrática Popular  Lao",0,1,-1,1,11,"2013-11",175
2013,"Noviembre","Liberia",0,1,-1,1,11,"2013-11",175
2013,"Noviembre","Macedonia",0,1,-1,1,11,"2013-11",175
2013,"Noviembre","Martinica/Departamento de Ultramar Francés",0,3,-3,3,11,"2013-11",139
2013,"Noviembre","Niue",0,1,-1,1,11,"2013-11",175
2013,"Noviembre","Omán",0,6,-6,6,11,"2013-11",117
2013,"Noviembre","Papúa Nueva Guinea",0,6,-6,6,11,"2013-11",117
2013,"Noviembre","Rwanda",0,1,-1,1,11,"2013-11",175
2013,"Noviembre","Vanuatu",0,2,-2,2,11,"2013-11",154
2013,"Noviembre","Islas Vírgenes Británicas/Territorio Británico de Ultramar",0,1,-1,1,11,"2013-11",175
2013,"Diciembre","Afganistán",0,28,-28,28,12,"2013-12",86
2013,"Diciembre","Aruba",0,8485,-8485,8485,12,"2013-12",11
2013,"Diciembre","Comoras",0,1,-1,1,12,"2013-12",177
2013,"Diciembre","Eritrea",0,1,-1,1,12,"2013-12",177
2013,"Diciembre","Etiopia",0,2,-2,2,12,"2013-12",158
2013,"Diciembre","Gibraltar/Territorio Británico de Ultramar",0,1,-1,1,12,"2013-12",177
2013,"Diciembre","Guadalupe/Territorio Francés",0,2,-2,2,12,"2013-12",158
2013,"Diciembre","Hong Kong",0,72,-72,72,12,"2013-12",68
2013,"Diciembre","Islas Marshall",0,1,-1,1,12,"2013-12",177
2013,"Diciembre","Nauru",0,1,-1,1,12,"2013-12",177
2013,"Diciembre","Namibia",0,2,-2,2,12,"2013-12",158
2013,"Diciembre","Níger",0,3,-3,3,12,"2013-12",145
2013,"Diciembre","Omán",0,6,-6,6,12,"2013-12",118
2013,"Diciembre","Papúa Nueva Guinea",0,5,-5,5,12,"2013-12",126
2013,"Diciembre","República Democrática Popular de Corea",0,1,-1,1,12,"2013-12",177
2013,"Diciembre","San  Vicente y las Granadinas",0,1,-1,1,12,"2013-12",177
2013,"Diciembre","Islas Vírgenes Británicas/Territorio Británico de Ultramar",0,1,-1,1,12,"2013-12",177
2014,"Enero","Afganistán",0,31,-31,31,1,"2014-1",85
2014,"Enero","Azerbaiyán",0,6,-6,6,1,"2014-1",131
2014,"Enero","Botsuana",0,1,-1,1,1,"2014-1",184
2014,"Enero","Camboya",0,7,-7,7,1,"2014-1",118
2014,"Enero","Camerún",0,6,-6,6,1,"2014-1",131
2014,"Enero","Curazao",0,1363,-1363,1363,1,"2014-1",26
2014,"Enero","Islas Fiji",0,1,-1,1,1,"2014-1",184
2014,"Enero","Gabón",0,5,-5,5,1,"2014-1",135
2014,"Enero","Gibraltar/Territorio Británico de Ultramar",0,2,-2,2,1,"2014-1",164
2014,"Enero","Guinea",0,6,-6,6,1,"2014-1",131
2014,"Enero","Guinea Bissau",0,3,-3,3,1,"2014-1",149
2014,"Enero","Guadalupe/Territorio Francés",0,3,-3,3,1,"2014-1",149
2014,"Enero","Guayana Francesa/Departamento de Ultramar Francés",0,6,-6,6,1,"2014-1",131
2014,"Enero","Iraq",0,21,-21,21,1,"2014-1",94
2014,"Enero","Kirguistán",0,1,-1,1,1,"2014-1",184
2014,"Enero","Liberia",0,1,-1,1,1,"2014-1",184
2014,"Enero","Macao",0,1,-1,1,1,"2014-1",184
2014,"Enero","Mauritania",0,2,-2,2,1,"2014-1",164
2014,"Enero","Martinica/Departamento de Ultramar Francés",0,1,-1,1,1,"2014-1",184
2014,"Enero","Mozambique",0,3,-3,3,1,"2014-1",149
2014,"Enero","Myanmar",0,1,-1,1,1,"2014-1",184
2014,"Enero","Namibia",0,1,-1,1,1,"2014-1",184
2014,"Enero","Nueva Caledonia/Territorio francés",0,2,-2,2,1,"2014-1",164
2014,"Enero","Omán",0,14,-14,14,1,"2014-1",101
2014,"Enero","Papúa Nueva Guinea",0,7,-7,7,1,"2014-1",118
2014,"Enero","Polinesia Francesa/Colectividad de Ultramar Francesa",0,1,-1,1,1,"2014-1",184
2014,"Enero","Puerto Rico/Territorio de Estados Unidos",0,1354,-1354,1354,1,"2014-1",27
2014,"Enero","Sierra Leona",0,6,-6,6,1,"2014-1",131
2014,"Enero","Sudán",0,3,-3,3,1,"2014-1",149
2014,"Enero","Turkmenistán",0,2,-2,2,1,"2014-1",164
2014,"Enero","Islas Vírgenes Británicas/Territorio Británico de Ultramar",0,1,-1,1,1,"2014-1",184
2014,"Enero","República Árabe de Yemen",0,1,-1,1,1,"2014-1",184
2014,"Febrero","Angola",0,5,-5,5,2,"2014-2",124
2014,"Febrero","Brunei Darussalam",0,1,-1,1,2,"2014-2",183
2014,"Febrero","Burundi",0,1,-1,1,2,"2014-2",183
2014,"Febrero","Camerún",0,2,-2,2,2,"2014-2",154
2014,"Febrero","Chad",0,3,-3,3,2,"2014-2",143
2014,"Febrero","Eritrea",0,3,-3,3,2,"2014-2",143
2014,"Febrero","Islas Fiji",0,1,-1,1,2,"2014-2",183
2014,"Febrero","Gibraltar/Territorio Británico de Ultramar",0,1,-1,1,2,"2014-2",183
2014,"Febrero","Guinea Ecuatorial",0,13,-13,13,2,"2014-2",99
2014,"Febrero","Guadalupe/Territorio Francés",0,2,-2,2,2,"2014-2",154
2014,"Febrero","Hong Kong",0,110,-110,110,2,"2014-2",59
2014,"Febrero","Kuwait",0,1,-1,1,2,"2014-2",183
2014,"Febrero","Liberia",0,1,-1,1,2,"2014-2",183
2014,"Febrero","Libia",0,3,-3,3,2,"2014-2",143
2014,"Febrero","Martinica/Departamento de Ultramar Francés",0,1,-1,1,2,"2014-2",183
2014,"Febrero","Mozambique",0,3,-3,3,2,"2014-2",143
2014,"Febrero","Papúa Nueva Guinea",0,6,-6,6,2,"2014-2",119
2014,"Febrero","Polinesia Francesa/Colectividad de Ultramar Francesa",0,2,-2,2,2,"2014-2",154
2014,"Febrero","Qatar",0,10,-10,10,2,"2014-2",106
2014,"Febrero","República CentroÁfricana",0,1,-1,1,2,"2014-2",183
2014,"Febrero","República Democrática Popular de Corea",0,2,-2,2,2,"2014-2",154
2014,"Febrero","Rwanda",0,1,-1,1,2,"2014-2",183
2014,"Febrero","San Marino",0,1,-1,1,2,"2014-2",183
2014,"Febrero","Santo Tomé y Príncipe",0,1,-1,1,2,"2014-2",183
2014,"Febrero","Suazilandia",0,1,-1,1,2,"2014-2",183
2014,"Febrero","Tonga",0,1,-1,1,2,"2014-2",183
2014,"Febrero","Tokelau",0,1,-1,1,2,"2014-2",183
2014,"Febrero","Islas Vírgenes Británicas/Territorio Británico de Ultramar",0,1,-1,1,2,"2014-2",183
2014,"Marzo","Camboya",0,1,-1,1,3,"2014-3",171
2014,"Marzo","Chad",0,1,-1,1,3,"2014-3",171
2014,"Marzo","Curazao",0,956,-956,956,3,"2014-3",30
2014,"Marzo","Eritrea",0,1,-1,1,3,"2014-3",171
2014,"Marzo","Gabón",0,6,-6,6,3,"2014-3",116
2014,"Marzo","Guinea Ecuatorial",0,9,-9,9,3,"2014-3",102
2014,"Marzo","Guadalupe/Territorio Francés",0,7,-7,7,3,"2014-3",112
2014,"Marzo","Guayana Francesa/Departamento de Ultramar Francés",0,3,-3,3,3,"2014-3",143
2014,"Marzo","Hong Kong",0,113,-113,113,3,"2014-3",61
2014,"Marzo","Iraq",0,15,-15,15,3,"2014-3",94
2014,"Marzo","Islas Cook",0,1,-1,1,3,"2014-3",171
2014,"Marzo","Islas Marshall",0,1,-1,1,3,"2014-3",171
2014,"Marzo","Mauritania",0,1,-1,1,3,"2014-3",171
2014,"Marzo","Martinica/Departamento de Ultramar Francés",0,1,-1,1,3,"2014-3",171
2014,"Marzo","Myanmar",0,2,-2,2,3,"2014-3",151
2014,"Marzo","Papúa Nueva Guinea",0,4,-4,4,3,"2014-3",134
2014,"Marzo","Polinesia Francesa/Colectividad de Ultramar Francesa",0,1,-1,1,3,"2014-3",171
2014,"Marzo","Puerto Rico/Territorio de Estados Unidos",0,772,-772,772,3,"2014-3",33
2014,"Marzo","Qatar",0,7,-7,7,3,"2014-3",112
2014,"Marzo","República CentroÁfricana",0,1,-1,1,3,"2014-3",171
2014,"Marzo","Rwanda",0,1,-1,1,3,"2014-3",171
2014,"Marzo","Sahara Occidental/Desierto Sahara",0,5,-5,5,3,"2014-3",122
2014,"Marzo","Seychelles",0,1,-1,1,3,"2014-3",171
2014,"Marzo","Sudán",0,1,-1,1,3,"2014-3",171
2014,"Marzo","Turkmenistán",0,1,-1,1,3,"2014-3",171
2014,"Abril","Aruba",0,5839,-5839,5839,4,"2014-4",12
2014,"Abril","Bermudas/Territorio Británico de Ultramar",0,5,-5,5,4,"2014-4",147
2014,"Abril","Curazao",0,924,-924,924,4,"2014-4",31
2014,"Abril","Gibraltar/Territorio Británico de Ultramar",0,1,-1,1,4,"2014-4",194
2014,"Abril","Guinea",0,3,-3,3,4,"2014-4",170
2014,"Abril","Guinea Ecuatorial",0,17,-17,17,4,"2014-4",104
2014,"Abril","Guadalupe/Territorio Francés",0,2,-2,2,4,"2014-4",180
2014,"Abril","Guayana Francesa/Departamento de Ultramar Francés",0,1,-1,1,4,"2014-4",194
2014,"Abril","Hong Kong",0,168,-168,168,4,"2014-4",57
2014,"Abril","Martinica/Departamento de Ultramar Francés",0,1,-1,1,4,"2014-4",194
2014,"Abril","Polinesia Francesa/Colectividad de Ultramar Francesa",0,2,-2,2,4,"2014-4",180
2014,"Abril","Qatar",0,16,-16,16,4,"2014-4",107
2014,"Abril","San Marino",0,3,-3,3,4,"2014-4",170
2014,"Abril","Santo Tomé y Príncipe",0,1,-1,1,4,"2014-4",194
2014,"Abril","Islas Vírgenes Británicas/Territorio Británico de Ultramar",0,1,-1,1,4,"2014-4",194
2014,"Abril","Islas Vírgenes Estadounidenses/Territorio de Estados Unidos",0,2,-2,2,4,"2014-4",180
2014,"Mayo","Afganistán",0,36,-36,36,5,"2014-5",76
2014,"Mayo","Aruba",0,5554,-5554,5554,5,"2014-5",13
2014,"Mayo","Cabo Verde",0,2,-2,2,5,"2014-5",153
2014,"Mayo","Camboya",0,1,-1,1,5,"2014-5",176
2014,"Mayo","Chad",0,3,-3,3,5,"2014-5",140
2014,"Mayo","Costa de Marfil",0,6,-6,6,5,"2014-5",119
2014,"Mayo","Eritrea",0,1,-1,1,5,"2014-5",176
2014,"Mayo","Gabón",0,5,-5,5,5,"2014-5",124
2014,"Mayo","Gambia",0,1,-1,1,5,"2014-5",176
2014,"Mayo","Guinea Bissau",0,1,-1,1,5,"2014-5",176
2014,"Mayo","Guadalupe/Territorio Francés",0,1,-1,1,5,"2014-5",176
2014,"Mayo","Guayana Francesa/Departamento de Ultramar Francés",0,1,-1,1,5,"2014-5",176
2014,"Mayo","Hong Kong",0,98,-98,98,5,"2014-5",62
2014,"Mayo","Macao",0,1,-1,1,5,"2014-5",176
2014,"Mayo","Martinica/Departamento de Ultramar Francés",0,1,-1,1,5,"2014-5",176
2014,"Mayo","Mónaco",0,4,-4,4,5,"2014-5",132
2014,"Mayo","Nauru",0,2,-2,2,5,"2014-5",153
2014,"Mayo","Namibia",0,5,-5,5,5,"2014-5",124
2014,"Mayo","Níger",0,1,-1,1,5,"2014-5",176
2014,"Mayo","Reunión",0,1,-1,1,5,"2014-5",176
2014,"Mayo","República Democrática Popular de Corea",0,1,-1,1,5,"2014-5",176
2014,"Mayo","Sahara Occidental/Desierto Sahara",0,1,-1,1,5,"2014-5",176
2014,"Mayo","San Marino",0,1,-1,1,5,"2014-5",176
2014,"Mayo","Sudán",0,2,-2,2,5,"2014-5",153
2014,"Junio","Angola",0,10,-10,10,6,"2014-6",103
2014,"Junio","República de Armenia",0,1,-1,1,6,"2014-6",172
2014,"Junio","Bosnia y Herzegovina",0,2,-2,2,6,"2014-6",154
2014,"Junio","Brunei Darussalam",0,3,-3,3,6,"2014-6",133
2014,"Junio","Camboya",0,2,-2,2,6,"2014-6",154
2014,"Junio","Chad",0,2,-2,2,6,"2014-6",154
2014,"Junio","Costa de Marfil",0,7,-7,7,6,"2014-6",110
2014,"Junio","Eritrea",0,1,-1,1,6,"2014-6",172
2014,"Junio","Gabón",0,7,-7,7,6,"2014-6",110
2014,"Junio","Guayana Francesa/Departamento de Ultramar Francés",0,1,-1,1,6,"2014-6",172
2014,"Junio","Martinica/Departamento de Ultramar Francés",0,1,-1,1,6,"2014-6",172
2014,"Junio","Mónaco",0,2,-2,2,6,"2014-6",154
2014,"Junio","Omán",0,3,-3,3,6,"2014-6",133
2014,"Junio","Papúa Nueva Guinea",0,3,-3,3,6,"2014-6",133
2014,"Junio","Qatar",0,12,-12,12,6,"2014-6",101
2014,"Junio","República CentroÁfricana",0,4,-4,4,6,"2014-6",124
2014,"Junio","Reunión",0,1,-1,1,6,"2014-6",172
2014,"Junio","República Democrática Popular de Corea",0,3,-3,3,6,"2014-6",133
2014,"Junio","Samoa Estadounidense/Territorio no incorporado de Estados Unidos",0,1,-1,1,6,"2014-6",172
2014,"Junio","San Marino",0,1,-1,1,6,"2014-6",172
2014,"Junio","Santo Tomé y Príncipe",0,1,-1,1,6,"2014-6",172
2014,"Junio","Tanzania",0,2,-2,2,6,"2014-6",154
2014,"Junio","Islas Vírgenes Estadounidenses/Territorio de Estados Unidos",0,2,-2,2,6,"2014-6",154
2014,"Junio","Islas Turcas y Caicos/Territorio Británico de Ultramar",0,1,-1,1,6,"2014-6",172
2014,"Julio","Afganistán",0,7,-7,7,7,"2014-7",120
2014,"Julio","Angola",0,17,-17,17,7,"2014-7",98
2014,"Julio","Brunei Darussalam",0,1,-1,1,7,"2014-7",176
2014,"Julio","Chad",0,1,-1,1,7,"2014-7",176
2014,"Julio","Curazao",0,1103,-1103,1103,7,"2014-7",34
2014,"Julio","Gabón",0,4,-4,4,7,"2014-7",142
2014,"Julio","Guadalupe/Territorio Francés",0,5,-5,5,7,"2014-7",136
2014,"Julio","Guayana Francesa/Departamento de Ultramar Francés",0,1,-1,1,7,"2014-7",176
2014,"Julio","Liberia",0,1,-1,1,7,"2014-7",176
2014,"Julio","Micronesia",0,1,-1,1,7,"2014-7",176
2014,"Julio","Mozambique",0,3,-3,3,7,"2014-7",145
2014,"Julio","Myanmar",0,2,-2,2,7,"2014-7",159
2014,"Julio","Níger",0,1,-1,1,7,"2014-7",176
2014,"Julio","Omán",0,18,-18,18,7,"2014-7",92
2014,"Julio","Papúa Nueva Guinea",0,1,-1,1,7,"2014-7",176
2014,"Julio","Polinesia Francesa/Colectividad de Ultramar Francesa",0,2,-2,2,7,"2014-7",159
2014,"Julio","Puerto Rico/Territorio de Estados Unidos",0,1104,-1104,1104,7,"2014-7",33
2014,"Julio","República Democrática Popular de Corea",0,3,-3,3,7,"2014-7",145
2014,"Julio","Sahara Occidental/Desierto Sahara",0,1,-1,1,7,"2014-7",176
2014,"Julio","San Marino",0,1,-1,1,7,"2014-7",176
2014,"Julio","Sudán",0,2,-2,2,7,"2014-7",159
2014,"Julio","Turkmenistán",0,1,-1,1,7,"2014-7",176
2014,"Agosto","Botsuana",0,1,-1,1,8,"2014-8",182
2014,"Agosto","Chad",0,1,-1,1,8,"2014-8",182
2014,"Agosto","Colombia",0,218,-218,218,8,"2014-8",53
2014,"Agosto","Gabón",0,6,-6,6,8,"2014-8",138
2014,"Agosto","Guadalupe/Territorio Francés",0,7,-7,7,8,"2014-8",131
2014,"Agosto","Guayana Francesa/Departamento de Ultramar Francés",0,9,-9,9,8,"2014-8",122
2014,"Agosto","Islas Aland/Provincia de Finlandia",0,1,-1,1,8,"2014-8",182
2014,"Agosto","Martinica/Departamento de Ultramar Francés",0,2,-2,2,8,"2014-8",167
2014,"Agosto","Omán",0,26,-26,26,8,"2014-8",89
2014,"Agosto","Polinesia Francesa/Colectividad de Ultramar Francesa",0,1,-1,1,8,"2014-8",182
2014,"Agosto","Puerto Rico/Territorio de Estados Unidos",0,1225,-1225,1225,8,"2014-8",31
2014,"Agosto","Reunión",0,1,-1,1,8,"2014-8",182
2014,"Agosto","República Democrática Popular de Corea",0,2,-2,2,8,"2014-8",167
2014,"Agosto","Santa Sede/Ciudad del Vaticano",0,1,-1,1,8,"2014-8",182
2014,"Agosto","Santo Tomé y Príncipe",0,1,-1,1,8,"2014-8",182
2014,"Agosto","Tanzania",0,5,-5,5,8,"2014-8",143
2014,"Agosto","Islas Vírgenes Británicas/Territorio Británico de Ultramar",0,2,-2,2,8,"2014-8",167
2014,"Agosto","Islas Vírgenes Estadounidenses/Territorio de Estados Unidos",0,1,-1,1,8,"2014-8",182
2014,"Septiembre","Afganistán",0,11,-11,11,9,"2014-9",107
2014,"Septiembre","Aruba",0,4685,-4685,4685,9,"2014-9",16
2014,"Septiembre","Bahréin",0,2,-2,2,9,"2014-9",157
2014,"Septiembre","Brunei Darussalam",0,1,-1,1,9,"2014-9",174
2014,"Septiembre","Burundi",0,1,-1,1,9,"2014-9",174
2014,"Septiembre","Colombia",0,718,-718,718,9,"2014-9",36
2014,"Septiembre","Gabón",0,7,-7,7,9,"2014-9",119
2014,"Septiembre","Guinea",0,3,-3,3,9,"2014-9",142
2014,"Septiembre","Guadalupe/Territorio Francés",0,3,-3,3,9,"2014-9",142
2014,"Septiembre","Iraq",0,9,-9,9,9,"2014-9",115
2014,"Septiembre","Liberia",0,1,-1,1,9,"2014-9",174
2014,"Septiembre","Papúa Nueva Guinea",0,1,-1,1,9,"2014-9",174
2014,"Septiembre","Polinesia Francesa/Colectividad de Ultramar Francesa",0,2,-2,2,9,"2014-9",157
2014,"Septiembre","Puerto Rico/Territorio de Estados Unidos",0,913,-913,913,9,"2014-9",32
2014,"Septiembre","Qatar",0,9,-9,9,9,"2014-9",115
2014,"Septiembre","Reunión",0,2,-2,2,9,"2014-9",157
2014,"Septiembre","Somalia",0,1,-1,1,9,"2014-9",174
2014,"Septiembre","Sudán",0,3,-3,3,9,"2014-9",142
2014,"Septiembre","Islas Vírgenes Estadounidenses/Territorio de Estados Unidos",0,1,-1,1,9,"2014-9",174
2014,"Septiembre","República Árabe de Yemen",0,1,-1,1,9,"2014-9",174
2014,"Octubre","Afganistán",0,15,-15,15,10,"2014-10",97
2014,"Octubre","Aruba",0,6604,-6604,6604,10,"2014-10",12
2014,"Octubre","Bahréin",0,10,-10,10,10,"2014-10",107
2014,"Octubre","Brunei Darussalam",0,2,-2,2,10,"2014-10",162
2014,"Octubre","Cabo Verde",0,1,-1,1,10,"2014-10",179
2014,"Octubre","Chad",0,3,-3,3,10,"2014-10",155
2014,"Octubre","Colombia",0,1262,-1262,1262,10,"2014-10",29
2014,"Octubre","Costa de Marfil",0,5,-5,5,10,"2014-10",137
2014,"Octubre","Curazao",0,1457,-1457,1457,10,"2014-10",26
2014,"Octubre","Gabón",0,8,-8,8,10,"2014-10",114
2014,"Octubre","Guinea Ecuatorial",0,12,-12,12,10,"2014-10",103
2014,"Octubre","Guadalupe/Territorio Francés",0,3,-3,3,10,"2014-10",155
2014,"Octubre","Guam/Territorio no incorporado de Estados Unidos",0,1,-1,1,10,"2014-10",179
2014,"Octubre","Guayana Francesa/Departamento de Ultramar Francés",0,3,-3,3,10,"2014-10",155
2014,"Octubre","Islas Salomón",0,1,-1,1,10,"2014-10",179
2014,"Octubre","Liberia",0,4,-4,4,10,"2014-10",141
2014,"Octubre","Maldivas",0,1,-1,1,10,"2014-10",179
2014,"Octubre","Mónaco",0,1,-1,1,10,"2014-10",179
2014,"Octubre","Montenegro",0,1,-1,1,10,"2014-10",179
2014,"Octubre","Nueva Caledonia/Territorio francés",0,1,-1,1,10,"2014-10",179
2014,"Octubre","Puerto Rico/Territorio de Estados Unidos",0,1306,-1306,1306,10,"2014-10",27
2014,"Octubre","República CentroÁfricana",0,3,-3,3,10,"2014-10",155
2014,"Octubre","Santo Tomé y Príncipe",0,1,-1,1,10,"2014-10",179
2014,"Octubre","Seychelles",0,1,-1,1,10,"2014-10",179
2014,"Octubre","Turkmenistán",0,2,-2,2,10,"2014-10",162
2014,"Octubre","Islas Vírgenes Británicas/Territorio Británico de Ultramar",0,9,-9,9,10,"2014-10",113
2014,"Octubre","Islas Vírgenes Estadounidenses/Territorio de Estados Unidos",0,1,-1,1,10,"2014-10",179
2014,"Octubre","República Árabe de Yemen",0,1,-1,1,10,"2014-10",179
2014,"Octubre","Anguila/Territorio Británico de Ultramar",0,1,-1,1,10,"2014-10",179
2014,"Noviembre","Afganistán",0,5,-5,5,11,"2014-11",130
2014,"Noviembre","Angola",0,12,-12,12,11,"2014-11",102
2014,"Noviembre","Aruba",0,6922,-6922,6922,11,"2014-11",11
2014,"Noviembre","Bahréin",0,2,-2,2,11,"2014-11",164
2014,"Noviembre","Bermudas/Territorio Británico de Ultramar",0,2,-2,2,11,"2014-11",164
2014,"Noviembre","Chad",0,2,-2,2,11,"2014-11",164
2014,"Noviembre","Colombia",0,1193,-1193,1193,11,"2014-11",29
2014,"Noviembre","Gambia",0,1,-1,1,11,"2014-11",182
2014,"Noviembre","Guinea",0,1,-1,1,11,"2014-11",182
2014,"Noviembre","Guinea Ecuatorial",0,13,-13,13,11,"2014-11",99
2014,"Noviembre","Guam/Territorio no incorporado de Estados Unidos",0,1,-1,1,11,"2014-11",182
2014,"Noviembre","Guayana Francesa/Departamento de Ultramar Francés",0,2,-2,2,11,"2014-11",164
2014,"Noviembre","Macao",0,1,-1,1,11,"2014-11",182
2014,"Noviembre","Mónaco",0,2,-2,2,11,"2014-11",164
2014,"Noviembre","Nauru",0,1,-1,1,11,"2014-11",182
2014,"Noviembre","Níger",0,1,-1,1,11,"2014-11",182
2014,"Noviembre","Nueva Caledonia/Territorio francés",0,3,-3,3,11,"2014-11",147
2014,"Noviembre","Qatar",0,6,-6,6,11,"2014-11",124
2014,"Noviembre","Reunión",0,2,-2,2,11,"2014-11",164
2014,"Noviembre","República Democrática Popular de Corea",0,1,-1,1,11,"2014-11",182
2014,"Diciembre","Aruba",0,6480,-6480,6480,12,"2014-12",15
2014,"Diciembre","Botsuana",0,1,-1,1,12,"2014-12",177
2014,"Diciembre","Brunei Darussalam",0,1,-1,1,12,"2014-12",177
2014,"Diciembre","Cabo Verde",0,2,-2,2,12,"2014-12",158
2014,"Diciembre","Antártida",0,80,-80,80,12,"2014-12",68
2014,"Diciembre","Chad",0,1,-1,1,12,"2014-12",177
2014,"Diciembre","Colombia",0,1252,-1252,1252,12,"2014-12",28
2014,"Diciembre","Eritrea",0,1,-1,1,12,"2014-12",177
2014,"Diciembre","Gabón",0,4,-4,4,12,"2014-12",142
2014,"Diciembre","Guadalupe/Territorio Francés",0,1,-1,1,12,"2014-12",177
2014,"Diciembre","Guayana Francesa/Departamento de Ultramar Francés",0,1,-1,1,12,"2014-12",177
2014,"Diciembre","Malí",0,1,-1,1,12,"2014-12",177
2014,"Diciembre","Mozambique",0,2,-2,2,12,"2014-12",158
2014,"Diciembre","Omán",0,14,-14,14,12,"2014-12",101
2014,"Diciembre","Papúa Nueva Guinea",0,1,-1,1,12,"2014-12",177
2014,"Diciembre","Polinesia Francesa/Colectividad de Ultramar Francesa",0,1,-1,1,12,"2014-12",177
2014,"Diciembre","República de Tayikistán",0,1,-1,1,12,"2014-12",177
2014,"Diciembre","Islas Turcas y Caicos/Territorio Británico de Ultramar",0,22,-22,22,12,"2014-12",90
2015,"Enero","Aruba",0,5874,-5874,5874,1,"2015-1",17
2015,"Enero","Bahréin",0,11,-11,11,1,"2015-1",111
2015,"Enero","Cabo Verde",0,2,-2,2,1,"2015-1",163
2015,"Enero","Camboya",0,1,-1,1,1,"2015-1",183
2015,"Enero","Chad",0,5,-5,5,1,"2015-1",132
2015,"Enero","Colombia",0,1187,-1187,1187,1,"2015-1",32
2015,"Enero","República Del Congo",0,7,-7,7,1,"2015-1",118
2015,"Enero","Costa de Marfil",0,19,-19,19,1,"2015-1",100
2015,"Enero","Eritrea",0,1,-1,1,1,"2015-1",183
2015,"Enero","Gabón",0,5,-5,5,1,"2015-1",132
2015,"Enero","Guinea",0,6,-6,6,1,"2015-1",125
2015,"Enero","Guinea Ecuatorial",0,36,-36,36,1,"2015-1",85
2015,"Enero","Guadalupe/Territorio Francés",0,3,-3,3,1,"2015-1",151
2015,"Enero","Guam/Territorio no incorporado de Estados Unidos",0,1,-1,1,1,"2015-1",183
2015,"Enero","Isla de Man",0,1,-1,1,1,"2015-1",183
2015,"Enero","Islas Aland/Provincia de Finlandia",0,1,-1,1,1,"2015-1",183
2015,"Enero","República Democrática Popular  Lao",0,2,-2,2,1,"2015-1",163
2015,"Enero","Macao",0,1,-1,1,1,"2015-1",183
2015,"Enero","Malí",0,3,-3,3,1,"2015-1",151
2015,"Enero","Martinica/Departamento de Ultramar Francés",0,4,-4,4,1,"2015-1",139
2015,"Enero","Mozambique",0,9,-9,9,1,"2015-1",114
2015,"Enero","Namibia",0,2,-2,2,1,"2015-1",163
2015,"Enero","Nueva Caledonia/Territorio francés",0,1,-1,1,1,"2015-1",183
2015,"Enero","Papúa Nueva Guinea",0,3,-3,3,1,"2015-1",151
2015,"Enero","Puerto Rico/Territorio de Estados Unidos",0,1550,-1550,1550,1,"2015-1",27
2015,"Enero","Qatar",0,30,-30,30,1,"2015-1",91
2015,"Enero","Reunión",0,2,-2,2,1,"2015-1",163
2015,"Enero","Santo Tomé y Príncipe",0,3,-3,3,1,"2015-1",151
2015,"Enero","Senegal",0,1,-1,1,1,"2015-1",183
2015,"Enero","Sudán",0,1,-1,1,1,"2015-1",183
2015,"Enero","Turkmenistán",0,1,-1,1,1,"2015-1",183
2015,"Enero","Islas Vírgenes Británicas/Territorio Británico de Ultramar",0,6,-6,6,1,"2015-1",125
2015,"Enero","Zambia",0,3,-3,3,1,"2015-1",151
2015,"Febrero","Aruba",0,3639,-3639,3639,2,"2015-2",17
2015,"Febrero","Cabo Verde",0,3,-3,3,2,"2015-2",147
2015,"Febrero","Colombia",0,1079,-1079,1079,2,"2015-2",27
2015,"Febrero","República Del Congo",0,3,-3,3,2,"2015-2",147
2015,"Febrero","Curazao",0,812,-812,812,2,"2015-2",35
2015,"Febrero","Gabón",0,3,-3,3,2,"2015-2",147
2015,"Febrero","Guinea",0,2,-2,2,2,"2015-2",158
2015,"Febrero","Guinea Ecuatorial",0,8,-8,8,2,"2015-2",113
2015,"Febrero","Guadalupe/Territorio Francés",0,4,-4,4,2,"2015-2",128
2015,"Febrero","Guayana Francesa/Departamento de Ultramar Francés",0,1,-1,1,2,"2015-2",175
2015,"Febrero","Hong Kong",0,62,-62,62,2,"2015-2",69
2015,"Febrero","República Democrática Popular  Lao",0,2,-2,2,2,"2015-2",158
2015,"Febrero","Macao",0,1,-1,1,2,"2015-2",175
2015,"Febrero","Maldivas",0,1,-1,1,2,"2015-2",175
2015,"Febrero","Malí",0,2,-2,2,2,"2015-2",158
2015,"Febrero","Mauricio",0,1,-1,1,2,"2015-2",175
2015,"Febrero","Martinica/Departamento de Ultramar Francés",0,1,-1,1,2,"2015-2",175
2015,"Febrero","Mónaco",0,3,-3,3,2,"2015-2",147
2015,"Febrero","Nueva Caledonia/Territorio francés",0,1,-1,1,2,"2015-2",175
2015,"Febrero","Omán",0,7,-7,7,2,"2015-2",117
2015,"Febrero","Papúa Nueva Guinea",0,3,-3,3,2,"2015-2",147
2015,"Febrero","Puerto Rico/Territorio de Estados Unidos",0,883,-883,883,2,"2015-2",32
2015,"Febrero","República CentroÁfricana",0,3,-3,3,2,"2015-2",147
2015,"Febrero","República Democrática Popular de Corea",0,3,-3,3,2,"2015-2",147
2015,"Febrero","Senegal",0,1,-1,1,2,"2015-2",175
2015,"Febrero","Islas Vírgenes Británicas/Territorio Británico de Ultramar",0,2,-2,2,2,"2015-2",158
2015,"Febrero","Anguila/Territorio Británico de Ultramar",0,1,-1,1,2,"2015-2",175
2015,"Marzo","Afganistán",0,3,-3,3,3,"2015-3",146
2015,"Marzo","Aruba",0,5067,-5067,5067,3,"2015-3",15
2015,"Marzo","Bután",0,2,-2,2,3,"2015-3",159
2015,"Marzo","Camboya",0,2,-2,2,3,"2015-3",159
2015,"Marzo","Colombia",0,1199,-1199,1199,3,"2015-3",31
2015,"Marzo","República Del Congo",0,3,-3,3,3,"2015-3",146
2015,"Marzo","Eritrea",0,1,-1,1,3,"2015-3",176
2015,"Marzo","Gabón",0,4,-4,4,3,"2015-3",136
2015,"Marzo","Gibraltar/Territorio Británico de Ultramar",0,5,-5,5,3,"2015-3",127
2015,"Marzo","Guadalupe/Territorio Francés",0,1,-1,1,3,"2015-3",176
2015,"Marzo","Isla de Man",0,1,-1,1,3,"2015-3",176
2015,"Marzo","Islas Aland/Provincia de Finlandia",0,1,-1,1,3,"2015-3",176
2015,"Marzo","República Democrática Popular  Lao",0,2,-2,2,3,"2015-3",159
2015,"Marzo","Macao",0,2,-2,2,3,"2015-3",159
2015,"Marzo","Mauritania",0,1,-1,1,3,"2015-3",176
2015,"Marzo","Namibia",0,1,-1,1,3,"2015-3",176
2015,"Marzo","Nueva Caledonia/Territorio francés",0,2,-2,2,3,"2015-3",159
2015,"Marzo","Omán",0,6,-6,6,3,"2015-3",119
2015,"Marzo","Palestina",0,1,-1,1,3,"2015-3",176
2015,"Marzo","Reunión",0,1,-1,1,3,"2015-3",176
2015,"Marzo","San  Vicente y las Granadinas",0,1,-1,1,3,"2015-3",176
2015,"Marzo","Seychelles",0,1,-1,1,3,"2015-3",176
2015,"Marzo","Turkmenistán",0,1,-1,1,3,"2015-3",176
2015,"Abril","Benín",0,2,-2,2,4,"2015-4",163
2015,"Abril","Bután",0,1,-1,1,4,"2015-4",180
2015,"Abril","Cabo Verde",0,1,-1,1,4,"2015-4",180
2015,"Abril","Colombia",0,1110,-1110,1110,4,"2015-4",31
2015,"Abril","República Del Congo",0,3,-3,3,4,"2015-4",149
2015,"Abril","Gabón",0,3,-3,3,4,"2015-4",149
2015,"Abril","Gibraltar/Territorio Británico de Ultramar",0,1,-1,1,4,"2015-4",180
2015,"Abril","Guinea Ecuatorial",0,13,-13,13,4,"2015-4",100
2015,"Abril","Guadalupe/Territorio Francés",0,3,-3,3,4,"2015-4",149
2015,"Abril","Islas Feroe/Región Autónoma de Dinamarca",0,1,-1,1,4,"2015-4",180
2015,"Abril","Liberia",0,3,-3,3,4,"2015-4",149
2015,"Abril","Martinica/Departamento de Ultramar Francés",0,2,-2,2,4,"2015-4",163
2015,"Abril","Mónaco",0,3,-3,3,4,"2015-4",149
2015,"Abril","Nueva Caledonia/Territorio francés",0,1,-1,1,4,"2015-4",180
2015,"Abril","Omán",0,9,-9,9,4,"2015-4",109
2015,"Abril","Papúa Nueva Guinea",0,2,-2,2,4,"2015-4",163
2015,"Abril","Puerto Rico/Territorio de Estados Unidos",0,1265,-1265,1265,4,"2015-4",28
2015,"Abril","República CentroÁfricana",0,3,-3,3,4,"2015-4",149
2015,"Abril","Reunión",0,1,-1,1,4,"2015-4",180
2015,"Abril","República Democrática Popular de Corea",0,2,-2,2,4,"2015-4",163
2015,"Abril","Samoa Occidental",0,1,-1,1,4,"2015-4",180
2015,"Abril","Turkmenistán",0,5,-5,5,4,"2015-4",126
2015,"Abril","Islas Vírgenes Estadounidenses/Territorio de Estados Unidos",0,1,-1,1,4,"2015-4",180
2015,"Mayo","Benín",0,1,-1,1,5,"2015-5",183
2015,"Mayo","Chad",0,2,-2,2,5,"2015-5",163
2015,"Mayo","Colombia",0,1253,-1253,1253,5,"2015-5",29
2015,"Mayo","República Del Congo",0,5,-5,5,5,"2015-5",134
2015,"Mayo","Islas Heard Y Mcdonald",0,1,-1,1,5,"2015-5",183
2015,"Mayo","Gabón",0,6,-6,6,5,"2015-5",127
2015,"Mayo","Gambia",0,1,-1,1,5,"2015-5",183
2015,"Mayo","Gibraltar/Territorio Británico de Ultramar",0,1,-1,1,5,"2015-5",183
2015,"Mayo","Guinea Ecuatorial",0,17,-17,17,5,"2015-5",92
2015,"Mayo","Guadalupe/Territorio Francés",0,4,-4,4,5,"2015-5",144
2015,"Mayo","Guayana Francesa/Departamento de Ultramar Francés",0,2,-2,2,5,"2015-5",163
2015,"Mayo","Iraq",0,13,-13,13,5,"2015-5",100
2015,"Mayo","República Democrática Popular  Lao",0,1,-1,1,5,"2015-5",183
2015,"Mayo","Liberia",0,1,-1,1,5,"2015-5",183
2015,"Mayo","Macao",0,3,-3,3,5,"2015-5",152
2015,"Mayo","Malawi",0,1,-1,1,5,"2015-5",183
2015,"Mayo","Nauru",0,1,-1,1,5,"2015-5",183
2015,"Mayo","Níger",0,1,-1,1,5,"2015-5",183
2015,"Mayo","Nueva Caledonia/Territorio francés",0,1,-1,1,5,"2015-5",183
2015,"Mayo","Omán",0,5,-5,5,5,"2015-5",134
2015,"Mayo","Puerto Rico/Territorio de Estados Unidos",0,1444,-1444,1444,5,"2015-5",28
2015,"Mayo","República CentroÁfricana",0,4,-4,4,5,"2015-5",144
2015,"Mayo","Samoa Estadounidense/Territorio no incorporado de Estados Unidos",0,1,-1,1,5,"2015-5",183
2015,"Mayo","Turkmenistán",0,2,-2,2,5,"2015-5",163
2015,"Mayo","República Árabe de Yemen",0,1,-1,1,5,"2015-5",183
2015,"Mayo","Islas Turcas y Caicos/Territorio Británico de Ultramar",0,1,-1,1,5,"2015-5",183
2015,"Junio","Aruba",0,3442,-3442,3442,6,"2015-6",21
2015,"Junio","Camboya",0,1,-1,1,6,"2015-6",177
2015,"Junio","Chad",0,2,-2,2,6,"2015-6",163
2015,"Junio","Colombia",0,1224,-1224,1224,6,"2015-6",30
2015,"Junio","Curazao",0,2,-2,2,6,"2015-6",163
2015,"Junio","Guinea Ecuatorial",0,9,-9,9,6,"2015-6",114
2015,"Junio","Guadalupe/Territorio Francés",0,6,-6,6,6,"2015-6",129
2015,"Junio","Guayana Francesa/Departamento de Ultramar Francés",0,3,-3,3,6,"2015-6",148
2015,"Junio","Iraq",0,9,-9,9,6,"2015-6",114
2015,"Junio","República Democrática Popular  Lao",0,1,-1,1,6,"2015-6",177
2015,"Junio","Liberia",0,4,-4,4,6,"2015-6",141
2015,"Junio","Macao",0,1,-1,1,6,"2015-6",177
2015,"Junio","Papúa Nueva Guinea",0,3,-3,3,6,"2015-6",148
2015,"Junio","Puerto Rico/Territorio de Estados Unidos",0,1473,-1473,1473,6,"2015-6",28
2015,"Junio","Reunión",0,2,-2,2,6,"2015-6",163
2015,"Junio","República Democrática Popular de Corea",0,1,-1,1,6,"2015-6",177
2015,"Julio","Brunei Darussalam",0,1,-1,1,7,"2015-7",197
2015,"Julio","Burundi",0,1,-1,1,7,"2015-7",197
2015,"Julio","Cabo Verde",0,1,-1,1,7,"2015-7",197
2015,"Julio","Colombia",0,1401,-1401,1401,7,"2015-7",28
2015,"Julio","República Del Congo",0,1,-1,1,7,"2015-7",197
2015,"Julio","Islas Malvinas",0,1,-1,1,7,"2015-7",197
2015,"Julio","Eritrea",0,2,-2,2,7,"2015-7",167
2015,"Julio","Gibraltar/Territorio Británico de Ultramar",0,1,-1,1,7,"2015-7",197
2015,"Julio","Guinea",0,1,-1,1,7,"2015-7",197
2015,"Julio","Guadalupe/Territorio Francés",0,1,-1,1,7,"2015-7",197
2015,"Julio","Guayana Francesa/Departamento de Ultramar Francés",0,7,-7,7,7,"2015-7",134
2015,"Julio","Isla de Man",0,1,-1,1,7,"2015-7",197
2015,"Julio","República Democrática Popular  Lao",0,3,-3,3,7,"2015-7",157
2015,"Julio","Malawi",0,1,-1,1,7,"2015-7",197
2015,"Julio","Malí",0,1,-1,1,7,"2015-7",197
2015,"Julio","Mauritania",0,1,-1,1,7,"2015-7",197
2015,"Julio","Martinica/Departamento de Ultramar Francés",0,3,-3,3,7,"2015-7",157
2015,"Julio","Myanmar",0,1,-1,1,7,"2015-7",197
2015,"Julio","Nauru",0,1,-1,1,7,"2015-7",197
2015,"Julio","Nueva Caledonia/Territorio francés",0,1,-1,1,7,"2015-7",197
2015,"Julio","República Democrática Popular de Corea",0,2,-2,2,7,"2015-7",167
2015,"Julio","Santo Tomé y Príncipe",0,2,-2,2,7,"2015-7",167
2015,"Julio","Islas Vírgenes Británicas/Territorio Británico de Ultramar",0,3,-3,3,7,"2015-7",157
2015,"Julio","Islas Vírgenes Estadounidenses/Territorio de Estados Unidos",0,4,-4,4,7,"2015-7",148
2015,"Agosto","Cabo Verde",0,2,-2,2,8,"2015-8",167
2015,"Agosto","Colombia",0,359,-359,359,8,"2015-8",45
2015,"Agosto","República Del Congo",0,2,-2,2,8,"2015-8",167
2015,"Agosto","Curazao",0,45,-45,45,8,"2015-8",78
2015,"Agosto","Gibraltar/Territorio Británico de Ultramar",0,3,-3,3,8,"2015-8",152
2015,"Agosto","Guadalupe/Territorio Francés",0,2,-2,2,8,"2015-8",167
2015,"Agosto","Guayana Francesa/Departamento de Ultramar Francés",0,6,-6,6,8,"2015-8",133
2015,"Agosto","Iraq",0,8,-8,8,8,"2015-8",124
2015,"Agosto","Liberia",0,2,-2,2,8,"2015-8",167
2015,"Agosto","Maldivas",0,1,-1,1,8,"2015-8",183
2015,"Agosto","Mauritania",0,2,-2,2,8,"2015-8",167
2015,"Agosto","Martinica/Departamento de Ultramar Francés",0,5,-5,5,8,"2015-8",142
2015,"Agosto","Níger",0,1,-1,1,8,"2015-8",183
2015,"Agosto","Puerto Rico/Territorio de Estados Unidos",0,1390,-1390,1390,8,"2015-8",27
2015,"Agosto","Reunión",0,1,-1,1,8,"2015-8",183
2015,"Agosto","República Democrática Popular de Corea",0,1,-1,1,8,"2015-8",183
2015,"Agosto","Rwanda",0,1,-1,1,8,"2015-8",183
2015,"Agosto","Sudán",0,3,-3,3,8,"2015-8",152
2015,"Agosto","Islas Vírgenes Estadounidenses/Territorio de Estados Unidos",0,1,-1,1,8,"2015-8",183
2015,"Septiembre","Cabo Verde",0,3,-3,3,9,"2015-9",161
2015,"Septiembre","Colombia",0,195,-195,195,9,"2015-9",55
2015,"Septiembre","Curazao",0,41,-41,41,9,"2015-9",84
2015,"Septiembre","Gabón",0,2,-2,2,9,"2015-9",172
2015,"Septiembre","Gibraltar/Territorio Británico de Ultramar",0,3,-3,3,9,"2015-9",161
2015,"Septiembre","Guadalupe/Territorio Francés",0,5,-5,5,9,"2015-9",145
2015,"Septiembre","Guayana Francesa/Departamento de Ultramar Francés",0,5,-5,5,9,"2015-9",145
2015,"Septiembre","Liberia",0,1,-1,1,9,"2015-9",188
2015,"Septiembre","Malí",0,4,-4,4,9,"2015-9",150
2015,"Septiembre","Mauritania",0,1,-1,1,9,"2015-9",188
2015,"Septiembre","Martinica/Departamento de Ultramar Francés",0,4,-4,4,9,"2015-9",150
2015,"Septiembre","Polinesia Francesa/Colectividad de Ultramar Francesa",0,1,-1,1,9,"2015-9",188
2015,"Septiembre","Puerto Rico/Territorio de Estados Unidos",0,1120,-1120,1120,9,"2015-9",30
2015,"Septiembre","República CentroÁfricana",0,3,-3,3,9,"2015-9",161
2015,"Septiembre","Reunión",0,2,-2,2,9,"2015-9",172
2015,"Septiembre","Santa Elena/Territorio Británico de Ultramar",0,2,-2,2,9,"2015-9",172
2015,"Septiembre","Turkmenistán",0,1,-1,1,9,"2015-9",188
2015,"Septiembre","Islas Vírgenes Británicas/Territorio Británico de Ultramar",0,1,-1,1,9,"2015-9",188
2015,"Octubre","Afganistán",0,7,-7,7,10,"2015-10",118
2015,"Octubre","Aruba",0,6032,-6032,6032,10,"2015-10",14
2015,"Octubre","Camboya",0,3,-3,3,10,"2015-10",151
2015,"Octubre","Colombia",0,196,-196,196,10,"2015-10",53
2015,"Octubre","República Del Congo",0,2,-2,2,10,"2015-10",162
2015,"Octubre","Curazao",0,22,-22,22,10,"2015-10",89
2015,"Octubre","Gibraltar/Territorio Británico de Ultramar",0,1,-1,1,10,"2015-10",179
2015,"Octubre","Guadalupe/Territorio Francés",0,2,-2,2,10,"2015-10",162
2015,"Octubre","Guayana Francesa/Departamento de Ultramar Francés",0,2,-2,2,10,"2015-10",162
2015,"Octubre","República Democrática Popular  Lao",0,3,-3,3,10,"2015-10",151
2015,"Octubre","Liberia",0,1,-1,1,10,"2015-10",179
2015,"Octubre","Mauritania",0,2,-2,2,10,"2015-10",162
2015,"Octubre","Níger",0,3,-3,3,10,"2015-10",151
2015,"Octubre","Omán",0,3,-3,3,10,"2015-10",151
2015,"Octubre","Papúa Nueva Guinea",0,1,-1,1,10,"2015-10",179
2015,"Octubre","Polinesia Francesa/Colectividad de Ultramar Francesa",0,1,-1,1,10,"2015-10",179
2015,"Octubre","Puerto Rico/Territorio de Estados Unidos",0,1178,-1178,1178,10,"2015-10",30
2015,"Octubre","República CentroÁfricana",0,3,-3,3,10,"2015-10",151
2015,"Octubre","Reunión",0,1,-1,1,10,"2015-10",179
2015,"Octubre","República Democrática Popular de Corea",0,1,-1,1,10,"2015-10",179
2015,"Octubre","Sudán",0,2,-2,2,10,"2015-10",162
2015,"Octubre","Turkmenistán",0,2,-2,2,10,"2015-10",162
2015,"Octubre","Islas Vírgenes Estadounidenses/Territorio de Estados Unidos",0,1,-1,1,10,"2015-10",179
2015,"Noviembre","Afganistán",0,4,-4,4,11,"2015-11",137
2015,"Noviembre","Angola",0,14,-14,14,11,"2015-11",102
2015,"Noviembre","Camboya",0,1,-1,1,11,"2015-11",179
2015,"Noviembre","Colombia",0,178,-178,178,11,"2015-11",55
2015,"Noviembre","República Del Congo",0,1,-1,1,11,"2015-11",179
2015,"Noviembre","Curazao",0,31,-31,31,11,"2015-11",81
2015,"Noviembre","Gabón",0,1,-1,1,11,"2015-11",179
2015,"Noviembre","Guadalupe/Territorio Francés",0,3,-3,3,11,"2015-11",147
2015,"Noviembre","Guayana Francesa/Departamento de Ultramar Francés",0,4,-4,4,11,"2015-11",137
2015,"Noviembre","Iraq",0,18,-18,18,11,"2015-11",96
2015,"Noviembre","Islas Salomón",0,1,-1,1,11,"2015-11",179
2015,"Noviembre","República Democrática Popular  Lao",0,1,-1,1,11,"2015-11",179
2015,"Noviembre","Maldivas",0,1,-1,1,11,"2015-11",179
2015,"Noviembre","Malí",0,1,-1,1,11,"2015-11",179
2015,"Noviembre","Martinica/Departamento de Ultramar Francés",0,1,-1,1,11,"2015-11",179
2015,"Noviembre","Mónaco",0,3,-3,3,11,"2015-11",147
2015,"Noviembre","Micronesia",0,1,-1,1,11,"2015-11",179
2015,"Noviembre","Nueva Caledonia/Territorio francés",0,1,-1,1,11,"2015-11",179
2015,"Noviembre","Puerto Rico/Territorio de Estados Unidos",0,1411,-1411,1411,11,"2015-11",28
2015,"Noviembre","República CentroÁfricana",0,1,-1,1,11,"2015-11",179
2015,"Noviembre","Reunión",0,2,-2,2,11,"2015-11",155
2015,"Noviembre","Togo",0,1,-1,1,11,"2015-11",179
2015,"Noviembre","Vanuatu",0,1,-1,1,11,"2015-11",179
2015,"Noviembre","Islas Vírgenes Estadounidenses/Territorio de Estados Unidos",0,1,-1,1,11,"2015-11",179
2015,"Diciembre","Afganistán",0,4,-4,4,12,"2015-12",137
2015,"Diciembre","Cabo Verde",0,1,-1,1,12,"2015-12",178
2015,"Diciembre","Camboya",0,1,-1,1,12,"2015-12",178
2015,"Diciembre","Colombia",0,207,-207,207,12,"2015-12",52
2015,"Diciembre","República Del Congo",0,2,-2,2,12,"2015-12",155
2015,"Diciembre","Costa de Marfil",0,3,-3,3,12,"2015-12",143
2015,"Diciembre","Curazao",0,14,-14,14,12,"2015-12",100
2015,"Diciembre","Etiopia",0,8,-8,8,12,"2015-12",117
2015,"Diciembre","Gabón",0,2,-2,2,12,"2015-12",155
2015,"Diciembre","Gibraltar/Territorio Británico de Ultramar",0,3,-3,3,12,"2015-12",143
2015,"Diciembre","Guadalupe/Territorio Francés",0,5,-5,5,12,"2015-12",132
2015,"Diciembre","Guayana Francesa/Departamento de Ultramar Francés",0,4,-4,4,12,"2015-12",137
2015,"Diciembre","Malí",0,2,-2,2,12,"2015-12",155
2015,"Diciembre","Mauritania",0,1,-1,1,12,"2015-12",178
2015,"Diciembre","Níger",0,1,-1,1,12,"2015-12",178
2015,"Diciembre","Papúa Nueva Guinea",0,1,-1,1,12,"2015-12",178
2015,"Diciembre","Polinesia Francesa/Colectividad de Ultramar Francesa",0,1,-1,1,12,"2015-12",178
2015,"Diciembre","Reunión",0,2,-2,2,12,"2015-12",155
2015,"Diciembre","Seychelles",0,1,-1,1,12,"2015-12",178
2015,"Diciembre","República de Tayikistán",0,1,-1,1,12,"2015-12",178
2015,"Diciembre","Tanzania",0,7,-7,7,12,"2015-12",121
2015,"Diciembre","Turkmenistán",0,1,-1,1,12,"2015-12",178
2015,"Diciembre","Islas Vírgenes Británicas/Territorio Británico de Ultramar",0,5,-5,5,12,"2015-12",132
2015,"Diciembre","Islas Turcas y Caicos/Territorio Británico de Ultramar",0,7,-7,7,12,"2015-12",121
2016,"Enero","Afganistán",0,14,-14,14,1,"2016-1",109
2016,"Enero","Angola",0,21,-21,21,1,"2016-1",98
2016,"Enero","Botsuana",0,1,-1,1,1,"2016-1",185
2016,"Enero","Brunei Darussalam",0,1,-1,1,1,"2016-1",185
2016,"Enero","Bután",0,1,-1,1,1,"2016-1",185
2016,"Enero","Camboya",0,1,-1,1,1,"2016-1",185
2016,"Enero","Chad",0,2,-2,2,1,"2016-1",167
2016,"Enero","Colombia",0,127,-127,127,1,"2016-1",61
2016,"Enero","Curazao",0,50,-50,50,1,"2016-1",82
2016,"Enero","Islas Fiji",0,1,-1,1,1,"2016-1",185
2016,"Enero","Gabón",0,1,-1,1,1,"2016-1",185
2016,"Enero","Gibraltar/Territorio Británico de Ultramar",0,11,-11,11,1,"2016-1",117
2016,"Enero","Guinea",0,3,-3,3,1,"2016-1",149
2016,"Enero","Guinea Bissau",0,2,-2,2,1,"2016-1",167
2016,"Enero","Guadalupe/Territorio Francés",0,5,-5,5,1,"2016-1",136
2016,"Enero","Guayana Francesa/Departamento de Ultramar Francés",0,6,-6,6,1,"2016-1",132
2016,"Enero","Hong Kong",0,93,-93,93,1,"2016-1",68
2016,"Enero","Kirguistán",0,2,-2,2,1,"2016-1",167
2016,"Enero","Lesoto",0,1,-1,1,1,"2016-1",185
2016,"Enero","Macao",0,1,-1,1,1,"2016-1",185
2016,"Enero","Mauritania",0,2,-2,2,1,"2016-1",167
2016,"Enero","Martinica/Departamento de Ultramar Francés",0,1,-1,1,1,"2016-1",185
2016,"Enero","Nauru",0,1,-1,1,1,"2016-1",185
2016,"Enero","Namibia",0,1,-1,1,1,"2016-1",185
2016,"Enero","Níger",0,1,-1,1,1,"2016-1",185
2016,"Enero","Papúa Nueva Guinea",0,2,-2,2,1,"2016-1",167
2016,"Enero","Polinesia Francesa/Colectividad de Ultramar Francesa",0,1,-1,1,1,"2016-1",185
2016,"Enero","Puerto Rico/Territorio de Estados Unidos",0,1676,-1676,1676,1,"2016-1",26
2016,"Enero","Reunión",0,3,-3,3,1,"2016-1",149
2016,"Enero","República Democrática Popular de Corea",0,2,-2,2,1,"2016-1",167
2016,"Enero","Sudán",0,4,-4,4,1,"2016-1",140
2016,"Febrero","Benín",0,2,-2,2,2,"2016-2",165
2016,"Febrero","Camboya",0,6,-6,6,2,"2016-2",124
2016,"Febrero","Antártida",0,1,-1,1,2,"2016-2",179
2016,"Febrero","Chad",0,2,-2,2,2,"2016-2",165
2016,"Febrero","Colombia",0,164,-164,164,2,"2016-2",58
2016,"Febrero","Curazao",0,49,-49,49,2,"2016-2",79
2016,"Febrero","Eritrea",0,1,-1,1,2,"2016-2",179
2016,"Febrero","Gibraltar/Territorio Británico de Ultramar",0,1,-1,1,2,"2016-2",179
2016,"Febrero","Groenlandia",0,3,-3,3,2,"2016-2",153
2016,"Febrero","Guinea",0,2,-2,2,2,"2016-2",165
2016,"Febrero","Guinea Ecuatorial",0,8,-8,8,2,"2016-2",114
2016,"Febrero","Guadalupe/Territorio Francés",0,3,-3,3,2,"2016-2",153
2016,"Febrero","Guayana Francesa/Departamento de Ultramar Francés",0,1,-1,1,2,"2016-2",179
2016,"Febrero","República Democrática Popular  Lao",0,1,-1,1,2,"2016-2",179
2016,"Febrero","Malawi",0,1,-1,1,2,"2016-2",179
2016,"Febrero","Níger",0,1,-1,1,2,"2016-2",179
2016,"Febrero","Polinesia Francesa/Colectividad de Ultramar Francesa",0,3,-3,3,2,"2016-2",153
2016,"Febrero","Puerto Rico/Territorio de Estados Unidos",0,804,-804,804,2,"2016-2",37
2016,"Febrero","Qatar",0,6,-6,6,2,"2016-2",124
2016,"Febrero","Reunión",0,2,-2,2,2,"2016-2",165
2016,"Febrero","Turkmenistán",0,1,-1,1,2,"2016-2",179
2016,"Febrero","Islas Vírgenes Británicas/Territorio Británico de Ultramar",0,5,-5,5,2,"2016-2",134
2016,"Marzo","Afganistán",0,5,-5,5,3,"2016-3",137
2016,"Marzo","Angola",0,10,-10,10,3,"2016-3",111
2016,"Marzo","Bahréin",0,4,-4,4,3,"2016-3",146
2016,"Marzo","Benín",0,4,-4,4,3,"2016-3",146
2016,"Marzo","Colombia",0,249,-249,249,3,"2016-3",51
2016,"Marzo","República Del Congo",0,1,-1,1,3,"2016-3",176
2016,"Marzo","Curazao",0,39,-39,39,3,"2016-3",82
2016,"Marzo","Gibraltar/Territorio Británico de Ultramar",0,7,-7,7,3,"2016-3",124
2016,"Marzo","Guinea Bissau",0,1,-1,1,3,"2016-3",176
2016,"Marzo","Guadalupe/Territorio Francés",0,3,-3,3,3,"2016-3",152
2016,"Marzo","Guayana Francesa/Departamento de Ultramar Francés",0,3,-3,3,3,"2016-3",152
2016,"Marzo","Iraq",0,7,-7,7,3,"2016-3",124
2016,"Marzo","República Democrática Popular  Lao",0,3,-3,3,3,"2016-3",152
2016,"Marzo","Mauritania",0,1,-1,1,3,"2016-3",176
2016,"Marzo","Myanmar",0,2,-2,2,3,"2016-3",157
2016,"Marzo","Nueva Caledonia/Territorio francés",0,1,-1,1,3,"2016-3",176
2016,"Marzo","Puerto Rico/Territorio de Estados Unidos",0,1208,-1208,1208,3,"2016-3",31
2016,"Marzo","Qatar",0,17,-17,17,3,"2016-3",95
2016,"Marzo","Turkmenistán",0,1,-1,1,3,"2016-3",176
2016,"Abril","Azerbaiyán",0,3,-3,3,4,"2016-4",152
2016,"Abril","Bahréin",0,6,-6,6,4,"2016-4",125
2016,"Abril","Burkina Faso",0,1,-1,1,4,"2016-4",181
2016,"Abril","Colombia",0,241,-241,241,4,"2016-4",50
2016,"Abril","República Del Congo",0,1,-1,1,4,"2016-4",181
2016,"Abril","Curazao",0,53,-53,53,4,"2016-4",75
2016,"Abril","Gibraltar/Territorio Británico de Ultramar",0,3,-3,3,4,"2016-4",152
2016,"Abril","Guinea Ecuatorial",0,2,-2,2,4,"2016-4",163
2016,"Abril","Guadalupe/Territorio Francés",0,4,-4,4,4,"2016-4",141
2016,"Abril","Guayana Francesa/Departamento de Ultramar Francés",0,9,-9,9,4,"2016-4",110
2016,"Abril","Kuwait",0,5,-5,5,4,"2016-4",135
2016,"Abril","República Democrática Popular  Lao",0,1,-1,1,4,"2016-4",181
2016,"Abril","Macao",0,2,-2,2,4,"2016-4",163
2016,"Abril","Malawi",0,1,-1,1,4,"2016-4",181
2016,"Abril","Mónaco",0,1,-1,1,4,"2016-4",181
2016,"Abril","Mongolia",0,2,-2,2,4,"2016-4",163
2016,"Abril","Omán",0,4,-4,4,4,"2016-4",141
2016,"Abril","Papúa Nueva Guinea",0,3,-3,3,4,"2016-4",152
2016,"Abril","Puerto Rico/Territorio de Estados Unidos",0,922,-922,922,4,"2016-4",32
2016,"Abril","Reunión",0,1,-1,1,4,"2016-4",181
2016,"Abril","Sudán",0,1,-1,1,4,"2016-4",181
2016,"Abril","Islas Vírgenes Estadounidenses/Territorio de Estados Unidos",0,1,-1,1,4,"2016-4",181
2016,"Mayo","Aruba",0,4993,-4993,4993,5,"2016-5",17
2016,"Mayo","Colombia",0,244,-244,244,5,"2016-5",50
2016,"Mayo","República Del Congo",0,3,-3,3,5,"2016-5",148
2016,"Mayo","Costa de Marfil",0,6,-6,6,5,"2016-5",119
2016,"Mayo","Curazao",0,94,-94,94,5,"2016-5",62
2016,"Mayo","Eritrea",0,1,-1,1,5,"2016-5",181
2016,"Mayo","Gibraltar/Territorio Británico de Ultramar",0,3,-3,3,5,"2016-5",148
2016,"Mayo","Guinea",0,3,-3,3,5,"2016-5",148
2016,"Mayo","Guadalupe/Territorio Francés",0,1,-1,1,5,"2016-5",181
2016,"Mayo","Guayana Francesa/Departamento de Ultramar Francés",0,3,-3,3,5,"2016-5",148
2016,"Mayo","República Democrática Popular  Lao",0,2,-2,2,5,"2016-5",162
2016,"Mayo","Martinica/Departamento de Ultramar Francés",0,2,-2,2,5,"2016-5",162
2016,"Mayo","Mónaco",0,2,-2,2,5,"2016-5",162
2016,"Mayo","Nueva Caledonia/Territorio francés",0,1,-1,1,5,"2016-5",181
2016,"Mayo","Omán",0,4,-4,4,5,"2016-5",133
2016,"Mayo","Polinesia Francesa/Colectividad de Ultramar Francesa",0,2,-2,2,5,"2016-5",162
2016,"Mayo","Puerto Rico/Territorio de Estados Unidos",0,1301,-1301,1301,5,"2016-5",29
2016,"Mayo","Qatar",0,10,-10,10,5,"2016-5",105
2016,"Mayo","República Democrática Popular de Corea",0,5,-5,5,5,"2016-5",125
2016,"Mayo","Tanzania",0,2,-2,2,5,"2016-5",162
2016,"Mayo","Togo",0,1,-1,1,5,"2016-5",181
2016,"Mayo","Turkmenistán",0,3,-3,3,5,"2016-5",148
2016,"Mayo","Islas Vírgenes Estadounidenses/Territorio de Estados Unidos",0,5,-5,5,5,"2016-5",125
2016,"Junio","Afganistán",0,7,-7,7,6,"2016-6",117
2016,"Junio","República de Armenia",0,1,-1,1,6,"2016-6",177
2016,"Junio","Benín",0,1,-1,1,6,"2016-6",177
2016,"Junio","Camboya",0,1,-1,1,6,"2016-6",177
2016,"Junio","Colombia",0,300,-300,300,6,"2016-6",47
2016,"Junio","Curazao",0,48,-48,48,6,"2016-6",79
2016,"Junio","Gabón",0,1,-1,1,6,"2016-6",177
2016,"Junio","Gibraltar/Territorio Británico de Ultramar",0,12,-12,12,6,"2016-6",106
2016,"Junio","Guinea",0,1,-1,1,6,"2016-6",177
2016,"Junio","Guinea Bissau",0,1,-1,1,6,"2016-6",177
2016,"Junio","Guadalupe/Territorio Francés",0,1,-1,1,6,"2016-6",177
2016,"Junio","Guayana Francesa/Departamento de Ultramar Francés",0,13,-13,13,6,"2016-6",104
2016,"Junio","República Democrática Popular  Lao",0,1,-1,1,6,"2016-6",177
2016,"Junio","Liberia",0,2,-2,2,6,"2016-6",152
2016,"Junio","Malí",0,1,-1,1,6,"2016-6",177
2016,"Junio","Mónaco",0,3,-3,3,6,"2016-6",143
2016,"Junio","Mongolia",0,1,-1,1,6,"2016-6",177
2016,"Junio","Mozambique",0,2,-2,2,6,"2016-6",152
2016,"Junio","Puerto Rico/Territorio de Estados Unidos",0,1337,-1337,1337,6,"2016-6",27
2016,"Junio","Qatar",0,14,-14,14,6,"2016-6",101
2016,"Junio","Samoa Occidental",0,1,-1,1,6,"2016-6",177
2016,"Junio","República de Tayikistán",0,1,-1,1,6,"2016-6",177
2016,"Junio","Turkmenistán",0,6,-6,6,6,"2016-6",121
2016,"Junio","Islas Vírgenes Británicas/Territorio Británico de Ultramar",0,1,-1,1,6,"2016-6",177
2016,"Julio","Afganistán",0,6,-6,6,7,"2016-7",129
2016,"Julio","Aruba",0,3757,-3757,3757,7,"2016-7",20
2016,"Julio","Colombia",0,288,-288,288,7,"2016-7",50
2016,"Julio","República Del Congo",0,1,-1,1,7,"2016-7",179
2016,"Julio","Curazao",0,57,-57,57,7,"2016-7",76
2016,"Julio","Gibraltar/Territorio Británico de Ultramar",0,8,-8,8,7,"2016-7",117
2016,"Julio","Guadalupe/Territorio Francés",0,1,-1,1,7,"2016-7",179
2016,"Julio","Guayana Francesa/Departamento de Ultramar Francés",0,3,-3,3,7,"2016-7",145
2016,"Julio","Iraq",0,6,-6,6,7,"2016-7",129
2016,"Julio","Liberia",0,2,-2,2,7,"2016-7",159
2016,"Julio","Macao",0,1,-1,1,7,"2016-7",179
2016,"Julio","Maldivas",0,1,-1,1,7,"2016-7",179
2016,"Julio","Micronesia",0,1,-1,1,7,"2016-7",179
2016,"Julio","Namibia",0,1,-1,1,7,"2016-7",179
2016,"Julio","Polinesia Francesa/Colectividad de Ultramar Francesa",0,2,-2,2,7,"2016-7",159
2016,"Julio","Puerto Rico/Territorio de Estados Unidos",0,1563,-1563,1563,7,"2016-7",28
2016,"Julio","República CentroÁfricana",0,5,-5,5,7,"2016-7",134
2016,"Julio","Reunión",0,1,-1,1,7,"2016-7",179
2016,"Julio","Sahara Occidental/Desierto Sahara",0,1,-1,1,7,"2016-7",179
2016,"Julio","Sudán",0,2,-2,2,7,"2016-7",159
2016,"Julio","Tanzania",0,5,-5,5,7,"2016-7",134
2016,"Julio","Tonga",0,1,-1,1,7,"2016-7",179
2016,"Julio","Turkmenistán",0,7,-7,7,7,"2016-7",123
2016,"Agosto","Afganistán",0,9,-9,9,8,"2016-8",116
2016,"Agosto","Aruba",0,4082,-4082,4082,8,"2016-8",20
2016,"Agosto","Cabo Verde",0,1,-1,1,8,"2016-8",188
2016,"Agosto","Colombia",0,249,-249,249,8,"2016-8",52
2016,"Agosto","Costa de Marfil",0,13,-13,13,8,"2016-8",105
2016,"Agosto","Curazao",0,89,-89,89,8,"2016-8",66
2016,"Agosto","Gabón",0,4,-4,4,8,"2016-8",144
2016,"Agosto","Guinea Bissau",0,1,-1,1,8,"2016-8",188
2016,"Agosto","Guadalupe/Territorio Francés",0,7,-7,7,8,"2016-8",127
2016,"Agosto","Guayana Francesa/Departamento de Ultramar Francés",0,8,-8,8,8,"2016-8",125
2016,"Agosto","República Democrática Popular  Lao",0,2,-2,2,8,"2016-8",169
2016,"Agosto","Macao",0,1,-1,1,8,"2016-8",188
2016,"Agosto","Malí",0,2,-2,2,8,"2016-8",169
2016,"Agosto","Martinica/Departamento de Ultramar Francés",0,4,-4,4,8,"2016-8",144
2016,"Agosto","Namibia",0,1,-1,1,8,"2016-8",188
2016,"Agosto","Papúa Nueva Guinea",0,1,-1,1,8,"2016-8",188
2016,"Agosto","Puerto Rico/Territorio de Estados Unidos",0,1383,-1383,1383,8,"2016-8",28
2016,"Agosto","República Democrática Popular de Corea",0,1,-1,1,8,"2016-8",188
2016,"Agosto","Islas Vírgenes Británicas/Territorio Británico de Ultramar",0,4,-4,4,8,"2016-8",144
2016,"Agosto","Islas Vírgenes Estadounidenses/Territorio de Estados Unidos",0,2,-2,2,8,"2016-8",169
2016,"Agosto","Islas Turcas y Caicos/Territorio Británico de Ultramar",0,9,-9,9,8,"2016-8",116
2016,"Septiembre","Afganistán",0,5,-5,5,9,"2016-9",137
2016,"Septiembre","Aruba",0,3253,-3253,3253,9,"2016-9",22
2016,"Septiembre","Cabo Verde",0,1,-1,1,9,"2016-9",187
2016,"Septiembre","Camboya",0,1,-1,1,9,"2016-9",187
2016,"Septiembre","Chad",0,1,-1,1,9,"2016-9",187
2016,"Septiembre","Colombia",0,375,-375,375,9,"2016-9",43
2016,"Septiembre","Curazao",0,77,-77,77,9,"2016-9",69
2016,"Septiembre","Eritrea",0,2,-2,2,9,"2016-9",167
2016,"Septiembre","Gabón",0,1,-1,1,9,"2016-9",187
2016,"Septiembre","Guinea",0,2,-2,2,9,"2016-9",167
2016,"Septiembre","Guadalupe/Territorio Francés",0,2,-2,2,9,"2016-9",167
2016,"Septiembre","Guam/Territorio no incorporado de Estados Unidos",0,2,-2,2,9,"2016-9",167
2016,"Septiembre","Guayana Francesa/Departamento de Ultramar Francés",0,3,-3,3,9,"2016-9",151
2016,"Septiembre","Islas Aland/Provincia de Finlandia",0,1,-1,1,9,"2016-9",187
2016,"Septiembre","Liberia",0,1,-1,1,9,"2016-9",187
2016,"Septiembre","Maldivas",0,3,-3,3,9,"2016-9",151
2016,"Septiembre","Martinica/Departamento de Ultramar Francés",0,1,-1,1,9,"2016-9",187
2016,"Septiembre","Micronesia",0,1,-1,1,9,"2016-9",187
2016,"Septiembre","Nauru",0,1,-1,1,9,"2016-9",187
2016,"Septiembre","Polinesia Francesa/Colectividad de Ultramar Francesa",0,2,-2,2,9,"2016-9",167
2016,"Septiembre","Puerto Rico/Territorio de Estados Unidos",0,1196,-1196,1196,9,"2016-9",30
2016,"Septiembre","Reunión",0,1,-1,1,9,"2016-9",187
2016,"Septiembre","Turkmenistán",0,3,-3,3,9,"2016-9",151
2016,"Septiembre","Islas Turcas y Caicos/Territorio Británico de Ultramar",0,1,-1,1,9,"2016-9",187
2016,"Octubre","Afganistán",0,8,-8,8,10,"2016-10",118
2016,"Octubre","Aruba",0,6809,-6809,6809,10,"2016-10",14
2016,"Octubre","Bahréin",0,2,-2,2,10,"2016-10",173
2016,"Octubre","Camboya",0,7,-7,7,10,"2016-10",129
2016,"Octubre","Chad",0,1,-1,1,10,"2016-10",187
2016,"Octubre","Colombia",0,374,-374,374,10,"2016-10",46
2016,"Octubre","Curazao",0,45,-45,45,10,"2016-10",79
2016,"Octubre","Guadalupe/Territorio Francés",0,4,-4,4,10,"2016-10",142
2016,"Octubre","Islas Feroe/Región Autónoma de Dinamarca",0,1,-1,1,10,"2016-10",187
2016,"Octubre","Martinica/Departamento de Ultramar Francés",0,3,-3,3,10,"2016-10",150
2016,"Octubre","Omán",0,5,-5,5,10,"2016-10",135
2016,"Octubre","República Democrática Popular de Corea",0,2,-2,2,10,"2016-10",173
2016,"Octubre","Turkmenistán",0,6,-6,6,10,"2016-10",133
2016,"Octubre","Tuvalu",0,1,-1,1,10,"2016-10",187
2016,"Octubre","Islas Vírgenes Británicas/Territorio Británico de Ultramar",0,1,-1,1,10,"2016-10",187
2016,"Octubre","Islas Turcas y Caicos/Territorio Británico de Ultramar",0,1,-1,1,10,"2016-10",187
2016,"Noviembre","Camboya",0,2,-2,2,11,"2016-11",168
2016,"Noviembre","Colombia",0,357,-357,357,11,"2016-11",47
2016,"Noviembre","Curazao",0,61,-61,61,11,"2016-11",76
2016,"Noviembre","Gibraltar/Territorio Británico de Ultramar",0,7,-7,7,11,"2016-11",127
2016,"Noviembre","Guinea Ecuatorial",0,1,-1,1,11,"2016-11",188
2016,"Noviembre","Guadalupe/Territorio Francés",0,3,-3,3,11,"2016-11",150
2016,"Noviembre","Guayana Francesa/Departamento de Ultramar Francés",0,12,-12,12,11,"2016-11",110
2016,"Noviembre","Islas Pitcairn/Territorio Británico de Ultramar",0,2,-2,2,11,"2016-11",168
2016,"Noviembre","República Democrática Popular  Lao",0,1,-1,1,11,"2016-11",188
2016,"Noviembre","Mauritania",0,2,-2,2,11,"2016-11",168
2016,"Noviembre","Martinica/Departamento de Ultramar Francés",0,1,-1,1,11,"2016-11",188
2016,"Noviembre","Nueva Caledonia/Territorio francés",0,1,-1,1,11,"2016-11",188
2016,"Noviembre","República CentroÁfricana",0,3,-3,3,11,"2016-11",150
2016,"Noviembre","República Democrática Popular de Corea",0,2,-2,2,11,"2016-11",168
2016,"Noviembre","República Democrática de Timor Oriental",0,1,-1,1,11,"2016-11",188
2016,"Noviembre","Turkmenistán",0,1,-1,1,11,"2016-11",188
2016,"Diciembre","Afganistán",0,5,-5,5,12,"2016-12",140
2016,"Diciembre","Aruba",0,5130,-5130,5130,12,"2016-12",19
2016,"Diciembre","Benín",0,1,-1,1,12,"2016-12",177
2016,"Diciembre","Burundi",0,1,-1,1,12,"2016-12",177
2016,"Diciembre","Cabo Verde",0,2,-2,2,12,"2016-12",156
2016,"Diciembre","Camboya",0,1,-1,1,12,"2016-12",177
2016,"Diciembre","Colombia",0,413,-413,413,12,"2016-12",48
2016,"Diciembre","Curazao",0,48,-48,48,12,"2016-12",81
2016,"Diciembre","Gibraltar/Territorio Británico de Ultramar",0,11,-11,11,12,"2016-12",108
2016,"Diciembre","Guinea",0,1,-1,1,12,"2016-12",177
2016,"Diciembre","Guadalupe/Territorio Francés",0,3,-3,3,12,"2016-12",150
2016,"Diciembre","Guayana Francesa/Departamento de Ultramar Francés",0,3,-3,3,12,"2016-12",150
2016,"Diciembre","Iraq",0,1,-1,1,12,"2016-12",177
2016,"Diciembre","Islas Pitcairn/Territorio Británico de Ultramar",0,1,-1,1,12,"2016-12",177
2016,"Diciembre","Mauritania",0,1,-1,1,12,"2016-12",177
2016,"Diciembre","Mónaco",0,2,-2,2,12,"2016-12",156
2016,"Diciembre","Nueva Caledonia/Territorio francés",0,3,-3,3,12,"2016-12",150
2016,"Diciembre","Puerto Rico/Territorio de Estados Unidos",0,2083,-2083,2083,12,"2016-12",27
2016,"Diciembre","República CentroÁfricana",0,9,-9,9,12,"2016-12",118
2016,"Diciembre","Reunión",0,5,-5,5,12,"2016-12",140
2016,"Diciembre","Senegal",0,1,-1,1,12,"2016-12",177
2016,"Diciembre","Turkmenistán",0,5,-5,5,12,"2016-12",140
2017,"Enero","Aruba",0,4702,-4702,4702,1,"2017-1",21
2017,"Enero","Burkina Faso",0,1,-1,1,1,"2017-1",193
2017,"Enero","Cabo Verde",0,1,-1,1,1,"2017-1",193
2017,"Enero","Camboya",0,5,-5,5,1,"2017-1",144
2017,"Enero","Chad",0,1,-1,1,1,"2017-1",193
2017,"Enero","Colombia",0,410,-410,410,1,"2017-1",48
2017,"Enero","Islas Malvinas",0,1,-1,1,1,"2017-1",193
2017,"Enero","Curazao",0,60,-60,60,1,"2017-1",77
2017,"Enero","Eritrea",0,3,-3,3,1,"2017-1",161
2017,"Enero","Gabón",0,2,-2,2,1,"2017-1",171
2017,"Enero","Gibraltar/Territorio Británico de Ultramar",0,8,-8,8,1,"2017-1",127
2017,"Enero","Guadalupe/Territorio Francés",0,2,-2,2,1,"2017-1",171
2017,"Enero","Guayana Francesa/Departamento de Ultramar Francés",0,3,-3,3,1,"2017-1",161
2017,"Enero","Islas Pitcairn/Territorio Británico de Ultramar",0,1,-1,1,1,"2017-1",193
2017,"Enero","República Democrática Popular  Lao",0,1,-1,1,1,"2017-1",193
2017,"Enero","Malí",0,1,-1,1,1,"2017-1",193
2017,"Enero","Mauritania",0,1,-1,1,1,"2017-1",193
2017,"Enero","Martinica/Departamento de Ultramar Francés",0,5,-5,5,1,"2017-1",144
2017,"Enero","Mayotte/Colectividad Territorial Francesa",0,1,-1,1,1,"2017-1",193
2017,"Enero","Níger",0,1,-1,1,1,"2017-1",193
2017,"Enero","Nueva Caledonia/Territorio francés",0,1,-1,1,1,"2017-1",193
2017,"Enero","Omán",0,18,-18,18,1,"2017-1",105
2017,"Enero","Papúa Nueva Guinea",0,1,-1,1,1,"2017-1",193
2017,"Enero","Reunión",0,2,-2,2,1,"2017-1",171
2017,"Enero","San Marino",0,5,-5,5,1,"2017-1",144
2017,"Enero","Sudán",0,4,-4,4,1,"2017-1",149
2017,"Enero","Turkmenistán",0,7,-7,7,1,"2017-1",132
2017,"Febrero","Aruba",0,2707,-2707,2707,2,"2017-2",21
2017,"Febrero","Colombia",0,406,-406,406,2,"2017-2",47
2017,"Febrero","República Del Congo",0,1,-1,1,2,"2017-2",181
2017,"Febrero","Islas Malvinas",0,1,-1,1,2,"2017-2",181
2017,"Febrero","Curazao",0,56,-56,56,2,"2017-2",76
2017,"Febrero","Etiopia",0,2,-2,2,2,"2017-2",165
2017,"Febrero","Gibraltar/Territorio Británico de Ultramar",0,4,-4,4,2,"2017-2",146
2017,"Febrero","Guadalupe/Territorio Francés",0,3,-3,3,2,"2017-2",152
2017,"Febrero","Guayana Francesa/Departamento de Ultramar Francés",0,2,-2,2,2,"2017-2",165
2017,"Febrero","Isla de Man",0,1,-1,1,2,"2017-2",181
2017,"Febrero","Martinica/Departamento de Ultramar Francés",0,4,-4,4,2,"2017-2",146
2017,"Febrero","Omán",0,6,-6,6,2,"2017-2",129
2017,"Febrero","Polinesia Francesa/Colectividad de Ultramar Francesa",0,3,-3,3,2,"2017-2",152
2017,"Febrero","Puerto Rico/Territorio de Estados Unidos",0,947,-947,947,2,"2017-2",35
2017,"Febrero","Qatar",0,20,-20,20,2,"2017-2",99
2017,"Febrero","Reunión",0,1,-1,1,2,"2017-2",181
2017,"Febrero","Turkmenistán",0,2,-2,2,2,"2017-2",165
2017,"Febrero","Islas Vírgenes Estadounidenses/Territorio de Estados Unidos",0,4,-4,4,2,"2017-2",146
2017,"Marzo","Afganistán",0,6,-6,6,3,"2017-3",128
2017,"Marzo","Angola",0,8,-8,8,3,"2017-3",119
2017,"Marzo","Aruba",0,3226,-3226,3226,3,"2017-3",22
2017,"Marzo","Colombia",0,562,-562,562,3,"2017-3",42
2017,"Marzo","Curazao",0,69,-69,69,3,"2017-3",72
2017,"Marzo","Gabón",0,1,-1,1,3,"2017-3",189
2017,"Marzo","Gibraltar/Territorio Británico de Ultramar",0,1,-1,1,3,"2017-3",189
2017,"Marzo","Groenlandia",0,1,-1,1,3,"2017-3",189
2017,"Marzo","Guinea Ecuatorial",0,3,-3,3,3,"2017-3",153
2017,"Marzo","Guinea Bissau",0,2,-2,2,3,"2017-3",171
2017,"Marzo","Guadalupe/Territorio Francés",0,1,-1,1,3,"2017-3",189
2017,"Marzo","Kirguistán",0,1,-1,1,3,"2017-3",189
2017,"Marzo","República Democrática Popular  Lao",0,1,-1,1,3,"2017-3",189
2017,"Marzo","Liberia",0,1,-1,1,3,"2017-3",189
2017,"Marzo","Mauritania",0,2,-2,2,3,"2017-3",171
2017,"Marzo","Micronesia",0,1,-1,1,3,"2017-3",189
2017,"Marzo","Nauru",0,1,-1,1,3,"2017-3",189
2017,"Marzo","Nueva Caledonia/Territorio francés",0,2,-2,2,3,"2017-3",171
2017,"Marzo","Polinesia Francesa/Colectividad de Ultramar Francesa",0,3,-3,3,3,"2017-3",153
2017,"Marzo","Puerto Rico/Territorio de Estados Unidos",0,1291,-1291,1291,3,"2017-3",30
2017,"Marzo","República CentroÁfricana",0,2,-2,2,3,"2017-3",171
2017,"Marzo","República Democrática Popular de Corea",0,2,-2,2,3,"2017-3",171
2017,"Marzo","Turkmenistán",0,11,-11,11,3,"2017-3",109
2017,"Marzo","Islas Vírgenes Británicas/Territorio Británico de Ultramar",0,5,-5,5,3,"2017-3",133
2017,"Abril","Benín",0,2,-2,2,4,"2017-4",160
2017,"Abril","Cabo Verde",0,1,-1,1,4,"2017-4",184
2017,"Abril","Camboya",0,4,-4,4,4,"2017-4",142
2017,"Abril","Chad",0,1,-1,1,4,"2017-4",184
2017,"Abril","Colombia",0,677,-677,677,4,"2017-4",40
2017,"Abril","República Del Congo",0,2,-2,2,4,"2017-4",160
2017,"Abril","Curazao",0,62,-62,62,4,"2017-4",79
2017,"Abril","Gibraltar/Territorio Británico de Ultramar",0,3,-3,3,4,"2017-4",152
2017,"Abril","Guinea Ecuatorial",0,5,-5,5,4,"2017-4",136
2017,"Abril","Guadalupe/Territorio Francés",0,5,-5,5,4,"2017-4",136
2017,"Abril","Guayana Francesa/Departamento de Ultramar Francés",0,3,-3,3,4,"2017-4",152
2017,"Abril","Islas Salomón",0,1,-1,1,4,"2017-4",184
2017,"Abril","República Democrática Popular  Lao",0,1,-1,1,4,"2017-4",184
2017,"Abril","Martinica/Departamento de Ultramar Francés",0,1,-1,1,4,"2017-4",184
2017,"Abril","Namibia",0,1,-1,1,4,"2017-4",184
2017,"Abril","Nueva Caledonia/Territorio francés",0,1,-1,1,4,"2017-4",184
2017,"Abril","Papúa Nueva Guinea",0,1,-1,1,4,"2017-4",184
2017,"Abril","Puerto Rico/Territorio de Estados Unidos",0,1611,-1611,1611,4,"2017-4",29
2017,"Abril","Qatar",0,19,-19,19,4,"2017-4",96
2017,"Abril","República CentroÁfricana",0,7,-7,7,4,"2017-4",125
2017,"Abril","República Democrática Popular de Corea",0,1,-1,1,4,"2017-4",184
2017,"Abril","Rwanda",0,1,-1,1,4,"2017-4",184
2017,"Abril","Santo Tomé y Príncipe",0,1,-1,1,4,"2017-4",184
2017,"Abril","República de Tayikistán",0,2,-2,2,4,"2017-4",160
2017,"Abril","Turkmenistán",0,3,-3,3,4,"2017-4",152
2017,"Abril","Vanuatu",0,1,-1,1,4,"2017-4",184
2017,"Abril","Islas Vírgenes Británicas/Territorio Británico de Ultramar",0,2,-2,2,4,"2017-4",160
2017,"Abril","Zambia",0,1,-1,1,4,"2017-4",184
2017,"Abril","Islas Turcas y Caicos/Territorio Británico de Ultramar",0,8,-8,8,4,"2017-4",120
2017,"Mayo","Benín",0,2,-2,2,5,"2017-5",163
2017,"Mayo","Brunei Darussalam",0,1,-1,1,5,"2017-5",176
2017,"Mayo","Cabo Verde",0,1,-1,1,5,"2017-5",176
2017,"Mayo","Camboya",0,4,-4,4,5,"2017-5",146
2017,"Mayo","Chad",0,1,-1,1,5,"2017-5",176
2017,"Mayo","Colombia",0,663,-663,663,5,"2017-5",40
2017,"Mayo","Curazao",0,50,-50,50,5,"2017-5",77
2017,"Mayo","Eritrea",0,1,-1,1,5,"2017-5",176
2017,"Mayo","Gabón",0,2,-2,2,5,"2017-5",163
2017,"Mayo","Gibraltar/Territorio Británico de Ultramar",0,3,-3,3,5,"2017-5",154
2017,"Mayo","Guinea Ecuatorial",0,7,-7,7,5,"2017-5",130
2017,"Mayo","Guadalupe/Territorio Francés",0,8,-8,8,5,"2017-5",125
2017,"Mayo","Guayana Francesa/Departamento de Ultramar Francés",0,2,-2,2,5,"2017-5",163
2017,"Mayo","Iraq",0,6,-6,6,5,"2017-5",134
2017,"Mayo","Omán",0,6,-6,6,5,"2017-5",134
2017,"Mayo","República Democrática Popular de Corea",0,1,-1,1,5,"2017-5",176
2017,"Mayo","Santo Tomé y Príncipe",0,6,-6,6,5,"2017-5",134
2017,"Mayo","Turkmenistán",0,19,-19,19,5,"2017-5",100
2017,"Mayo","Islas Vírgenes Británicas/Territorio Británico de Ultramar",0,7,-7,7,5,"2017-5",130
2017,"Mayo","Islas Vírgenes Estadounidenses/Territorio de Estados Unidos",0,10,-10,10,5,"2017-5",119
2017,"Junio","Afganistán",0,4,-4,4,6,"2017-6",143
2017,"Junio","Angola",0,4,-4,4,6,"2017-6",143
2017,"Junio","Aruba",0,8535,-8535,8535,6,"2017-6",14
2017,"Junio","Bahréin",0,7,-7,7,6,"2017-6",124
2017,"Junio","Colombia",0,757,-757,757,6,"2017-6",38
2017,"Junio","República Del Congo",0,1,-1,1,6,"2017-6",184
2017,"Junio","Curazao",0,71,-71,71,6,"2017-6",69
2017,"Junio","Gibraltar/Territorio Británico de Ultramar",0,1,-1,1,6,"2017-6",184
2017,"Junio","Guinea Ecuatorial",0,8,-8,8,6,"2017-6",118
2017,"Junio","Guadalupe/Territorio Francés",0,5,-5,5,6,"2017-6",134
2017,"Junio","Guayana Francesa/Departamento de Ultramar Francés",0,2,-2,2,6,"2017-6",166
2017,"Junio","Lesoto",0,1,-1,1,6,"2017-6",184
2017,"Junio","Macao",0,1,-1,1,6,"2017-6",184
2017,"Junio","Malawi",0,1,-1,1,6,"2017-6",184
2017,"Junio","Martinica/Departamento de Ultramar Francés",0,1,-1,1,6,"2017-6",184
2017,"Junio","Reunión",0,1,-1,1,6,"2017-6",184
2017,"Junio","Rwanda",0,1,-1,1,6,"2017-6",184
2017,"Junio","Santo Tomé y Príncipe",0,1,-1,1,6,"2017-6",184
2017,"Junio","Seychelles",0,1,-1,1,6,"2017-6",184
2017,"Junio","Turkmenistán",0,5,-5,5,6,"2017-6",134
2017,"Junio","Islas Vírgenes Británicas/Territorio Británico de Ultramar",0,2,-2,2,6,"2017-6",166
2017,"Junio","Islas Turcas y Caicos/Territorio Británico de Ultramar",0,6,-6,6,6,"2017-6",131
2017,"Julio","Aruba",0,8014,-8014,8014,7,"2017-7",17
2017,"Julio","Burkina Faso",0,1,-1,1,7,"2017-7",183
2017,"Julio","Colombia",0,695,-695,695,7,"2017-7",42
2017,"Julio","Curazao",0,63,-63,63,7,"2017-7",75
2017,"Julio","Gibraltar/Territorio Británico de Ultramar",0,5,-5,5,7,"2017-7",146
2017,"Julio","Guadalupe/Territorio Francés",0,3,-3,3,7,"2017-7",156
2017,"Julio","Guayana Francesa/Departamento de Ultramar Francés",0,2,-2,2,7,"2017-7",170
2017,"Julio","Malí",0,1,-1,1,7,"2017-7",183
2017,"Julio","Mauritania",0,1,-1,1,7,"2017-7",183
2017,"Julio","Martinica/Departamento de Ultramar Francés",0,1,-1,1,7,"2017-7",183
2017,"Julio","Puerto Rico/Territorio de Estados Unidos",0,1418,-1418,1418,7,"2017-7",29
2017,"Julio","Reunión",0,1,-1,1,7,"2017-7",183
2017,"Julio","Turkmenistán",0,3,-3,3,7,"2017-7",156
2017,"Agosto","Aruba",0,7084,-7084,7084,8,"2017-8",17
2017,"Agosto","Colombia",0,1077,-1077,1077,8,"2017-8",36
2017,"Agosto","Curazao",0,47,-47,47,8,"2017-8",77
2017,"Agosto","Gambia",0,1,-1,1,8,"2017-8",183
2017,"Agosto","Gibraltar/Territorio Británico de Ultramar",0,1,-1,1,8,"2017-8",183
2017,"Agosto","Guinea",0,1,-1,1,8,"2017-8",183
2017,"Agosto","Guadalupe/Territorio Francés",0,2,-2,2,8,"2017-8",167
2017,"Agosto","Guayana Francesa/Departamento de Ultramar Francés",0,4,-4,4,8,"2017-8",150
2017,"Agosto","Malí",0,1,-1,1,8,"2017-8",183
2017,"Agosto","Mauritania",0,1,-1,1,8,"2017-8",183
2017,"Agosto","Martinica/Departamento de Ultramar Francés",0,2,-2,2,8,"2017-8",167
2017,"Agosto","Omán",0,32,-32,32,8,"2017-8",89
2017,"Agosto","Papúa Nueva Guinea",0,1,-1,1,8,"2017-8",183
2017,"Agosto","Polinesia Francesa/Colectividad de Ultramar Francesa",0,2,-2,2,8,"2017-8",167
2017,"Agosto","Puerto Rico/Territorio de Estados Unidos",0,1443,-1443,1443,8,"2017-8",28
2017,"Agosto","Qatar",0,37,-37,37,8,"2017-8",86
2017,"Agosto","República CentroÁfricana",0,5,-5,5,8,"2017-8",141
2017,"Agosto","Reunión",0,1,-1,1,8,"2017-8",183
2017,"Agosto","Samoa Occidental",0,1,-1,1,8,"2017-8",183
2017,"Agosto","Territorio Británico del Océano Índico/Territorios Británicos de Ultramar",0,1,-1,1,8,"2017-8",183
2017,"Agosto","Turkmenistán",0,1,-1,1,8,"2017-8",183
2017,"Agosto","Islas Turcas y Caicos/Territorio Británico de Ultramar",0,7,-7,7,8,"2017-8",129
2017,"Septiembre","Bahréin",0,4,-4,4,9,"2017-9",144
2017,"Septiembre","Brunei Darussalam",0,1,-1,1,9,"2017-9",185
2017,"Septiembre","Colombia",0,8161,-8161,8161,9,"2017-9",13
2017,"Septiembre","Curazao",0,59,-59,59,9,"2017-9",70
2017,"Septiembre","Gibraltar/Territorio Británico de Ultramar",0,2,-2,2,9,"2017-9",163
2017,"Septiembre","Guinea",0,1,-1,1,9,"2017-9",185
2017,"Septiembre","Guinea Ecuatorial",0,4,-4,4,9,"2017-9",144
2017,"Septiembre","Guadalupe/Territorio Francés",0,2,-2,2,9,"2017-9",163
2017,"Septiembre","Guayana Francesa/Departamento de Ultramar Francés",0,2,-2,2,9,"2017-9",163
2017,"Septiembre","Maldivas",0,1,-1,1,9,"2017-9",185
2017,"Septiembre","Islas Marshall",0,1,-1,1,9,"2017-9",185
2017,"Septiembre","Nauru",0,1,-1,1,9,"2017-9",185
2017,"Septiembre","Polinesia Francesa/Colectividad de Ultramar Francesa",0,2,-2,2,9,"2017-9",163
2017,"Septiembre","República CentroÁfricana",0,1,-1,1,9,"2017-9",185
2017,"Septiembre","República Democrática Popular de Corea",0,2,-2,2,9,"2017-9",163
2017,"Septiembre","Sudán",0,1,-1,1,9,"2017-9",185
2017,"Septiembre","República de Tayikistán",0,1,-1,1,9,"2017-9",185
2017,"Septiembre","Turkmenistán",0,15,-15,15,9,"2017-9",98
2017,"Septiembre","Uzbekistán",0,2,-2,2,9,"2017-9",163
2017,"Septiembre","Islas Vírgenes Estadounidenses/Territorio de Estados Unidos",0,2,-2,2,9,"2017-9",163
2017,"Octubre","Aruba",0,6750,-6750,6750,10,"2017-10",16
2017,"Octubre","Colombia",0,14401,-14401,14401,10,"2017-10",11
2017,"Octubre","Curazao",0,43,-43,43,10,"2017-10",75
2017,"Octubre","Gibraltar/Territorio Británico de Ultramar",0,8,-8,8,10,"2017-10",122
2017,"Octubre","Puerto Rico/Territorio de Estados Unidos",0,102,-102,102,10,"2017-10",59
2017,"Noviembre","Benín",0,3,-3,3,11,"2017-11",148
2017,"Noviembre","Chad",0,1,-1,1,11,"2017-11",179
2017,"Noviembre","Colombia",0,2730,-2730,2730,11,"2017-11",25
2017,"Noviembre","República Del Congo",0,1,-1,1,11,"2017-11",179
2017,"Noviembre","Curazao",0,79,-79,79,11,"2017-11",70
2017,"Noviembre","Eritrea",0,2,-2,2,11,"2017-11",162
2017,"Noviembre","Guadalupe/Territorio Francés",0,1,-1,1,11,"2017-11",179
2017,"Noviembre","Kuwait",0,1,-1,1,11,"2017-11",179
2017,"Noviembre","Mauritania",0,1,-1,1,11,"2017-11",179
2017,"Noviembre","Nueva Caledonia/Territorio francés",0,1,-1,1,11,"2017-11",179
2017,"Noviembre","Puerto Rico/Territorio de Estados Unidos",0,499,-499,499,11,"2017-11",45
2017,"Noviembre","República CentroÁfricana",0,1,-1,1,11,"2017-11",179
2017,"Noviembre","República Democrática Popular de Corea",0,2,-2,2,11,"2017-11",162
2017,"Noviembre","Rwanda",0,1,-1,1,11,"2017-11",179
2017,"Noviembre","San Marino",0,5,-5,5,11,"2017-11",134
2017,"Diciembre","Afganistán",0,4,-4,4,12,"2017-12",149
2017,"Diciembre","Aruba",0,9719,-9719,9719,12,"2017-12",14
2017,"Diciembre","Colombia",0,748,-748,748,12,"2017-12",41
2017,"Diciembre","Curazao",0,42,-42,42,12,"2017-12",81
2017,"Diciembre","Eritrea",0,1,-1,1,12,"2017-12",184
2017,"Diciembre","Gibraltar/Territorio Británico de Ultramar",0,3,-3,3,12,"2017-12",158
2017,"Diciembre","Guinea",0,1,-1,1,12,"2017-12",184
2017,"Diciembre","Guinea Ecuatorial",0,2,-2,2,12,"2017-12",164
2017,"Diciembre","Guadalupe/Territorio Francés",0,1,-1,1,12,"2017-12",184
2017,"Diciembre","Guayana Francesa/Departamento de Ultramar Francés",0,4,-4,4,12,"2017-12",149
2017,"Diciembre","Macao",0,1,-1,1,12,"2017-12",184
2017,"Diciembre","Martinica/Departamento de Ultramar Francés",0,4,-4,4,12,"2017-12",149
2017,"Diciembre","Puerto Rico/Territorio de Estados Unidos",0,1280,-1280,1280,12,"2017-12",32
2017,"Diciembre","Reunión",0,1,-1,1,12,"2017-12",184
2017,"Diciembre","República Democrática Popular de Corea",0,1,-1,1,12,"2017-12",184
2017,"Diciembre","Seychelles",0,4,-4,4,12,"2017-12",149
2017,"Diciembre","Sudán",0,1,-1,1,12,"2017-12",184
2017,"Diciembre","Togo",0,4,-4,4,12,"2017-12",149
2018,"Enero","Benín",0,1,-1,1,1,"2018-1",188
2018,"Enero","Botsuana",0,1,-1,1,1,"2018-1",188
2018,"Enero","Brunei Darussalam",0,2,-2,2,1,"2018-1",163
2018,"Enero","Camboya",0,5,-5,5,1,"2018-1",140
2018,"Enero","Antártida",0,1,-1,1,1,"2018-1",188
2018,"Enero","Colombia",0,810,-810,810,1,"2018-1",40
2018,"Enero","República Del Congo",0,1,-1,1,1,"2018-1",188
2018,"Enero","Curazao",0,58,-58,58,1,"2018-1",78
2018,"Enero","Eritrea",0,1,-1,1,1,"2018-1",188
2018,"Enero","Gambia",0,1,-1,1,1,"2018-1",188
2018,"Enero","Gibraltar/Territorio Británico de Ultramar",0,2,-2,2,1,"2018-1",163
2018,"Enero","Guinea",0,1,-1,1,1,"2018-1",188
2018,"Enero","Guinea Ecuatorial",0,9,-9,9,1,"2018-1",125
2018,"Enero","Guadalupe/Territorio Francés",0,8,-8,8,1,"2018-1",128
2018,"Enero","Guayana Francesa/Departamento de Ultramar Francés",0,7,-7,7,1,"2018-1",132
2018,"Enero","Islas Feroe/Región Autónoma de Dinamarca",0,1,-1,1,1,"2018-1",188
2018,"Enero","Macao",0,1,-1,1,1,"2018-1",188
2018,"Enero","Maldivas",0,2,-2,2,1,"2018-1",163
2018,"Enero","Mauritania",0,2,-2,2,1,"2018-1",163
2018,"Enero","Polinesia Francesa/Colectividad de Ultramar Francesa",0,1,-1,1,1,"2018-1",188
2018,"Enero","Qatar",0,33,-33,33,1,"2018-1",90
2018,"Enero","República CentroÁfricana",0,8,-8,8,1,"2018-1",128
2018,"Enero","Reunión",0,1,-1,1,1,"2018-1",188
2018,"Enero","Sahara Occidental/Desierto Sahara",0,1,-1,1,1,"2018-1",188
2018,"Enero","Sierra Leona",0,1,-1,1,1,"2018-1",188
2018,"Enero","Sudán",0,2,-2,2,1,"2018-1",163
2018,"Enero","República de Tayikistán",0,1,-1,1,1,"2018-1",188
2018,"Enero","Turkmenistán",0,2,-2,2,1,"2018-1",163
2018,"Febrero","Afganistán",0,2,-2,2,2,"2018-2",168
2018,"Febrero","Aruba",0,3964,-3964,3964,2,"2018-2",20
2018,"Febrero","Cabo Verde",0,2,-2,2,2,"2018-2",168
2018,"Febrero","Camboya",0,6,-6,6,2,"2018-2",127
2018,"Febrero","Colombia",0,824,-824,824,2,"2018-2",39
2018,"Febrero","República Del Congo",0,1,-1,1,2,"2018-2",181
2018,"Febrero","Curazao",0,71,-71,71,2,"2018-2",73
2018,"Febrero","Guinea",0,3,-3,3,2,"2018-2",151
2018,"Febrero","Guinea Ecuatorial",0,3,-3,3,2,"2018-2",151
2018,"Febrero","Guadalupe/Territorio Francés",0,3,-3,3,2,"2018-2",151
2018,"Febrero","Guayana Francesa/Departamento de Ultramar Francés",0,2,-2,2,2,"2018-2",168
2018,"Febrero","Macao",0,1,-1,1,2,"2018-2",181
2018,"Febrero","Martinica/Departamento de Ultramar Francés",0,1,-1,1,2,"2018-2",181
2018,"Febrero","Omán",0,3,-3,3,2,"2018-2",151
2018,"Febrero","República CentroÁfricana",0,3,-3,3,2,"2018-2",151
2018,"Febrero","Reunión",0,1,-1,1,2,"2018-2",181
2018,"Febrero","República Democrática Popular de Corea",0,1,-1,1,2,"2018-2",181
2018,"Febrero","Somalia",0,1,-1,1,2,"2018-2",181
2018,"Febrero","Turkmenistán",0,4,-4,4,2,"2018-2",139
2018,"Febrero","Vanuatu",0,1,-1,1,2,"2018-2",181
2018,"Marzo","Aruba",0,7750,-7750,7750,3,"2018-3",16
2018,"Marzo","Brunei Darussalam",0,1,-1,1,3,"2018-3",196
2018,"Marzo","Colombia",0,985,-985,985,3,"2018-3",38
2018,"Marzo","República Del Congo",0,2,-2,2,3,"2018-3",174
2018,"Marzo","Curazao",0,494,-494,494,3,"2018-3",48
2018,"Marzo","Gambia",0,1,-1,1,3,"2018-3",196
2018,"Marzo","Gibraltar/Territorio Británico de Ultramar",0,3,-3,3,3,"2018-3",164
2018,"Marzo","Groenlandia",0,1,-1,1,3,"2018-3",196
2018,"Marzo","Guinea Ecuatorial",0,3,-3,3,3,"2018-3",164
2018,"Marzo","Guadalupe/Territorio Francés",0,6,-6,6,3,"2018-3",142
2018,"Marzo","Guayana Francesa/Departamento de Ultramar Francés",0,2,-2,2,3,"2018-3",174
2018,"Marzo","Macao",0,3,-3,3,3,"2018-3",164
2018,"Marzo","Martinica/Departamento de Ultramar Francés",0,1,-1,1,3,"2018-3",196
2018,"Marzo","Mongolia",0,1,-1,1,3,"2018-3",196
2018,"Marzo","Micronesia",0,1,-1,1,3,"2018-3",196
2018,"Marzo","Nauru",0,1,-1,1,3,"2018-3",196
2018,"Marzo","Polinesia Francesa/Colectividad de Ultramar Francesa",0,1,-1,1,3,"2018-3",196
2018,"Marzo","República CentroÁfricana",0,5,-5,5,3,"2018-3",147
2018,"Marzo","Reunión",0,1,-1,1,3,"2018-3",196
2018,"Marzo","Turkmenistán",0,9,-9,9,3,"2018-3",130
2018,"Marzo","Islas Vírgenes Británicas/Territorio Británico de Ultramar",0,3,-3,3,3,"2018-3",164
2018,"Marzo","Islas Turcas y Caicos/Territorio Británico de Ultramar",0,1,-1,1,3,"2018-3",196
2018,"Abril","Angola",0,5,-5,5,4,"2018-4",138
2018,"Abril","Brunei Darussalam",0,1,-1,1,4,"2018-4",179
2018,"Abril","Camboya",0,5,-5,5,4,"2018-4",138
2018,"Abril","Colombia",0,1016,-1016,1016,4,"2018-4",35
2018,"Abril","Eritrea",0,2,-2,2,4,"2018-4",165
2018,"Abril","Gibraltar/Territorio Británico de Ultramar",0,1,-1,1,4,"2018-4",179
2018,"Abril","Groenlandia",0,1,-1,1,4,"2018-4",179
2018,"Abril","Guinea Ecuatorial",0,2,-2,2,4,"2018-4",165
2018,"Abril","Guadalupe/Territorio Francés",0,6,-6,6,4,"2018-4",133
2018,"Abril","República Democrática Popular  Lao",0,1,-1,1,4,"2018-4",179
2018,"Abril","Libia",0,3,-3,3,4,"2018-4",154
2018,"Abril","Nueva Caledonia/Territorio francés",0,1,-1,1,4,"2018-4",179
2018,"Abril","Puerto Rico/Territorio de Estados Unidos",0,1165,-1165,1165,4,"2018-4",33
2018,"Abril","Reunión",0,3,-3,3,4,"2018-4",154
2018,"Abril","Turkmenistán",0,9,-9,9,4,"2018-4",114
2018,"Abril","Islas Vírgenes Estadounidenses/Territorio de Estados Unidos",0,5,-5,5,4,"2018-4",138
2018,"Mayo","Afganistán",0,4,-4,4,5,"2018-5",148
2018,"Mayo","Angola",0,11,-11,11,5,"2018-5",117
2018,"Mayo","Aruba",0,3734,-3734,3734,5,"2018-5",20
2018,"Mayo","Cabo Verde",0,1,-1,1,5,"2018-5",182
2018,"Mayo","Colombia",0,1109,-1109,1109,5,"2018-5",33
2018,"Mayo","Eritrea",0,3,-3,3,5,"2018-5",160
2018,"Mayo","Gambia",0,3,-3,3,5,"2018-5",160
2018,"Mayo","Gibraltar/Territorio Británico de Ultramar",0,2,-2,2,5,"2018-5",170
2018,"Mayo","Groenlandia",0,1,-1,1,5,"2018-5",182
2018,"Mayo","Guinea Ecuatorial",0,4,-4,4,5,"2018-5",148
2018,"Mayo","Guinea Bissau",0,1,-1,1,5,"2018-5",182
2018,"Mayo","Guadalupe/Territorio Francés",0,3,-3,3,5,"2018-5",160
2018,"Mayo","Guayana Francesa/Departamento de Ultramar Francés",0,2,-2,2,5,"2018-5",170
2018,"Mayo","Iraq",0,9,-9,9,5,"2018-5",124
2018,"Mayo","Liberia",0,3,-3,3,5,"2018-5",160
2018,"Mayo","Mauritania",0,1,-1,1,5,"2018-5",182
2018,"Mayo","Martinica/Departamento de Ultramar Francés",0,4,-4,4,5,"2018-5",148
2018,"Mayo","Nueva Caledonia/Territorio francés",0,1,-1,1,5,"2018-5",182
2018,"Mayo","Omán",0,10,-10,10,5,"2018-5",121
2018,"Mayo","Puerto Rico/Territorio de Estados Unidos",0,998,-998,998,5,"2018-5",34
2018,"Mayo","Reunión",0,2,-2,2,5,"2018-5",170
2018,"Mayo","República Democrática Popular de Corea",0,1,-1,1,5,"2018-5",182
2018,"Mayo","Sierra Leona",0,3,-3,3,5,"2018-5",160
2018,"Mayo","Turkmenistán",0,8,-8,8,5,"2018-5",127
2018,"Mayo","Islas Vírgenes Británicas/Territorio Británico de Ultramar",0,16,-16,16,5,"2018-5",104
2018,"Mayo","Islas Vírgenes Estadounidenses/Territorio de Estados Unidos",0,22,-22,22,5,"2018-5",97
2018,"Junio","Angola",0,4,-4,4,6,"2018-6",148
2018,"Junio","Aruba",0,10427,-10427,10427,6,"2018-6",14
2018,"Junio","Chad",0,1,-1,1,6,"2018-6",183
2018,"Junio","Colombia",0,1043,-1043,1043,6,"2018-6",37
2018,"Junio","Curazao",0,1317,-1317,1317,6,"2018-6",30
2018,"Junio","Groenlandia",0,6,-6,6,6,"2018-6",131
2018,"Junio","Guinea",0,1,-1,1,6,"2018-6",183
2018,"Junio","Guadalupe/Territorio Francés",0,6,-6,6,6,"2018-6",131
2018,"Junio","Martinica/Departamento de Ultramar Francés",0,4,-4,4,6,"2018-6",148
2018,"Junio","Nueva Caledonia/Territorio francés",0,1,-1,1,6,"2018-6",183
2018,"Junio","Puerto Rico/Territorio de Estados Unidos",0,1182,-1182,1182,6,"2018-6",35
2018,"Junio","Reunión",0,3,-3,3,6,"2018-6",156
2018,"Junio","Islas Vírgenes Estadounidenses/Territorio de Estados Unidos",0,1,-1,1,6,"2018-6",183
NA,NA,"Total",140182,310775,-170593,450957,NA,"2012-1",NA
NA,NA,"Total",134982,261076,-126094,396058,NA,"2012-10",NA
NA,NA,"Total",137814,260191,-122377,398005,NA,"2012-11",NA
NA,NA,"Total",165496,338021,-172525,503517,NA,"2012-12",NA
NA,NA,"Total",141963,199870,-57907,341833,NA,"2012-2",NA
NA,NA,"Total",140409,246653,-106244,387062,NA,"2012-3",NA
NA,NA,"Total",128041,231579,-103538,359620,NA,"2012-4",NA
NA,NA,"Total",123503,222888,-99385,346391,NA,"2012-5",NA
NA,NA,"Total",135385,306091,-170706,441476,NA,"2012-6",NA
NA,NA,"Total",156415,280721,-124306,437136,NA,"2012-7",NA
NA,NA,"Total",158186,263671,-105485,421857,NA,"2012-8",NA
NA,NA,"Total",135990,247725,-111735,383715,NA,"2012-9",NA
NA,NA,"Total",145272,376472,-231200,521744,NA,"2013-1",NA
NA,NA,"Total",147031,308518,-161487,455549,NA,"2013-10",NA
NA,NA,"Total",156148,305411,-149263,461559,NA,"2013-11",NA
NA,NA,"Total",180020,379545,-199525,559565,NA,"2013-12",NA
NA,NA,"Total",155704,224912,-69208,380616,NA,"2013-2",NA
NA,NA,"Total",141369,298004,-156635,439373,NA,"2013-3",NA
NA,NA,"Total",134576,230670,-96094,365246,NA,"2013-4",NA
NA,NA,"Total",139609,264152,-124543,403761,NA,"2013-5",NA
NA,NA,"Total",147487,347674,-200187,495161,NA,"2013-6",NA
NA,NA,"Total",178486,307628,-129142,486114,NA,"2013-7",NA
NA,NA,"Total",164790,291861,-127071,456651,NA,"2013-8",NA
NA,NA,"Total",141607,269784,-128177,411391,NA,"2013-9",NA
NA,NA,"Total",161909,424108,-262199,586017,NA,"2014-1",NA
NA,NA,"Total",169887,329629,-159742,499516,NA,"2014-10",NA
NA,NA,"Total",176674,310068,-133394,486742,NA,"2014-11",NA
NA,NA,"Total",213464,399320,-185856,612784,NA,"2014-12",NA
NA,NA,"Total",156913,235431,-78518,392344,NA,"2014-2",NA
NA,NA,"Total",161232,258345,-97113,419577,NA,"2014-3",NA
NA,NA,"Total",150388,309085,-158697,459473,NA,"2014-4",NA
NA,NA,"Total",149764,278929,-129165,428693,NA,"2014-5",NA
NA,NA,"Total",158409,384151,-225742,542560,NA,"2014-6",NA
NA,NA,"Total",192717,336759,-144042,529476,NA,"2014-7",NA
NA,NA,"Total",198148,340228,-142080,538376,NA,"2014-8",NA
NA,NA,"Total",162871,304803,-141932,467674,NA,"2014-9",NA
NA,NA,"Total",185843,428139,-242296,613982,NA,"2015-1",NA
NA,NA,"Total",197339,277080,-79741,474419,NA,"2015-10",NA
NA,NA,"Total",204331,273835,-69504,478166,NA,"2015-11",NA
NA,NA,"Total",236161,344052,-107891,580213,NA,"2015-12",NA
NA,NA,"Total",186405,247650,-61245,434055,NA,"2015-2",NA
NA,NA,"Total",193039,324386,-131347,517425,NA,"2015-3",NA
NA,NA,"Total",176230,276144,-99914,452374,NA,"2015-4",NA
NA,NA,"Total",182073,300561,-118488,482634,NA,"2015-5",NA
NA,NA,"Total",185535,418215,-232680,603750,NA,"2015-6",NA
NA,NA,"Total",226667,360889,-134222,587556,NA,"2015-7",NA
NA,NA,"Total",224938,334511,-109573,559449,NA,"2015-8",NA
NA,NA,"Total",188902,276046,-87144,464948,NA,"2015-9",NA
NA,NA,"Total",215327,372388,-157061,587715,NA,"2016-1",NA
NA,NA,"Total",230257,324800,-94543,555057,NA,"2016-10",NA
NA,NA,"Total",237399,308578,-71179,545977,NA,"2016-11",NA
NA,NA,"Total",257603,390705,-133102,648308,NA,"2016-12",NA
NA,NA,"Total",213365,238935,-25570,452300,NA,"2016-2",NA
NA,NA,"Total",219143,299124,-79981,518267,NA,"2016-3",NA
NA,NA,"Total",190442,249388,-58946,439830,NA,"2016-4",NA
NA,NA,"Total",188044,288434,-100390,476478,NA,"2016-5",NA
NA,NA,"Total",206193,358294,-152101,564487,NA,"2016-6",NA
NA,NA,"Total",240713,333284,-92571,573997,NA,"2016-7",NA
NA,NA,"Total",267583,325958,-58375,593541,NA,"2016-8",NA
NA,NA,"Total",233188,304641,-71453,537829,NA,"2016-9",NA
NA,NA,"Total",246025,399762,-153737,645787,NA,"2017-1",NA
NA,NA,"Total",288539,325425,-36886,613964,NA,"2017-10",NA
NA,NA,"Total",320098,310160,9938,630258,NA,"2017-11",NA
NA,NA,"Total",352755,397780,-45025,750535,NA,"2017-12",NA
NA,NA,"Total",249481,252688,-3207,502169,NA,"2017-2",NA
NA,NA,"Total",247276,306290,-59014,553566,NA,"2017-3",NA
NA,NA,"Total",245139,335176,-90037,580315,NA,"2017-4",NA
NA,NA,"Total",239240,313468,-74228,552708,NA,"2017-5",NA
NA,NA,"Total",248094,400643,-152549,648737,NA,"2017-6",NA
NA,NA,"Total",312302,339314,-27012,651616,NA,"2017-7",NA
NA,NA,"Total",319808,334103,-14295,653911,NA,"2017-8",NA
NA,NA,"Total",276059,301788,-25729,577847,NA,"2017-9",NA
NA,NA,"Total",359247,401102,-41855,760349,NA,"2018-1",NA
NA,NA,"Total",369646,264393,105253,634039,NA,"2018-2",NA
NA,NA,"Total",372652,356824,15828,729476,NA,"2018-3",NA
NA,NA,"Total",343504,317781,25723,661285,NA,"2018-4",NA
NA,NA,"Total",322914,342984,-20070,665898,NA,"2018-5",NA
NA,NA,"Total",312928,425693,-112765,738621,NA,"2018-6",NA
